0	0
1	0
2	0
3	0
4	0
5	0
6	0
7	0
8	0
9	0
10	0
11	0
12	0
13	0
14	0
15	0
16	0
17	0
18	0
19	0
20	0
21	0
22	0
23	0
24	0
25	0
26	0
27	0
28	0
29	0
30	0
31	0
32	0
33	0
34	1
35	0
36	0
37	0
38	0
39	0
40	1
41	1
42	1
43	0
44	0
45	1
46	3
47	1
48	6
49	2
50	6
51	5
52	6
53	3
54	3
55	1
56	10
57	6
58	4
59	6
60	4
61	8
62	7
63	9
64	5
65	6
66	3
67	6
68	7
69	4
70	10
71	2
72	7
73	8
74	7
75	6
76	1
77	6
78	7
79	6
80	4
81	3
82	4
83	5
84	4
85	4
86	3
87	2
88	2
89	4
90	3
91	6
92	3
93	3
94	7
95	3
96	3
97	2
98	4
99	4
100	1
101	4
102	3
103	2
104	2
105	1
106	2
107	0
108	2
109	4
110	1
111	3
112	3
113	2
114	0
115	1
116	2
117	2
118	1
119	1
120	2
121	2
122	2
123	1
124	1
125	2
126	1
127	1
128	1
129	1
130	1
131	0
132	2
133	3
134	1
135	0
136	2
137	2
138	2
139	5
140	5
141	0
142	2
143	1
144	1
145	2
146	6
147	0
148	3
149	0
150	2
151	4
152	2
153	3
154	2
155	0
156	2
157	6
158	1
159	1
160	1
161	1
162	2
163	4
164	1
165	0
166	4
167	2
168	0
169	4
170	1
171	2
172	0
173	2
174	4
175	1
176	2
177	1
178	3
179	2
180	2
181	3
182	6
183	1
184	2
185	1
186	1
187	0
188	1
189	3
190	5
191	0
192	4
193	3
194	3
195	2
196	2
197	3
198	0
199	6
200	3
201	1
202	2
203	2
204	2
205	2
206	2
207	1
208	1
209	3
210	0
211	3
212	2
213	2
214	3
215	2
216	1
217	1
218	2
219	1
220	2
221	1
222	5
223	1
224	2
225	4
226	5
227	0
228	4
229	1
230	2
231	4
232	1
233	5
234	7
235	0
236	2
237	2
238	2
239	2
240	0
241	2
242	3
243	2
244	1
245	5
246	3
247	3
248	6
249	1
250	6
251	6
252	6
253	2
254	1
255	2
256	7
257	11
258	7
259	2
260	2
261	3
262	1
263	8
264	4
265	4
266	3
267	12
268	6
269	4
270	7
271	3
272	7
273	8
274	11
275	7
276	8
277	9
278	7
279	13
280	14
281	14
282	8
283	11
284	9
285	11
286	8
287	12
288	15
289	17
290	18
291	8
292	13
293	11
294	19
295	16
296	19
297	21
298	15
299	13
300	20
301	21
302	23
303	15
304	20
305	26
306	27
307	32
308	36
309	26
310	37
311	36
312	26
313	33
314	38
315	38
316	41
317	48
318	36
319	31
320	40
321	51
322	51
323	47
324	56
325	55
326	54
327	51
328	59
329	66
330	63
331	90
332	63
333	82
334	79
335	83
336	83
337	77
338	97
339	85
340	62
341	97
342	97
343	90
344	102
345	120
346	130
347	118
348	126
349	142
350	144
351	148
352	143
353	182
354	183
355	172
356	174
357	179
358	223
359	198
360	201
361	255
362	251
363	227
364	254
365	269
366	272
367	311
368	292
369	328
370	349
371	346
372	388
373	370
374	428
375	454
376	442
377	463
378	509
379	564
380	594
381	630
382	671
383	703
384	700
385	729
386	781
387	880
388	880
389	997
390	954
391	1123
392	1104
393	1180
394	1197
395	1313
396	1454
397	1495
398	1580
399	1773
400	1793
401	1838
402	2062
403	2112
404	2352
405	2445
406	2552
407	2651
408	2783
409	2978
410	3084
411	3302
412	3371
413	3651
414	3752
415	3889
416	4093
417	4189
418	4466
419	4753
420	4838
421	5006
422	5304
423	5555
424	5789
425	5980
426	6182
427	6521
428	6657
429	6863
430	7089
431	7437
432	7474
433	7792
434	8119
435	8290
436	8508
437	8716
438	8955
439	9211
440	9489
441	9622
442	9693
443	9867
444	9999
445	10527
446	10535
447	10654
448	10839
449	11028
450	11066
451	11382
452	11586
453	11641
454	11620
455	11911
456	11806
457	12050
458	11914
459	12109
460	12079
461	12290
462	12159
463	12270
464	12236
465	12138
466	12092
467	12043
468	12082
469	12080
470	11928
471	12006
472	11971
473	11898
474	11513
475	11630
476	11552
477	11382
478	11242
479	10973
480	10836
481	10641
482	10708
483	10426
484	10230
485	10212
486	9966
487	9671
488	9744
489	9517
490	9327
491	9271
492	8837
493	8753
494	8722
495	8478
496	8326
497	8263
498	8016
499	7843
500	7570
501	7607
502	7339
503	7202
504	6986
505	6973
506	6717
507	6671
508	6440
509	6293
510	6367
511	6038
512	5927
513	5867
514	5911
515	5808
516	5592
517	5428
518	5270
519	5290
520	5138
521	5055
522	5020
523	4748
524	4730
525	4713
526	4462
527	4664
528	4340
529	4309
530	4154
531	4061
532	4026
533	3975
534	3753
535	3884
536	3700
537	3534
538	3519
539	3457
540	3346
541	3212
542	3241
543	3254
544	3093
545	3053
546	2982
547	2904
548	2944
549	2773
550	2804
551	2588
552	2675
553	2423
554	2409
555	2357
556	2366
557	2197
558	2135
559	2192
560	2082
561	1970
562	1986
563	1835
564	1915
565	1730
566	1739
567	1655
568	1612
569	1605
570	1567
571	1518
572	1480
573	1379
574	1371
575	1365
576	1287
577	1207
578	1185
579	1166
580	1073
581	1134
582	1053
583	997
584	1033
585	996
586	937
587	904
588	903
589	795
590	828
591	862
592	790
593	745
594	743
595	705
596	687
597	684
598	647
599	621
600	617
601	642
602	604
603	551
604	566
605	546
606	580
607	560
608	504
609	528
610	518
611	511
612	505
613	491
614	517
615	488
616	473
617	475
618	471
619	433
620	449
621	440
622	476
623	458
624	417
625	447
626	468
627	421
628	479
629	494
630	407
631	403
632	438
633	415
634	450
635	421
636	445
637	426
638	418
639	406
640	428
641	409
642	473
643	438
644	431
645	432
646	448
647	440
648	453
649	393
650	464
651	407
652	436
653	440
654	439
655	428
656	413
657	461
658	457
659	456
660	453
661	485
662	488
663	493
664	472
665	505
666	503
667	497
668	478
669	470
670	458
671	473
672	510
673	480
674	471
675	504
676	546
677	504
678	521
679	482
680	488
681	536
682	505
683	529
684	553
685	535
686	523
687	513
688	584
689	579
690	560
691	586
692	553
693	574
694	575
695	533
696	566
697	547
698	601
699	640
700	639
701	593
702	654
703	630
704	627
705	620
706	601
707	616
708	595
709	635
710	626
711	628
712	643
713	632
714	666
715	649
716	725
717	685
718	620
719	703
720	699
721	672
722	638
723	735
724	670
725	744
726	750
727	758
728	769
729	706
730	710
731	717
732	728
733	772
734	727
735	739
736	733
737	708
738	748
739	766
740	812
741	805
742	805
743	771
744	808
745	828
746	772
747	770
748	768
749	804
750	804
751	796
752	807
753	837
754	806
755	823
756	829
757	857
758	852
759	794
760	832
761	849
762	925
763	852
764	785
765	844
766	859
767	855
768	859
769	852
770	862
771	865
772	777
773	863
774	946
775	898
776	897
777	884
778	822
779	882
780	847
781	854
782	919
783	883
784	830
785	887
786	869
787	844
788	934
789	869
790	853
791	914
792	893
793	905
794	877
795	892
796	871
797	912
798	862
799	875
800	841
801	873
802	886
803	888
804	906
805	850
806	906
807	928
808	917
809	837
810	912
811	848
812	819
813	868
814	853
815	906
816	877
817	841
818	898
819	786
820	839
821	828
822	815
823	861
824	859
825	889
826	850
827	843
828	841
829	787
830	892
831	888
832	819
833	839
834	849
835	865
836	792
837	831
838	818
839	837
840	858
841	829
842	851
843	844
844	837
845	794
846	837
847	796
848	836
849	867
850	858
851	838
852	800
853	785
854	718
855	813
856	820
857	805
858	833
859	798
860	821
861	846
862	808
863	823
864	834
865	756
866	808
867	835
868	808
869	835
870	825
871	822
872	821
873	842
874	856
875	848
876	865
877	855
878	902
879	849
880	859
881	867
882	830
883	841
884	846
885	834
886	895
887	897
888	857
889	936
890	947
891	890
892	911
893	936
894	910
895	940
896	953
897	988
898	942
899	972
900	970
901	935
902	997
903	1013
904	1034
905	960
906	994
907	1032
908	1020
909	1028
910	1084
911	1031
912	1075
913	1048
914	1032
915	1065
916	1074
917	1143
918	1154
919	1133
920	1070
921	1133
922	1122
923	1134
924	1158
925	1243
926	1154
927	1261
928	1206
929	1171
930	1242
931	1212
932	1190
933	1217
934	1266
935	1321
936	1305
937	1227
938	1288
939	1273
940	1347
941	1301
942	1319
943	1343
944	1309
945	1354
946	1307
947	1330
948	1338
949	1381
950	1367
951	1344
952	1386
953	1383
954	1438
955	1332
956	1362
957	1414
958	1367
959	1411
960	1403
961	1418
962	1418
963	1369
964	1342
965	1378
966	1450
967	1418
968	1427
969	1423
970	1308
971	1391
972	1403
973	1368
974	1347
975	1435
976	1409
977	1406
978	1395
979	1362
980	1316
981	1387
982	1306
983	1289
984	1322
985	1284
986	1326
987	1275
988	1273
989	1318
990	1293
991	1285
992	1232
993	1198
994	1255
995	1291
996	1233
997	1184
998	1296
999	1235
1000	1225
1001	1137
1002	1161
1003	1184
1004	1209
1005	1167
1006	1220
1007	1197
1008	1224
1009	1133
1010	1106
1011	1135
1012	1201
1013	1184
1014	1122
1015	1149
1016	1145
1017	1164
1018	1131
1019	1080
1020	1121
1021	1058
1022	1052
1023	1055
1024	1117
1025	1007
1026	1043
1027	1032
1028	1042
1029	997
1030	993
1031	1004
1032	1035
1033	1006
1034	1002
1035	1011
1036	977
1037	971
1038	966
1039	962
1040	924
1041	963
1042	1001
1043	967
1044	1032
1045	926
1046	965
1047	944
1048	911
1049	948
1050	891
1051	916
1052	909
1053	944
1054	977
1055	881
1056	849
1057	949
1058	941
1059	897
1060	879
1061	899
1062	927
1063	856
1064	924
1065	901
1066	855
1067	937
1068	903
1069	947
1070	933
1071	873
1072	896
1073	938
1074	866
1075	891
1076	967
1077	923
1078	919
1079	902
1080	876
1081	928
1082	993
1083	1002
1084	965
1085	979
1086	915
1087	961
1088	1003
1089	1036
1090	965
1091	982
1092	1010
1093	1088
1094	1018
1095	997
1096	1025
1097	1075
1098	1054
1099	1065
1100	1024
1101	1037
1102	1128
1103	1124
1104	1151
1105	1108
1106	1100
1107	1203
1108	1177
1109	1194
1110	1169
1111	1188
1112	1256
1113	1264
1114	1269
1115	1262
1116	1234
1117	1286
1118	1350
1119	1347
1120	1417
1121	1421
1122	1355
1123	1409
1124	1467
1125	1402
1126	1416
1127	1525
1128	1482
1129	1488
1130	1525
1131	1678
1132	1569
1133	1714
1134	1622
1135	1651
1136	1741
1137	1737
1138	1837
1139	1784
1140	1792
1141	1841
1142	1880
1143	1931
1144	2004
1145	2011
1146	1987
1147	1986
1148	2034
1149	2103
1150	2185
1151	2215
1152	2247
1153	2229
1154	2241
1155	2350
1156	2328
1157	2427
1158	2449
1159	2482
1160	2512
1161	2633
1162	2597
1163	2574
1164	2720
1165	2724
1166	2722
1167	2804
1168	2841
1169	2873
1170	3047
1171	3008
1172	3062
1173	3075
1174	2997
1175	3164
1176	3173
1177	3155
1178	3313
1179	3220
1180	3470
1181	3490
1182	3528
1183	3526
1184	3508
1185	3603
1186	3518
1187	3598
1188	3664
1189	3612
1190	3761
1191	3857
1192	3854
1193	4048
1194	3909
1195	3928
1196	4046
1197	4245
1198	4203
1199	4236
1200	4114
1201	4229
1202	4389
1203	4354
1204	4420
1205	4418
1206	4550
1207	4432
1208	4588
1209	4635
1210	4594
1211	4606
1212	4709
1213	4652
1214	4598
1215	4819
1216	4734
1217	4835
1218	4993
1219	4860
1220	4855
1221	4928
1222	4965
1223	5054
1224	4889
1225	4809
1226	4900
1227	4844
1228	4917
1229	4994
1230	5036
1231	5041
1232	4995
1233	4942
1234	4968
1235	5075
1236	5143
1237	5020
1238	5023
1239	4972
1240	5051
1241	4950
1242	5078
1243	4961
1244	4984
1245	4926
1246	4924
1247	5009
1248	4869
1249	4831
1250	4759
1251	4755
1252	4681
1253	4667
1254	4743
1255	4660
1256	4748
1257	4599
1258	4666
1259	4583
1260	4510
1261	4434
1262	4470
1263	4432
1264	4269
1265	4311
1266	4210
1267	4220
1268	4218
1269	4244
1270	4165
1271	4044
1272	4115
1273	3959
1274	4031
1275	3965
1276	3844
1277	3701
1278	3724
1279	3620
1280	3675
1281	3723
1282	3524
1283	3480
1284	3479
1285	3458
1286	3405
1287	3162
1288	3337
1289	3249
1290	3199
1291	3079
1292	2999
1293	2958
1294	3098
1295	2904
1296	2757
1297	2833
1298	2697
1299	2789
1300	2703
1301	2575
1302	2538
1303	2507
1304	2580
1305	2477
1306	2427
1307	2371
1308	2330
1309	2211
1310	2187
1311	2097
1312	2157
1313	2088
1314	2119
1315	2026
1316	1960
1317	1867
1318	1856
1319	1753
1320	1758
1321	1747
1322	1719
1323	1747
1324	1585
1325	1613
1326	1562
1327	1537
1328	1498
1329	1511
1330	1463
1331	1413
1332	1363
1333	1382
1334	1317
1335	1269
1336	1222
1337	1209
1338	1197
1339	1235
1340	1121
1341	1160
1342	1109
1343	1073
1344	1121
1345	1041
1346	1053
1347	942
1348	949
1349	994
1350	882
1351	888
1352	815
1353	894
1354	838
1355	876
1356	818
1357	833
1358	784
1359	789
1360	792
1361	744
1362	711
1363	720
1364	677
1365	684
1366	701
1367	625
1368	681
1369	672
1370	616
1371	678
1372	620
1373	620
1374	552
1375	563
1376	582
1377	556
1378	568
1379	567
1380	552
1381	595
1382	502
1383	542
1384	521
1385	527
1386	474
1387	484
1388	506
1389	464
1390	482
1391	450
1392	474
1393	479
1394	484
1395	419
1396	449
1397	452
1398	456
1399	447
1400	430
1401	432
1402	415
1403	427
1404	395
1405	403
1406	404
1407	430
1408	399
1409	427
1410	420
1411	407
1412	405
1413	387
1414	422
1415	349
1416	374
1417	375
1418	416
1419	388
1420	392
1421	387
1422	361
1423	387
1424	360
1425	352
1426	393
1427	387
1428	390
1429	391
1430	391
1431	376
1432	382
1433	373
1434	399
1435	353
1436	375
1437	355
1438	349
1439	372
1440	388
1441	357
1442	372
1443	405
1444	370
1445	352
1446	361
1447	379
1448	364
1449	383
1450	386
1451	337
1452	373
1453	380
1454	360
1455	386
1456	338
1457	364
1458	351
1459	337
1460	349
1461	415
1462	364
1463	363
1464	360
1465	398
1466	374
1467	361
1468	377
1469	346
1470	346
1471	371
1472	370
1473	350
1474	344
1475	338
1476	375
1477	350
1478	352
1479	368
1480	348
1481	405
1482	414
1483	386
1484	374
1485	345
1486	354
1487	381
1488	365
1489	355
1490	382
1491	392
1492	374
1493	399
1494	387
1495	364
1496	357
1497	338
1498	401
1499	390
1500	366
1501	371
1502	393
1503	374
1504	342
1505	348
1506	353
1507	345
1508	376
1509	371
1510	362
1511	369
1512	384
1513	374
1514	370
1515	352
1516	357
1517	346
1518	339
1519	363
1520	342
1521	402
1522	392
1523	379
1524	374
1525	354
1526	355
1527	369
1528	373
1529	398
1530	340
1531	381
1532	394
1533	364
1534	369
1535	391
1536	379
1537	372
1538	339
1539	392
1540	403
1541	378
1542	361
1543	378
1544	369
1545	399
1546	366
1547	393
1548	381
1549	361
1550	355
1551	342
1552	383
1553	404
1554	346
1555	405
1556	379
1557	426
1558	375
1559	399
1560	336
1561	353
1562	388
1563	369
1564	394
1565	356
1566	409
1567	379
1568	359
1569	405
1570	395
1571	387
1572	400
1573	364
1574	388
1575	391
1576	394
1577	410
1578	421
1579	398
1580	407
1581	384
1582	382
1583	404
1584	403
1585	393
1586	434
1587	447
1588	427
1589	400
1590	396
1591	419
1592	441
1593	422
1594	416
1595	377
1596	415
1597	400
1598	406
1599	440
1600	399
1601	414
1602	416
1603	430
1604	437
1605	389
1606	434
1607	445
1608	432
1609	462
1610	440
1611	435
1612	456
1613	412
1614	430
1615	447
1616	454
1617	509
1618	491
1619	474
1620	468
1621	478
1622	440
1623	459
1624	483
1625	486
1626	473
1627	467
1628	498
1629	468
1630	491
1631	473
1632	483
1633	496
1634	518
1635	538
1636	512
1637	541
1638	519
1639	490
1640	531
1641	508
1642	539
1643	529
1644	545
1645	560
1646	508
1647	577
1648	546
1649	559
1650	538
1651	511
1652	520
1653	537
1654	553
1655	541
1656	561
1657	609
1658	565
1659	535
1660	604
1661	615
1662	547
1663	594
1664	595
1665	610
1666	616
1667	571
1668	603
1669	579
1670	618
1671	618
1672	663
1673	636
1674	634
1675	664
1676	691
1677	662
1678	598
1679	652
1680	622
1681	702
1682	718
1683	675
1684	674
1685	672
1686	726
1687	720
1688	708
1689	682
1690	737
1691	642
1692	729
1693	676
1694	718
1695	747
1696	715
1697	685
1698	736
1699	750
1700	725
1701	726
1702	740
1703	737
1704	703
1705	685
1706	697
1707	782
1708	690
1709	743
1710	764
1711	778
1712	744
1713	735
1714	753
1715	777
1716	757
1717	736
1718	749
1719	746
1720	708
1721	783
1722	785
1723	775
1724	777
1725	772
1726	741
1727	760
1728	813
1729	760
1730	772
1731	784
1732	799
1733	723
1734	780
1735	785
1736	758
1737	798
1738	791
1739	790
1740	795
1741	778
1742	788
1743	760
1744	775
1745	784
1746	765
1747	786
1748	756
1749	758
1750	801
1751	731
1752	747
1753	746
1754	772
1755	808
1756	759
1757	791
1758	701
1759	763
1760	779
1761	729
1762	723
1763	815
1764	743
1765	757
1766	734
1767	804
1768	692
1769	700
1770	731
1771	753
1772	715
1773	649
1774	701
1775	686
1776	720
1777	716
1778	750
1779	703
1780	676
1781	676
1782	645
1783	685
1784	695
1785	656
1786	664
1787	661
1788	653
1789	684
1790	673
1791	709
1792	704
1793	663
1794	638
1795	615
1796	670
1797	629
1798	579
1799	657
1800	587
1801	609
1802	588
1803	607
1804	587
1805	579
1806	583
1807	586
1808	610
1809	554
1810	557
1811	553
1812	595
1813	559
1814	566
1815	527
1816	586
1817	532
1818	547
1819	549
1820	529
1821	537
1822	510
1823	518
1824	486
1825	515
1826	496
1827	496
1828	473
1829	472
1830	505
1831	488
1832	490
1833	504
1834	526
1835	513
1836	438
1837	472
1838	468
1839	457
1840	457
1841	445
1842	434
1843	431
1844	446
1845	456
1846	431
1847	419
1848	456
1849	465
1850	426
1851	380
1852	394
1853	430
1854	438
1855	432
1856	393
1857	380
1858	408
1859	387
1860	386
1861	342
1862	376
1863	382
1864	388
1865	376
1866	376
1867	396
1868	344
1869	350
1870	369
1871	344
1872	332
1873	354
1874	380
1875	370
1876	371
1877	339
1878	395
1879	349
1880	321
1881	360
1882	373
1883	351
1884	345
1885	328
1886	331
1887	338
1888	323
1889	363
1890	333
1891	317
1892	317
1893	337
1894	307
1895	354
1896	350
1897	338
1898	282
1899	310
1900	336
1901	311
1902	334
1903	359
1904	311
1905	320
1906	299
1907	320
1908	315
1909	322
1910	309
1911	362
1912	337
1913	304
1914	282
1915	332
1916	303
1917	311
1918	283
1919	324
1920	313
1921	319
1922	326
1923	323
1924	291
1925	317
1926	312
1927	308
1928	292
1929	328
1930	313
1931	314
1932	307
1933	294
1934	296
1935	310
1936	292
1937	283
1938	305
1939	310
1940	278
1941	288
1942	304
1943	302
1944	255
1945	329
1946	301
1947	303
1948	287
1949	288
1950	305
1951	295
1952	300
1953	303
1954	288
1955	301
1956	275
1957	302
1958	289
1959	309
1960	329
1961	293
1962	314
1963	299
1964	286
1965	296
1966	274
1967	329
1968	292
1969	328
1970	302
1971	301
1972	292
1973	327
1974	304
1975	305
1976	318
1977	308
1978	314
1979	289
1980	306
1981	325
1982	314
1983	307
1984	284
1985	271
1986	328
1987	308
1988	283
1989	307
1990	313
1991	279
1992	305
1993	347
1994	307
1995	274
1996	307
1997	330
1998	303
1999	350
2000	307
2001	324
2002	317
2003	322
2004	306
2005	328
2006	352
2007	317
2008	320
2009	347
2010	321
2011	312
2012	317
2013	294
2014	319
2015	316
2016	323
2017	311
2018	282
2019	303
2020	351
2021	285
2022	340
2023	330
2024	370
2025	352
2026	347
2027	333
2028	327
2029	313
2030	325
2031	369
2032	303
2033	310
2034	338
2035	337
2036	317
2037	350
2038	306
2039	334
2040	344
2041	355
2042	328
2043	350
2044	327
2045	343
2046	360
2047	327
2048	330
2049	310
2050	342
2051	352
2052	346
2053	331
2054	381
2055	363
2056	360
2057	345
2058	308
2059	353
2060	340
2061	339
2062	337
2063	344
2064	353
2065	312
2066	319
2067	362
2068	375
2069	329
2070	384
2071	359
2072	324
2073	373
2074	356
2075	304
2076	329
2077	363
2078	316
2079	381
2080	341
2081	343
2082	327
2083	359
2084	338
2085	351
2086	351
2087	353
2088	338
2089	373
2090	353
2091	357
2092	353
2093	348
2094	381
2095	418
2096	349
2097	325
2098	363
2099	382
2100	337
2101	389
2102	371
2103	364
2104	371
2105	347
2106	363
2107	360
2108	360
2109	365
2110	359
2111	357
2112	357
2113	382
2114	375
2115	394
2116	354
2117	361
2118	361
2119	374
2120	345
2121	381
2122	404
2123	378
2124	363
2125	367
2126	380
2127	390
2128	369
2129	396
2130	372
2131	360
2132	380
2133	365
2134	341
2135	400
2136	410
2137	338
2138	425
2139	385
2140	379
2141	402
2142	394
2143	368
2144	370
2145	359
2146	351
2147	406
2148	401
2149	409
2150	388
2151	404
2152	377
2153	373
2154	395
2155	377
2156	376
2157	398
2158	368
2159	384
2160	395
2161	415
2162	381
2163	426
2164	393
2165	366
2166	394
2167	396
2168	392
2169	389
2170	407
2171	396
2172	402
2173	389
2174	382
2175	397
2176	398
2177	413
2178	381
2179	406
2180	384
2181	405
2182	383
2183	397
2184	386
2185	383
2186	392
2187	374
2188	382
2189	411
2190	393
2191	407
2192	385
2193	394
2194	424
2195	403
2196	409
2197	404
2198	388
2199	439
2200	396
2201	399
2202	399
2203	406
2204	414
2205	417
2206	399
2207	402
2208	420
2209	428
2210	394
2211	397
2212	408
2213	415
2214	403
2215	419
2216	393
2217	394
2218	376
2219	431
2220	424
2221	409
2222	442
2223	401
2224	397
2225	421
2226	418
2227	402
2228	438
2229	422
2230	434
2231	411
2232	417
2233	405
2234	442
2235	410
2236	402
2237	419
2238	422
2239	437
2240	403
2241	427
2242	402
2243	419
2244	434
2245	395
2246	426
2247	445
2248	409
2249	379
2250	425
2251	463
2252	450
2253	428
2254	397
2255	439
2256	451
2257	443
2258	442
2259	449
2260	430
2261	389
2262	415
2263	416
2264	444
2265	401
2266	439
2267	411
2268	419
2269	442
2270	424
2271	430
2272	439
2273	424
2274	432
2275	423
2276	445
2277	446
2278	440
2279	457
2280	399
2281	439
2282	419
2283	465
2284	412
2285	402
2286	435
2287	396
2288	440
2289	434
2290	422
2291	402
2292	417
2293	428
2294	439
2295	430
2296	430
2297	421
2298	465
2299	441
2300	425
2301	430
2302	427
2303	436
2304	442
2305	416
2306	440
2307	449
2308	450
2309	424
2310	400
2311	412
2312	433
2313	403
2314	431
2315	439
2316	403
2317	394
2318	422
2319	423
2320	421
2321	468
2322	430
2323	440
2324	415
2325	460
2326	444
2327	404
2328	424
2329	370
2330	397
2331	436
2332	422
2333	403
2334	438
2335	373
2336	416
2337	430
2338	434
2339	442
2340	394
2341	433
2342	418
2343	419
2344	368
2345	403
2346	399
2347	450
2348	413
2349	416
2350	420
2351	430
2352	417
2353	423
2354	428
2355	408
2356	418
2357	415
2358	396
2359	374
2360	372
2361	464
2362	400
2363	444
2364	377
2365	401
2366	404
2367	401
2368	417
2369	420
2370	437
2371	387
2372	454
2373	439
2374	402
2375	428
2376	405
2377	432
2378	394
2379	361
2380	371
2381	383
2382	382
2383	377
2384	395
2385	401
2386	403
2387	395
2388	376
2389	407
2390	384
2391	411
2392	386
2393	350
2394	381
2395	399
2396	371
2397	419
2398	383
2399	376
2400	387
2401	391
2402	389
2403	417
2404	390
2405	378
2406	389
2407	339
2408	385
2409	440
2410	385
2411	377
2412	401
2413	368
2414	372
2415	368
2416	402
2417	414
2418	415
2419	402
2420	370
2421	355
2422	370
2423	361
2424	364
2425	360
2426	357
2427	374
2428	383
2429	356
2430	395
2431	365
2432	373
2433	343
2434	365
2435	376
2436	402
2437	354
2438	363
2439	374
2440	383
2441	381
2442	366
2443	406
2444	347
2445	372
2446	332
2447	347
2448	355
2449	381
2450	364
2451	377
2452	322
2453	371
2454	340
2455	324
2456	394
2457	323
2458	366
2459	345
2460	353
2461	366
2462	375
2463	339
2464	397
2465	333
2466	322
2467	365
2468	340
2469	376
2470	358
2471	354
2472	345
2473	333
2474	375
2475	361
2476	349
2477	351
2478	353
2479	357
2480	347
2481	361
2482	359
2483	323
2484	355
2485	352
2486	367
2487	326
2488	333
2489	398
2490	345
2491	374
2492	357
2493	325
2494	351
2495	331
2496	351
2497	332
2498	372
2499	311
2500	365
2501	342
2502	379
2503	320
2504	353
2505	368
2506	358
2507	353
2508	358
2509	324
2510	329
2511	336
2512	339
2513	373
2514	323
2515	318
2516	307
2517	311
2518	361
2519	355
2520	320
2521	333
2522	334
2523	327
2524	307
2525	338
2526	354
2527	339
2528	330
2529	311
2530	305
2531	325
2532	337
2533	321
2534	327
2535	313
2536	310
2537	324
2538	324
2539	310
2540	306
2541	302
2542	361
2543	333
2544	316
2545	323
2546	328
2547	327
2548	323
2549	298
2550	304
2551	311
2552	287
2553	299
2554	301
2555	328
2556	333
2557	319
2558	336
2559	330
2560	322
2561	312
2562	303
2563	320
2564	307
2565	328
2566	318
2567	276
2568	293
2569	298
2570	318
2571	328
2572	321
2573	296
2574	295
2575	275
2576	316
2577	334
2578	286
2579	312
2580	287
2581	299
2582	285
2583	315
2584	292
2585	280
2586	313
2587	293
2588	338
2589	294
2590	315
2591	315
2592	286
2593	295
2594	284
2595	309
2596	308
2597	305
2598	309
2599	291
2600	331
2601	327
2602	292
2603	276
2604	271
2605	314
2606	300
2607	288
2608	304
2609	305
2610	336
2611	302
2612	335
2613	258
2614	291
2615	328
2616	299
2617	290
2618	299
2619	301
2620	264
2621	317
2622	291
2623	279
2624	301
2625	298
2626	327
2627	297
2628	284
2629	273
2630	291
2631	286
2632	286
2633	299
2634	301
2635	264
2636	282
2637	297
2638	311
2639	289
2640	307
2641	252
2642	318
2643	308
2644	286
2645	298
2646	267
2647	246
2648	257
2649	308
2650	300
2651	281
2652	300
2653	258
2654	278
2655	302
2656	287
2657	287
2658	273
2659	291
2660	282
2661	289
2662	271
2663	300
2664	288
2665	309
2666	291
2667	295
2668	268
2669	285
2670	257
2671	282
2672	337
2673	296
2674	255
2675	295
2676	271
2677	293
2678	287
2679	291
2680	285
2681	272
2682	278
2683	269
2684	294
2685	278
2686	290
2687	286
2688	272
2689	267
2690	264
2691	317
2692	269
2693	274
2694	310
2695	274
2696	282
2697	322
2698	275
2699	255
2700	293
2701	300
2702	274
2703	290
2704	273
2705	304
2706	307
2707	278
2708	288
2709	288
2710	280
2711	304
2712	300
2713	279
2714	269
2715	259
2716	251
2717	275
2718	277
2719	256
2720	252
2721	263
2722	279
2723	275
2724	299
2725	265
2726	261
2727	267
2728	282
2729	271
2730	253
2731	285
2732	309
2733	265
2734	266
2735	279
2736	259
2737	255
2738	261
2739	278
2740	272
2741	253
2742	260
2743	254
2744	268
2745	258
2746	259
2747	301
2748	250
2749	237
2750	268
2751	266
2752	239
2753	284
2754	297
2755	244
2756	267
2757	266
2758	286
2759	255
2760	271
2761	260
2762	265
2763	259
2764	257
2765	279
2766	271
2767	239
2768	256
2769	248
2770	255
2771	263
2772	266
2773	245
2774	251
2775	252
2776	269
2777	288
2778	293
2779	294
2780	277
2781	261
2782	274
2783	258
2784	276
2785	257
2786	289
2787	265
2788	241
2789	268
2790	291
2791	248
2792	298
2793	254
2794	275
2795	259
2796	275
2797	261
2798	255
2799	250
2800	302
2801	275
2802	281
2803	273
2804	261
2805	272
2806	264
2807	259
2808	241
2809	256
2810	257
2811	266
2812	259
2813	231
2814	263
2815	257
2816	257
2817	262
2818	268
2819	228
2820	240
2821	260
2822	263
2823	254
2824	237
2825	263
2826	239
2827	264
2828	252
2829	269
2830	240
2831	255
2832	250
2833	218
2834	257
2835	244
2836	245
2837	267
2838	211
2839	234
2840	261
2841	245
2842	226
2843	223
2844	193
2845	255
2846	250
2847	219
2848	229
2849	264
2850	227
2851	240
2852	230
2853	241
2854	248
2855	240
2856	238
2857	242
2858	234
2859	254
2860	236
2861	263
2862	220
2863	227
2864	259
2865	267
2866	245
2867	231
2868	241
2869	199
2870	226
2871	225
2872	225
2873	219
2874	231
2875	222
2876	248
2877	243
2878	256
2879	230
2880	241
2881	223
2882	230
2883	219
2884	224
2885	231
2886	202
2887	251
2888	231
2889	224
2890	232
2891	224
2892	213
2893	241
2894	241
2895	243
2896	221
2897	227
2898	213
2899	225
2900	215
2901	238
2902	246
2903	206
2904	222
2905	222
2906	226
2907	214
2908	229
2909	222
2910	215
2911	219
2912	245
2913	225
2914	205
2915	221
2916	206
2917	214
2918	226
2919	216
2920	194
2921	219
2922	220
2923	252
2924	221
2925	235
2926	212
2927	203
2928	190
2929	219
2930	216
2931	218
2932	215
2933	216
2934	222
2935	224
2936	229
2937	205
2938	198
2939	205
2940	193
2941	185
2942	207
2943	230
2944	199
2945	209
2946	203
2947	210
2948	214
2949	242
2950	209
2951	208
2952	205
2953	215
2954	211
2955	168
2956	204
2957	242
2958	199
2959	221
2960	206
2961	224
2962	197
2963	192
2964	206
2965	226
2966	206
2967	199
2968	197
2969	199
2970	230
2971	195
2972	205
2973	196
2974	188
2975	229
2976	195
2977	188
2978	214
2979	193
2980	189
2981	213
2982	207
2983	173
2984	192
2985	194
2986	197
2987	174
2988	201
2989	194
2990	198
2991	168
2992	218
2993	219
2994	184
2995	193
2996	219
2997	203
2998	199
2999	200
3000	227
3001	181
3002	214
3003	189
3004	199
3005	194
3006	183
3007	224
3008	165
3009	197
3010	172
3011	186
3012	181
3013	189
3014	194
3015	190
3016	186
3017	186
3018	168
3019	195
3020	198
3021	194
3022	183
3023	173
3024	186
3025	184
3026	187
3027	175
3028	198
3029	205
3030	192
3031	195
3032	181
3033	177
3034	186
3035	175
3036	192
3037	189
3038	198
3039	192
3040	170
3041	171
3042	188
3043	193
3044	164
3045	176
3046	186
3047	178
3048	164
3049	188
3050	193
3051	194
3052	212
3053	168
3054	176
3055	168
3056	200
3057	189
3058	175
3059	192
3060	178
3061	189
3062	169
3063	175
3064	182
3065	186
3066	182
3067	219
3068	191
3069	174
3070	195
3071	169
3072	171
3073	185
3074	163
3075	166
3076	168
3077	171
3078	171
3079	149
3080	176
3081	157
3082	172
3083	188
3084	180
3085	171
3086	180
3087	165
3088	163
3089	145
3090	186
3091	177
3092	157
3093	184
3094	167
3095	186
3096	201
3097	161
3098	153
3099	176
3100	173
3101	175
3102	174
3103	180
3104	187
3105	158
3106	181
3107	164
3108	158
3109	184
3110	180
3111	176
3112	158
3113	162
3114	174
3115	177
3116	175
3117	157
3118	166
3119	170
3120	190
3121	143
3122	178
3123	193
3124	187
3125	172
3126	170
3127	184
3128	195
3129	185
3130	170
3131	167
3132	185
3133	164
3134	186
3135	170
3136	168
3137	164
3138	158
3139	192
3140	182
3141	169
3142	185
3143	177
3144	173
3145	160
3146	157
3147	149
3148	179
3149	158
3150	143
3151	141
3152	146
3153	175
3154	158
3155	167
3156	151
3157	177
3158	174
3159	192
3160	185
3161	148
3162	151
3163	156
3164	181
3165	160
3166	172
3167	169
3168	158
3169	142
3170	152
3171	180
3172	156
3173	153
3174	158
3175	164
3176	179
3177	178
3178	161
3179	190
3180	159
3181	164
3182	170
3183	137
3184	134
3185	149
3186	153
3187	165
3188	152
3189	174
3190	178
3191	177
3192	163
3193	145
3194	174
3195	164
3196	182
3197	170
3198	177
3199	169
3200	149
3201	160
3202	152
3203	161
3204	165
3205	174
3206	157
3207	165
3208	154
3209	161
3210	185
3211	152
3212	159
3213	148
3214	157
3215	165
3216	186
3217	163
3218	164
3219	145
3220	162
3221	159
3222	147
3223	152
3224	162
3225	172
3226	138
3227	155
3228	158
3229	159
3230	186
3231	151
3232	157
3233	167
3234	165
3235	139
3236	160
3237	160
3238	176
3239	136
3240	175
3241	127
3242	134
3243	148
3244	162
3245	148
3246	149
3247	130
3248	163
3249	147
3250	155
3251	141
3252	160
3253	166
3254	160
3255	129
3256	158
3257	146
3258	151
3259	167
3260	157
3261	169
3262	166
3263	147
3264	169
3265	145
3266	146
3267	168
3268	157
3269	162
3270	187
3271	151
3272	146
3273	140
3274	146
3275	179
3276	162
3277	143
3278	140
3279	146
3280	160
3281	141
3282	167
3283	142
3284	178
3285	156
3286	137
3287	126
3288	176
3289	166
3290	152
3291	142
3292	143
3293	140
3294	136
3295	164
3296	135
3297	141
3298	145
3299	138
3300	158
3301	156
3302	142
3303	154
3304	149
3305	132
3306	149
3307	151
3308	151
3309	138
3310	135
3311	148
3312	134
3313	157
3314	131
3315	167
3316	162
3317	141
3318	125
3319	137
3320	156
3321	140
3322	142
3323	147
3324	172
3325	142
3326	140
3327	136
3328	136
3329	142
3330	128
3331	137
3332	135
3333	132
3334	139
3335	128
3336	143
3337	147
3338	135
3339	132
3340	138
3341	132
3342	127
3343	126
3344	140
3345	147
3346	137
3347	139
3348	129
3349	148
3350	144
3351	134
3352	154
3353	141
3354	122
3355	131
3356	131
3357	155
3358	126
3359	135
3360	135
3361	124
3362	123
3363	140
3364	135
3365	160
3366	128
3367	129
3368	149
3369	131
3370	120
3371	148
3372	138
3373	119
3374	155
3375	132
3376	126
3377	144
3378	123
3379	134
3380	120
3381	148
3382	138
3383	138
3384	125
3385	116
3386	118
3387	129
3388	116
3389	115
3390	111
3391	108
3392	138
3393	128
3394	139
3395	124
3396	146
3397	136
3398	129
3399	126
3400	132
3401	136
3402	119
3403	123
3404	121
3405	124
3406	114
3407	127
3408	139
3409	136
3410	131
3411	114
3412	142
3413	124
3414	121
3415	130
3416	113
3417	139
3418	107
3419	130
3420	125
3421	124
3422	127
3423	135
3424	131
3425	137
3426	126
3427	132
3428	117
3429	134
3430	124
3431	102
3432	115
3433	111
3434	117
3435	112
3436	125
3437	122
3438	110
3439	113
3440	123
3441	96
3442	122
3443	103
3444	116
3445	120
3446	132
3447	123
3448	113
3449	112
3450	126
3451	130
3452	133
3453	119
3454	117
3455	131
3456	112
3457	117
3458	108
3459	139
3460	103
3461	122
3462	133
3463	126
3464	107
3465	120
3466	113
3467	106
3468	122
3469	123
3470	120
3471	103
3472	113
3473	107
3474	125
3475	96
3476	101
3477	118
3478	122
3479	129
3480	124
3481	111
3482	124
3483	112
3484	121
3485	111
3486	118
3487	129
3488	121
3489	119
3490	129
3491	129
3492	130
3493	111
3494	124
3495	104
3496	108
3497	111
3498	107
3499	123
3500	113
3501	117
3502	113
3503	104
3504	109
3505	102
3506	129
3507	101
3508	111
3509	100
3510	118
3511	115
3512	122
3513	118
3514	94
3515	125
3516	93
3517	134
3518	112
3519	123
3520	119
3521	113
3522	99
3523	105
3524	94
3525	125
3526	117
3527	108
3528	105
3529	111
3530	131
3531	122
3532	115
3533	97
3534	104
3535	115
3536	112
3537	110
3538	115
3539	125
3540	105
3541	110
3542	94
3543	107
3544	119
3545	120
3546	122
3547	99
3548	117
3549	110
3550	91
3551	103
3552	121
3553	99
3554	115
3555	130
3556	101
3557	109
3558	129
3559	94
3560	130
3561	117
3562	109
3563	125
3564	106
3565	110
3566	134
3567	119
3568	121
3569	105
3570	98
3571	111
3572	117
3573	115
3574	89
3575	130
3576	137
3577	112
3578	100
3579	96
3580	95
3581	95
3582	101
3583	110
3584	119
3585	109
3586	113
3587	115
3588	111
3589	134
3590	108
3591	105
3592	100
3593	102
3594	109
3595	107
3596	126
3597	100
3598	107
3599	114
3600	116
3601	115
3602	121
3603	95
3604	109
3605	103
3606	112
3607	113
3608	114
3609	124
3610	112
3611	109
3612	127
3613	141
3614	128
3615	88
3616	123
3617	144
3618	122
3619	123
3620	123
3621	124
3622	110
3623	123
3624	124
3625	123
3626	125
3627	114
3628	109
3629	122
3630	115
3631	123
3632	130
3633	124
3634	105
3635	143
3636	112
3637	125
3638	121
3639	112
3640	119
3641	112
3642	120
3643	124
3644	122
3645	116
3646	121
3647	127
3648	125
3649	126
3650	139
3651	106
3652	114
3653	129
3654	129
3655	113
3656	126
3657	121
3658	116
3659	137
3660	134
3661	129
3662	151
3663	116
3664	130
3665	117
3666	116
3667	128
3668	130
3669	120
3670	143
3671	130
3672	134
3673	127
3674	142
3675	136
3676	118
3677	119
3678	126
3679	128
3680	141
3681	154
3682	127
3683	144
3684	138
3685	138
3686	119
3687	125
3688	154
3689	139
3690	118
3691	123
3692	129
3693	138
3694	158
3695	154
3696	128
3697	125
3698	138
3699	150
3700	117
3701	165
3702	136
3703	144
3704	139
3705	137
3706	135
3707	161
3708	149
3709	158
3710	161
3711	179
3712	137
3713	148
3714	130
3715	146
3716	154
3717	150
3718	136
3719	163
3720	164
3721	151
3722	159
3723	154
3724	157
3725	168
3726	188
3727	151
3728	167
3729	149
3730	139
3731	161
3732	159
3733	184
3734	147
3735	169
3736	165
3737	157
3738	165
3739	154
3740	168
3741	192
3742	171
3743	182
3744	190
3745	156
3746	158
3747	179
3748	161
3749	160
3750	161
3751	181
3752	171
3753	167
3754	181
3755	170
3756	179
3757	172
3758	172
3759	191
3760	166
3761	168
3762	163
3763	168
3764	204
3765	189
3766	192
3767	179
3768	186
3769	201
3770	210
3771	195
3772	172
3773	172
3774	211
3775	166
3776	191
3777	180
3778	199
3779	194
3780	202
3781	189
3782	210
3783	201
3784	205
3785	179
3786	210
3787	215
3788	212
3789	186
3790	189
3791	199
3792	209
3793	191
3794	224
3795	205
3796	198
3797	204
3798	186
3799	208
3800	202
3801	207
3802	205
3803	222
3804	224
3805	196
3806	212
3807	196
3808	196
3809	182
3810	209
3811	218
3812	237
3813	216
3814	187
3815	211
3816	207
3817	219
3818	236
3819	226
3820	242
3821	220
3822	247
3823	233
3824	234
3825	245
3826	241
3827	234
3828	221
3829	229
3830	235
3831	240
3832	245
3833	217
3834	207
3835	238
3836	212
3837	225
3838	226
3839	210
3840	251
3841	250
3842	261
3843	222
3844	242
3845	243
3846	246
3847	229
3848	224
3849	232
3850	261
3851	267
3852	213
3853	258
3854	238
3855	263
3856	260
3857	247
3858	227
3859	245
3860	242
3861	270
3862	214
3863	240
3864	264
3865	264
3866	257
3867	258
3868	246
3869	216
3870	264
3871	229
3872	297
3873	258
3874	280
3875	257
3876	216
3877	262
3878	262
3879	266
3880	291
3881	252
3882	285
3883	306
3884	297
3885	298
3886	249
3887	260
3888	269
3889	290
3890	285
3891	258
3892	309
3893	297
3894	260
3895	299
3896	307
3897	279
3898	247
3899	252
3900	288
3901	274
3902	274
3903	302
3904	283
3905	279
3906	285
3907	292
3908	273
3909	281
3910	280
3911	296
3912	295
3913	290
3914	284
3915	286
3916	252
3917	272
3918	302
3919	282
3920	283
3921	290
3922	292
3923	280
3924	307
3925	287
3926	322
3927	306
3928	296
3929	318
3930	293
3931	276
3932	304
3933	280
3934	299
3935	296
3936	298
3937	295
3938	285
3939	291
3940	291
3941	267
3942	305
3943	295
3944	299
3945	303
3946	303
3947	293
3948	320
3949	313
3950	297
3951	316
3952	295
3953	302
3954	321
3955	298
3956	307
3957	253
3958	293
3959	291
3960	316
3961	286
3962	315
3963	318
3964	330
3965	336
3966	319
3967	318
3968	306
3969	285
3970	328
3971	329
3972	318
3973	309
3974	337
3975	319
3976	306
3977	316
3978	291
3979	333
3980	314
3981	297
3982	303
3983	295
3984	338
3985	307
3986	273
3987	319
3988	300
3989	323
3990	332
3991	298
3992	318
3993	347
3994	339
3995	329
3996	317
3997	320
3998	312
3999	298
4000	324
4001	337
4002	331
4003	341
4004	307
4005	303
4006	289
4007	330
4008	334
4009	329
4010	331
4011	287
4012	326
4013	322
4014	335
4015	328
4016	308
4017	330
4018	347
4019	336
4020	337
4021	310
4022	325
4023	368
4024	314
4025	347
4026	324
4027	353
4028	352
4029	313
4030	341
4031	354
4032	341
4033	329
4034	339
4035	325
4036	357
4037	324
4038	328
4039	347
4040	330
4041	322
4042	357
4043	344
4044	360
4045	348
4046	356
4047	354
4048	382
4049	346
4050	337
4051	348
4052	362
4053	316
4054	348
4055	321
4056	300
4057	349
4058	351
4059	363
4060	370
4061	341
4062	346
4063	328
4064	350
4065	341
4066	343
4067	334
4068	347
4069	345
4070	345
4071	376
4072	334
4073	337
4074	351
4075	376
4076	381
4077	350
4078	380
4079	385
4080	373
4081	336
4082	364
4083	339
4084	349
4085	370
4086	384
4087	376
4088	376
4089	386
4090	367
4091	371
4092	373
4093	352
4094	371
4095	375
4096	386
4097	347
4098	374
4099	377
4100	388
4101	400
4102	388
4103	410
4104	389
4105	401
4106	422
4107	405
4108	411
4109	371
4110	389
4111	392
4112	371
4113	383
4114	410
4115	396
4116	397
4117	369
4118	398
4119	365
4120	386
4121	390
4122	412
4123	425
4124	410
4125	414
4126	439
4127	396
4128	422
4129	405
4130	393
4131	390
4132	418
4133	410
4134	392
4135	420
4136	397
4137	423
4138	419
4139	447
4140	408
4141	442
4142	394
4143	448
4144	387
4145	456
4146	421
4147	419
4148	389
4149	436
4150	428
4151	421
4152	503
4153	432
4154	407
4155	404
4156	457
4157	429
4158	417
4159	402
4160	414
4161	463
4162	460
4163	421
4164	481
4165	429
4166	415
4167	421
4168	448
4169	473
4170	469
4171	428
4172	447
4173	422
4174	463
4175	442
4176	449
4177	421
4178	440
4179	463
4180	501
4181	442
4182	432
4183	463
4184	472
4185	456
4186	474
4187	494
4188	456
4189	458
4190	493
4191	455
4192	457
4193	467
4194	465
4195	457
4196	446
4197	500
4198	482
4199	507
4200	472
4201	499
4202	512
4203	441
4204	480
4205	459
4206	485
4207	491
4208	517
4209	503
4210	494
4211	507
4212	533
4213	531
4214	478
4215	485
4216	504
4217	476
4218	529
4219	505
4220	513
4221	519
4222	493
4223	507
4224	502
4225	485
4226	537
4227	499
4228	550
4229	509
4230	513
4231	497
4232	534
4233	491
4234	476
4235	500
4236	511
4237	481
4238	526
4239	499
4240	531
4241	532
4242	538
4243	503
4244	520
4245	523
4246	476
4247	512
4248	510
4249	572
4250	524
4251	470
4252	553
4253	500
4254	512
4255	511
4256	530
4257	555
4258	556
4259	565
4260	541
4261	518
4262	547
4263	507
4264	523
4265	548
4266	544
4267	482
4268	554
4269	497
4270	523
4271	559
4272	528
4273	526
4274	553
4275	518
4276	550
4277	567
4278	557
4279	522
4280	549
4281	565
4282	522
4283	569
4284	572
4285	592
4286	491
4287	506
4288	570
4289	529
4290	583
4291	503
4292	532
4293	545
4294	525
4295	607
4296	526
4297	541
4298	573
4299	553
4300	533
4301	571
4302	530
4303	565
4304	582
4305	529
4306	561
4307	561
4308	592
4309	584
4310	588
4311	565
4312	572
4313	570
4314	566
4315	595
4316	579
4317	575
4318	576
4319	572
4320	532
4321	544
4322	590
4323	538
4324	582
4325	573
4326	565
4327	581
4328	572
4329	589
4330	584
4331	575
4332	561
4333	585
4334	532
4335	551
4336	497
4337	541
4338	553
4339	589
4340	558
4341	508
4342	509
4343	549
4344	577
4345	556
4346	564
4347	581
4348	558
4349	576
4350	558
4351	557
4352	572
4353	577
4354	558
4355	589
4356	520
4357	512
4358	579
4359	538
4360	547
4361	617
4362	551
4363	544
4364	599
4365	508
4366	536
4367	575
4368	568
4369	538
4370	569
4371	583
4372	526
4373	554
4374	563
4375	571
4376	525
4377	555
4378	547
4379	513
4380	541
4381	528
4382	524
4383	524
4384	550
4385	530
4386	527
4387	540
4388	548
4389	519
4390	537
4391	502
4392	534
4393	539
4394	540
4395	580
4396	480
4397	497
4398	517
4399	545
4400	504
4401	534
4402	496
4403	512
4404	524
4405	482
4406	523
4407	554
4408	518
4409	518
4410	480
4411	493
4412	540
4413	536
4414	549
4415	486
4416	531
4417	535
4418	487
4419	480
4420	464
4421	514
4422	549
4423	508
4424	519
4425	507
4426	530
4427	496
4428	494
4429	477
4430	511
4431	533
4432	482
4433	481
4434	491
4435	457
4436	512
4437	499
4438	453
4439	493
4440	479
4441	471
4442	478
4443	491
4444	495
4445	505
4446	520
4447	479
4448	476
4449	503
4450	483
4451	483
4452	454
4453	461
4454	470
4455	476
4456	467
4457	484
4458	459
4459	447
4460	406
4461	454
4462	430
4463	445
4464	471
4465	495
4466	439
4467	451
4468	471
4469	447
4470	414
4471	511
4472	447
4473	438
4474	435
4475	429
4476	458
4477	474
4478	405
4479	411
4480	424
4481	437
4482	425
4483	442
4484	421
4485	425
4486	433
4487	408
4488	378
4489	412
4490	379
4491	462
4492	441
4493	439
4494	405
4495	417
4496	416
4497	430
4498	379
4499	441
4500	406
4501	434
4502	404
4503	395
4504	390
4505	415
4506	401
4507	399
4508	370
4509	399
4510	381
4511	395
4512	373
4513	358
4514	401
4515	367
4516	374
4517	367
4518	398
4519	356
4520	397
4521	349
4522	361
4523	373
4524	336
4525	365
4526	368
4527	358
4528	361
4529	371
4530	355
4531	389
4532	362
4533	348
4534	368
4535	368
4536	373
4537	370
4538	326
4539	368
4540	328
4541	382
4542	316
4543	338
4544	318
4545	349
4546	363
4547	373
4548	326
4549	339
4550	370
4551	349
4552	367
4553	347
4554	346
4555	337
4556	319
4557	338
4558	315
4559	317
4560	318
4561	344
4562	334
4563	319
4564	302
4565	333
4566	323
4567	326
4568	350
4569	340
4570	302
4571	331
4572	311
4573	346
4574	312
4575	333
4576	333
4577	340
4578	313
4579	322
4580	309
4581	314
4582	305
4583	310
4584	342
4585	346
4586	310
4587	325
4588	351
4589	289
4590	311
4591	334
4592	335
4593	338
4594	342
4595	319
4596	322
4597	335
4598	302
4599	315
4600	318
4601	319
4602	330
4603	303
4604	329
4605	321
4606	340
4607	289
4608	288
4609	314
4610	299
4611	288
4612	337
4613	306
4614	311
4615	314
4616	291
4617	313
4618	329
4619	304
4620	316
4621	300
4622	343
4623	326
4624	305
4625	321
4626	321
4627	303
4628	336
4629	311
4630	314
4631	312
4632	316
4633	301
4634	320
4635	290
4636	315
4637	313
4638	296
4639	297
4640	327
4641	349
4642	305
4643	314
4644	313
4645	302
4646	343
4647	362
4648	332
4649	330
4650	319
4651	330
4652	330
4653	346
4654	330
4655	338
4656	332
4657	327
4658	358
4659	342
4660	336
4661	348
4662	322
4663	354
4664	323
4665	340
4666	329
4667	334
4668	316
4669	316
4670	353
4671	357
4672	361
4673	381
4674	316
4675	328
4676	358
4677	334
4678	360
4679	361
4680	331
4681	339
4682	381
4683	377
4684	377
4685	363
4686	361
4687	349
4688	331
4689	358
4690	379
4691	394
4692	371
4693	353
4694	388
4695	365
4696	376
4697	352
4698	360
4699	366
4700	392
4701	424
4702	368
4703	402
4704	422
4705	393
4706	397
4707	383
4708	394
4709	409
4710	403
4711	396
4712	410
4713	416
4714	425
4715	404
4716	412
4717	448
4718	411
4719	436
4720	461
4721	430
4722	391
4723	418
4724	460
4725	460
4726	460
4727	426
4728	402
4729	462
4730	427
4731	463
4732	425
4733	446
4734	481
4735	464
4736	506
4737	474
4738	480
4739	463
4740	471
4741	469
4742	452
4743	488
4744	496
4745	513
4746	469
4747	519
4748	519
4749	465
4750	450
4751	500
4752	518
4753	528
4754	517
4755	506
4756	470
4757	518
4758	529
4759	491
4760	517
4761	521
4762	527
4763	546
4764	576
4765	522
4766	543
4767	546
4768	543
4769	591
4770	565
4771	561
4772	603
4773	598
4774	527
4775	569
4776	562
4777	531
4778	612
4779	594
4780	599
4781	589
4782	584
4783	581
4784	574
4785	589
4786	577
4787	617
4788	651
4789	611
4790	636
4791	632
4792	619
4793	623
4794	660
4795	629
4796	631
4797	633
4798	609
4799	669
4800	655
4801	693
4802	640
4803	679
4804	636
4805	699
4806	689
4807	654
4808	691
4809	733
4810	701
4811	750
4812	694
4813	713
4814	651
4815	749
4816	686
4817	721
4818	719
4819	681
4820	720
4821	699
4822	732
4823	708
4824	750
4825	802
4826	707
4827	694
4828	756
4829	748
4830	794
4831	760
4832	815
4833	738
4834	789
4835	739
4836	770
4837	749
4838	812
4839	800
4840	764
4841	825
4842	832
4843	820
4844	777
4845	821
4846	819
4847	780
4848	785
4849	850
4850	854
4851	866
4852	866
4853	878
4854	824
4855	871
4856	824
4857	905
4858	873
4859	908
4860	836
4861	874
4862	910
4863	915
4864	902
4865	856
4866	895
4867	862
4868	906
4869	918
4870	973
4871	959
4872	943
4873	923
4874	956
4875	900
4876	930
4877	953
4878	961
4879	903
4880	896
4881	952
4882	930
4883	1031
4884	967
4885	996
4886	968
4887	1025
4888	905
4889	972
4890	1022
4891	1008
4892	1044
4893	984
4894	1088
4895	1000
4896	977
4897	1011
4898	962
4899	1058
4900	1016
4901	1073
4902	1088
4903	1020
4904	1006
4905	1004
4906	1079
4907	1056
4908	1043
4909	1092
4910	1121
4911	1029
4912	1103
4913	1065
4914	1089
4915	1088
4916	1076
4917	1038
4918	1114
4919	1096
4920	1075
4921	1059
4922	1117
4923	1157
4924	1064
4925	1128
4926	1158
4927	1086
4928	1124
4929	1125
4930	1102
4931	1113
4932	1150
4933	1132
4934	1127
4935	1165
4936	1167
4937	1147
4938	1156
4939	1149
4940	1189
4941	1205
4942	1136
4943	1127
4944	1206
4945	1127
4946	1207
4947	1192
4948	1208
4949	1129
4950	1186
4951	1211
4952	1169
4953	1270
4954	1240
4955	1237
4956	1273
4957	1180
4958	1223
4959	1176
4960	1270
4961	1204
4962	1233
4963	1236
4964	1216
4965	1214
4966	1274
4967	1252
4968	1228
4969	1182
4970	1276
4971	1286
4972	1249
4973	1294
4974	1296
4975	1261
4976	1252
4977	1209
4978	1215
4979	1314
4980	1309
4981	1247
4982	1325
4983	1281
4984	1320
4985	1331
4986	1351
4987	1244
4988	1255
4989	1367
4990	1268
4991	1318
4992	1331
4993	1225
4994	1297
4995	1358
4996	1261
4997	1331
4998	1374
4999	1242
5000	1344
5001	1414
5002	1282
5003	1384
5004	1383
5005	1342
5006	1358
5007	1280
5008	1343
5009	1375
5010	1326
5011	1365
5012	1326
5013	1363
5014	1328
5015	1313
5016	1376
5017	1343
5018	1361
5019	1396
5020	1348
5021	1364
5022	1373
5023	1383
5024	1366
5025	1301
5026	1303
5027	1295
5028	1388
5029	1335
5030	1359
5031	1356
5032	1401
5033	1357
5034	1322
5035	1336
5036	1405
5037	1272
5038	1477
5039	1378
5040	1336
5041	1399
5042	1393
5043	1438
5044	1491
5045	1342
5046	1338
5047	1403
5048	1425
5049	1377
5050	1323
5051	1322
5052	1343
5053	1364
5054	1316
5055	1395
5056	1395
5057	1377
5058	1408
5059	1392
5060	1376
5061	1350
5062	1385
5063	1361
5064	1383
5065	1387
5066	1401
5067	1411
5068	1364
5069	1364
5070	1329
5071	1343
5072	1318
5073	1381
5074	1418
5075	1385
5076	1400
5077	1354
5078	1374
5079	1415
5080	1373
5081	1386
5082	1453
5083	1421
5084	1346
5085	1314
5086	1395
5087	1346
5088	1329
5089	1310
5090	1347
5091	1366
5092	1363
5093	1375
5094	1362
5095	1357
5096	1285
5097	1356
5098	1358
5099	1325
5100	1307
5101	1378
5102	1354
5103	1270
5104	1342
5105	1408
5106	1405
5107	1368
5108	1336
5109	1320
5110	1371
5111	1290
5112	1343
5113	1333
5114	1380
5115	1304
5116	1318
5117	1358
5118	1330
5119	1347
5120	1369
5121	1323
5122	1346
5123	1302
5124	1230
5125	1383
5126	1319
5127	1416
5128	1296
5129	1328
5130	1380
5131	1300
5132	1284
5133	1309
5134	1335
5135	1296
5136	1340
5137	1353
5138	1303
5139	1295
5140	1285
5141	1182
5142	1291
5143	1270
5144	1317
5145	1254
5146	1285
5147	1234
5148	1265
5149	1274
5150	1245
5151	1216
5152	1265
5153	1254
5154	1282
5155	1255
5156	1283
5157	1194
5158	1324
5159	1214
5160	1295
5161	1252
5162	1257
5163	1187
5164	1269
5165	1223
5166	1284
5167	1203
5168	1233
5169	1195
5170	1244
5171	1272
5172	1222
5173	1165
5174	1277
5175	1165
5176	1169
5177	1212
5178	1169
5179	1278
5180	1107
5181	1205
5182	1172
5183	1169
5184	1193
5185	1178
5186	1252
5187	1204
5188	1146
5189	1166
5190	1159
5191	1170
5192	1213
5193	1176
5194	1170
5195	1183
5196	1171
5197	1090
5198	1203
5199	1140
5200	1128
5201	1118
5202	1167
5203	1199
5204	1081
5205	1161
5206	1163
5207	1111
5208	1096
5209	1168
5210	1105
5211	1135
5212	1132
5213	1101
5214	1070
5215	1098
5216	1031
5217	1093
5218	1085
5219	1105
5220	1135
5221	1039
5222	1053
5223	1035
5224	1061
5225	1090
5226	1105
5227	1022
5228	1130
5229	1062
5230	1075
5231	1006
5232	1033
5233	1027
5234	1091
5235	993
5236	1091
5237	1034
5238	1050
5239	1101
5240	1052
5241	926
5242	965
5243	1037
5244	1053
5245	966
5246	1010
5247	997
5248	1015
5249	1017
5250	995
5251	984
5252	963
5253	1004
5254	956
5255	973
5256	980
5257	946
5258	1047
5259	964
5260	916
5261	975
5262	972
5263	954
5264	963
5265	930
5266	886
5267	998
5268	963
5269	935
5270	931
5271	884
5272	958
5273	918
5274	875
5275	853
5276	915
5277	973
5278	905
5279	884
5280	915
5281	890
5282	896
5283	888
5284	877
5285	887
5286	887
5287	865
5288	880
5289	849
5290	852
5291	872
5292	827
5293	905
5294	895
5295	893
5296	893
5297	826
5298	899
5299	878
5300	836
5301	831
5302	844
5303	773
5304	802
5305	863
5306	803
5307	826
5308	825
5309	793
5310	818
5311	812
5312	762
5313	847
5314	765
5315	831
5316	728
5317	823
5318	784
5319	801
5320	842
5321	820
5322	794
5323	796
5324	794
5325	777
5326	772
5327	777
5328	781
5329	818
5330	751
5331	811
5332	765
5333	772
5334	770
5335	784
5336	711
5337	802
5338	808
5339	746
5340	742
5341	748
5342	766
5343	753
5344	718
5345	724
5346	722
5347	709
5348	765
5349	696
5350	705
5351	767
5352	718
5353	717
5354	717
5355	714
5356	712
5357	744
5358	689
5359	741
5360	672
5361	742
5362	710
5363	683
5364	681
5365	728
5366	701
5367	690
5368	709
5369	701
5370	670
5371	659
5372	638
5373	636
5374	766
5375	690
5376	654
5377	720
5378	700
5379	627
5380	659
5381	681
5382	694
5383	618
5384	672
5385	722
5386	661
5387	713
5388	662
5389	668
5390	654
5391	671
5392	639
5393	627
5394	682
5395	682
5396	660
5397	656
5398	652
5399	638
5400	651
5401	610
5402	675
5403	625
5404	659
5405	616
5406	655
5407	636
5408	641
5409	647
5410	613
5411	664
5412	624
5413	606
5414	658
5415	626
5416	614
5417	593
5418	572
5419	609
5420	637
5421	611
5422	580
5423	606
5424	592
5425	620
5426	592
5427	644
5428	589
5429	648
5430	609
5431	696
5432	633
5433	594
5434	651
5435	634
5436	635
5437	613
5438	598
5439	602
5440	608
5441	624
5442	650
5443	577
5444	597
5445	635
5446	602
5447	592
5448	571
5449	542
5450	586
5451	584
5452	566
5453	572
5454	580
5455	600
5456	589
5457	602
5458	606
5459	584
5460	591
5461	561
5462	586
5463	616
5464	565
5465	576
5466	541
5467	593
5468	527
5469	540
5470	596
5471	566
5472	562
5473	560
5474	547
5475	605
5476	579
5477	600
5478	554
5479	612
5480	549
5481	563
5482	541
5483	590
5484	570
5485	558
5486	562
5487	575
5488	530
5489	538
5490	621
5491	577
5492	584
5493	580
5494	566
5495	528
5496	550
5497	540
5498	512
5499	567
5500	579
5501	553
5502	519
5503	519
5504	503
5505	564
5506	524
5507	521
5508	554
5509	513
5510	563
5511	538
5512	517
5513	519
5514	576
5515	560
5516	545
5517	568
5518	548
5519	517
5520	516
5521	561
5522	563
5523	493
5524	534
5525	547
5526	578
5527	501
5528	566
5529	499
5530	527
5531	493
5532	504
5533	477
5534	535
5535	556
5536	502
5537	530
5538	597
5539	512
5540	517
5541	487
5542	518
5543	512
5544	506
5545	483
5546	511
5547	511
5548	537
5549	507
5550	554
5551	510
5552	530
5553	529
5554	515
5555	506
5556	506
5557	531
5558	500
5559	521
5560	503
5561	479
5562	520
5563	532
5564	494
5565	472
5566	531
5567	498
5568	520
5569	517
5570	507
5571	496
5572	475
5573	436
5574	507
5575	473
5576	495
5577	512
5578	500
5579	528
5580	502
5581	441
5582	462
5583	495
5584	506
5585	434
5586	481
5587	479
5588	472
5589	476
5590	466
5591	447
5592	486
5593	443
5594	434
5595	483
5596	461
5597	463
5598	475
5599	458
5600	473
5601	460
5602	491
5603	488
5604	411
5605	466
5606	517
5607	445
5608	410
5609	515
5610	480
5611	416
5612	462
5613	448
5614	439
5615	447
5616	476
5617	429
5618	422
5619	452
5620	475
5621	482
5622	452
5623	452
5624	435
5625	409
5626	461
5627	415
5628	432
5629	498
5630	446
5631	433
5632	438
5633	431
5634	436
5635	435
5636	443
5637	475
5638	398
5639	449
5640	432
5641	434
5642	407
5643	416
5644	441
5645	428
5646	441
5647	387
5648	395
5649	431
5650	368
5651	409
5652	426
5653	434
5654	412
5655	426
5656	431
5657	371
5658	397
5659	423
5660	399
5661	388
5662	382
5663	394
5664	407
5665	378
5666	410
5667	379
5668	403
5669	394
5670	417
5671	389
5672	402
5673	396
5674	363
5675	388
5676	393
5677	357
5678	370
5679	400
5680	391
5681	376
5682	332
5683	366
5684	377
5685	360
5686	328
5687	376
5688	377
5689	341
5690	377
5691	385
5692	386
5693	342
5694	412
5695	375
5696	347
5697	385
5698	383
5699	373
5700	367
5701	327
5702	335
5703	376
5704	363
5705	378
5706	366
5707	328
5708	326
5709	381
5710	356
5711	319
5712	343
5713	329
5714	295
5715	371
5716	351
5717	342
5718	339
5719	317
5720	337
5721	316
5722	349
5723	311
5724	333
5725	315
5726	325
5727	294
5728	311
5729	341
5730	305
5731	356
5732	309
5733	358
5734	340
5735	313
5736	309
5737	301
5738	289
5739	307
5740	319
5741	299
5742	285
5743	285
5744	288
5745	281
5746	300
5747	295
5748	302
5749	302
5750	298
5751	313
5752	328
5753	334
5754	300
5755	314
5756	282
5757	282
5758	316
5759	271
5760	310
5761	287
5762	277
5763	267
5764	300
5765	268
5766	282
5767	292
5768	299
5769	275
5770	273
5771	261
5772	266
5773	298
5774	290
5775	268
5776	250
5777	257
5778	267
5779	264
5780	263
5781	292
5782	259
5783	220
5784	261
5785	236
5786	274
5787	265
5788	250
5789	279
5790	226
5791	254
5792	246
5793	254
5794	248
5795	269
5796	278
5797	238
5798	246
5799	243
5800	273
5801	255
5802	248
5803	236
5804	263
5805	250
5806	228
5807	256
5808	238
5809	244
5810	239
5811	250
5812	218
5813	227
5814	257
5815	244
5816	218
5817	245
5818	242
5819	263
5820	231
5821	212
5822	225
5823	239
5824	212
5825	224
5826	241
5827	261
5828	260
5829	243
5830	236
5831	212
5832	210
5833	186
5834	196
5835	218
5836	234
5837	200
5838	218
5839	205
5840	235
5841	215
5842	206
5843	206
5844	208
5845	205
5846	192
5847	187
5848	209
5849	219
5850	208
5851	192
5852	210
5853	194
5854	209
5855	194
5856	196
5857	187
5858	228
5859	219
5860	214
5861	188
5862	199
5863	189
5864	166
5865	213
5866	223
5867	197
5868	216
5869	182
5870	208
5871	193
5872	208
5873	189
5874	170
5875	199
5876	212
5877	186
5878	183
5879	187
5880	152
5881	222
5882	183
5883	189
5884	190
5885	194
5886	168
5887	161
5888	202
5889	221
5890	162
5891	188
5892	173
5893	200
5894	184
5895	160
5896	183
5897	179
5898	170
5899	197
5900	190
5901	164
5902	173
5903	175
5904	189
5905	174
5906	149
5907	183
5908	179
5909	163
5910	180
5911	157
5912	166
5913	152
5914	158
5915	178
5916	171
5917	168
5918	164
5919	157
5920	175
5921	186
5922	162
5923	165
5924	163
5925	163
5926	178
5927	161
5928	153
5929	162
5930	177
5931	162
5932	168
5933	177
5934	164
5935	183
5936	161
5937	143
5938	152
5939	161
5940	164
5941	151
5942	169
5943	157
5944	140
5945	150
5946	156
5947	157
5948	164
5949	158
5950	155
5951	161
5952	159
5953	159
5954	150
5955	144
5956	167
5957	163
5958	144
5959	175
5960	152
5961	146
5962	166
5963	143
5964	142
5965	133
5966	154
5967	160
5968	161
5969	175
5970	139
5971	171
5972	144
5973	127
5974	156
5975	162
5976	139
5977	118
5978	148
5979	131
5980	161
5981	137
5982	146
5983	146
5984	151
5985	160
5986	144
5987	140
5988	137
5989	149
5990	156
5991	143
5992	166
5993	152
5994	129
5995	157
5996	133
5997	142
5998	134
5999	159
6000	140
6001	146
6002	138
6003	131
6004	153
6005	143
6006	135
6007	149
6008	137
6009	150
6010	165
6011	128
6012	160
6013	122
6014	141
6015	141
6016	171
6017	139
6018	154
6019	148
6020	143
6021	141
6022	127
6023	135
6024	134
6025	121
6026	141
6027	139
6028	140
6029	129
6030	154
6031	147
6032	150
6033	162
6034	132
6035	172
6036	161
6037	127
6038	137
6039	145
6040	163
6041	139
6042	137
6043	157
6044	156
6045	143
6046	141
6047	149
6048	148
6049	143
6050	149
6051	141
6052	125
6053	151
6054	151
6055	150
6056	142
6057	156
6058	135
6059	133
6060	139
6061	142
6062	139
6063	145
6064	123
6065	138
6066	130
6067	141
6068	145
6069	133
6070	138
6071	158
6072	139
6073	142
6074	147
6075	138
6076	129
6077	154
6078	138
6079	129
6080	131
6081	142
6082	155
6083	146
6084	123
6085	142
6086	153
6087	145
6088	180
6089	154
6090	144
6091	148
6092	127
6093	144
6094	138
6095	137
6096	150
6097	137
6098	133
6099	138
6100	143
6101	168
6102	137
6103	158
6104	141
6105	139
6106	146
6107	146
6108	151
6109	159
6110	145
6111	135
6112	152
6113	135
6114	149
6115	129
6116	139
6117	126
6118	139
6119	142
6120	129
6121	133
6122	155
6123	139
6124	150
6125	156
6126	158
6127	126
6128	138
6129	118
6130	127
6131	136
6132	129
6133	149
6134	142
6135	148
6136	154
6137	138
6138	146
6139	160
6140	163
6141	144
6142	142
6143	157
6144	120
6145	150
6146	121
6147	136
6148	137
6149	130
6150	152
6151	166
6152	154
6153	129
6154	129
6155	147
6156	170
6157	143
6158	141
6159	119
6160	148
6161	143
6162	149
6163	155
6164	134
6165	151
6166	143
6167	151
6168	134
6169	155
6170	144
6171	160
6172	136
6173	149
6174	148
6175	138
6176	153
6177	139
6178	151
6179	164
6180	154
6181	151
6182	133
6183	137
6184	158
6185	147
6186	147
6187	166
6188	165
6189	134
6190	148
6191	136
6192	151
6193	152
6194	164
6195	142
6196	155
6197	164
6198	123
6199	145
6200	143
6201	139
6202	149
6203	152
6204	145
6205	143
6206	131
6207	162
6208	142
6209	154
6210	140
6211	141
6212	165
6213	146
6214	138
6215	135
6216	134
6217	162
6218	161
6219	146
6220	122
6221	144
6222	145
6223	159
6224	156
6225	165
6226	147
6227	150
6228	149
6229	170
6230	145
6231	150
6232	146
6233	122
6234	153
6235	145
6236	140
6237	184
6238	143
6239	158
6240	162
6241	134
6242	148
6243	169
6244	162
6245	126
6246	139
6247	161
6248	144
6249	142
6250	153
6251	151
6252	165
6253	145
6254	123
6255	139
6256	154
6257	148
6258	147
6259	178
6260	139
6261	130
6262	134
6263	159
6264	143
6265	134
6266	150
6267	128
6268	142
6269	142
6270	153
6271	146
6272	141
6273	174
6274	130
6275	161
6276	155
6277	128
6278	151
6279	137
6280	151
6281	154
6282	152
6283	133
6284	130
6285	158
6286	144
6287	140
6288	147
6289	153
6290	147
6291	153
6292	163
6293	161
6294	160
6295	154
6296	139
6297	135
6298	139
6299	152
6300	161
6301	137
6302	151
6303	167
6304	137
6305	149
6306	142
6307	160
6308	151
6309	133
6310	147
6311	158
6312	123
6313	164
6314	135
6315	144
6316	138
6317	141
6318	140
6319	151
6320	142
6321	119
6322	133
6323	147
6324	135
6325	149
6326	139
6327	138
6328	117
6329	155
6330	127
6331	126
6332	132
6333	148
6334	146
6335	140
6336	149
6337	155
6338	138
6339	146
6340	145
6341	144
6342	146
6343	135
6344	134
6345	143
6346	134
6347	145
6348	140
6349	139
6350	151
6351	124
6352	133
6353	143
6354	120
6355	125
6356	159
6357	133
6358	149
6359	137
6360	136
6361	139
6362	136
6363	145
6364	134
6365	143
6366	148
6367	144
6368	143
6369	134
6370	148
6371	129
6372	141
6373	141
6374	127
6375	127
6376	145
6377	131
6378	128
6379	103
6380	109
6381	141
6382	132
6383	165
6384	156
6385	141
6386	115
6387	131
6388	138
6389	141
6390	148
6391	171
6392	141
6393	142
6394	101
6395	145
6396	124
6397	145
6398	148
6399	125
6400	110
6401	146
6402	137
6403	136
6404	126
6405	121
6406	140
6407	129
6408	126
6409	153
6410	133
6411	115
6412	147
6413	117
6414	127
6415	126
6416	133
6417	136
6418	113
6419	140
6420	116
6421	112
6422	102
6423	125
6424	109
6425	126
6426	116
6427	145
6428	108
6429	134
6430	136
6431	129
6432	128
6433	139
6434	116
6435	116
6436	130
6437	131
6438	106
6439	106
6440	110
6441	118
6442	116
6443	120
6444	123
6445	124
6446	135
6447	103
6448	127
6449	114
6450	132
6451	116
6452	133
6453	116
6454	139
6455	116
6456	112
6457	114
6458	115
6459	106
6460	131
6461	104
6462	111
6463	101
6464	123
6465	111
6466	117
6467	116
6468	121
6469	111
6470	99
6471	104
6472	109
6473	96
6474	102
6475	116
6476	108
6477	117
6478	114
6479	98
6480	108
6481	110
6482	115
6483	118
6484	101
6485	106
6486	107
6487	112
6488	101
6489	100
6490	98
6491	103
6492	93
6493	124
6494	111
6495	106
6496	108
6497	110
6498	91
6499	106
6500	105
6501	85
6502	129
6503	100
6504	125
6505	91
6506	90
6507	124
6508	116
6509	94
6510	91
6511	102
6512	97
6513	108
6514	77
6515	99
6516	119
6517	92
6518	113
6519	111
6520	81
6521	80
6522	95
6523	86
6524	92
6525	111
6526	100
6527	85
6528	101
6529	97
6530	94
6531	84
6532	91
6533	103
6534	102
6535	82
6536	86
6537	98
6538	102
6539	97
6540	80
6541	92
6542	87
6543	96
6544	101
6545	86
6546	92
6547	79
6548	80
6549	85
6550	98
6551	84
6552	86
6553	88
6554	79
6555	97
6556	88
6557	93
6558	83
6559	83
6560	80
6561	91
6562	73
6563	77
6564	99
6565	89
6566	83
6567	74
6568	69
6569	84
6570	91
6571	89
6572	82
6573	67
6574	97
6575	69
6576	86
6577	77
6578	78
6579	72
6580	79
6581	79
6582	92
6583	76
6584	74
6585	57
6586	58
6587	73
6588	66
6589	81
6590	94
6591	69
6592	79
6593	99
6594	71
6595	76
6596	78
6597	81
6598	65
6599	85
6600	81
6601	69
6602	74
6603	80
6604	78
6605	75
6606	87
6607	79
6608	67
6609	61
6610	71
6611	62
6612	70
6613	78
6614	61
6615	62
6616	74
6617	69
6618	79
6619	74
6620	75
6621	63
6622	56
6623	66
6624	86
6625	61
6626	68
6627	62
6628	64
6629	60
6630	59
6631	65
6632	72
6633	68
6634	59
6635	69
6636	59
6637	73
6638	70
6639	59
6640	59
6641	65
6642	71
6643	66
6644	56
6645	59
6646	61
6647	65
6648	69
6649	64
6650	74
6651	60
6652	52
6653	48
6654	50
6655	43
6656	74
6657	43
6658	62
6659	52
6660	54
6661	57
6662	51
6663	55
6664	56
6665	60
6666	51
6667	39
6668	40
6669	71
6670	63
6671	63
6672	51
6673	55
6674	54
6675	54
6676	50
6677	53
6678	58
6679	54
6680	43
6681	68
6682	49
6683	54
6684	55
6685	55
6686	57
6687	52
6688	57
6689	59
6690	61
6691	48
6692	50
6693	56
6694	46
6695	43
6696	68
6697	41
6698	38
6699	53
6700	54
6701	50
6702	49
6703	59
6704	43
6705	58
6706	60
6707	60
6708	41
6709	45
6710	45
6711	59
6712	35
6713	49
6714	48
6715	56
6716	49
6717	39
6718	47
6719	56
6720	41
6721	50
6722	54
6723	56
6724	39
6725	51
6726	46
6727	38
6728	37
6729	51
6730	48
6731	46
6732	41
6733	45
6734	38
6735	57
6736	54
6737	28
6738	52
6739	37
6740	42
6741	27
6742	42
6743	44
6744	45
6745	48
6746	36
6747	53
6748	47
6749	49
6750	50
6751	41
6752	34
6753	36
6754	40
6755	39
6756	47
6757	37
6758	43
6759	25
6760	48
6761	46
6762	42
6763	49
6764	41
6765	49
6766	52
6767	44
6768	37
6769	48
6770	45
6771	45
6772	35
6773	38
6774	31
6775	38
6776	34
6777	42
6778	47
6779	44
6780	39
6781	25
6782	53
6783	37
6784	48
6785	38
6786	44
6787	38
6788	32
6789	36
6790	40
6791	44
6792	44
6793	27
6794	30
6795	54
6796	32
6797	41
6798	43
6799	34
6800	35
6801	34
6802	34
6803	35
6804	33
6805	33
6806	38
6807	39
6808	49
6809	42
6810	36
6811	38
6812	46
6813	32
6814	37
6815	30
6816	37
6817	43
6818	30
6819	38
6820	37
6821	36
6822	35
6823	33
6824	41
6825	26
6826	40
6827	28
6828	41
6829	28
6830	29
6831	44
6832	32
6833	34
6834	36
6835	46
6836	40
6837	31
6838	33
6839	41
6840	36
6841	44
6842	24
6843	41
6844	32
6845	38
6846	34
6847	32
6848	35
6849	33
6850	26
6851	41
6852	33
6853	33
6854	38
6855	42
6856	25
6857	38
6858	36
6859	37
6860	39
6861	26
6862	28
6863	29
6864	43
6865	28
6866	23
6867	28
6868	28
6869	28
6870	30
6871	39
6872	25
6873	40
6874	34
6875	35
6876	45
6877	31
6878	37
6879	29
6880	34
6881	32
6882	24
6883	32
6884	23
6885	33
6886	32
6887	24
6888	35
6889	27
6890	30
6891	28
6892	35
6893	28
6894	31
6895	26
6896	31
6897	36
6898	31
6899	33
6900	27
6901	31
6902	31
6903	37
6904	41
6905	29
6906	33
6907	37
6908	31
6909	34
6910	40
6911	33
6912	25
6913	31
6914	18
6915	34
6916	23
6917	41
6918	30
6919	28
6920	34
6921	28
6922	19
6923	41
6924	37
6925	37
6926	29
6927	34
6928	33
6929	34
6930	33
6931	36
6932	26
6933	32
6934	35
6935	30
6936	27
6937	36
6938	36
6939	32
6940	24
6941	28
6942	27
6943	33
6944	32
6945	28
6946	36
6947	35
6948	35
6949	36
6950	29
6951	28
6952	36
6953	23
6954	30
6955	32
6956	28
6957	32
6958	36
6959	27
6960	19
6961	35
6962	31
6963	24
6964	41
6965	30
6966	31
6967	18
6968	32
6969	32
6970	28
6971	43
6972	28
6973	30
6974	28
6975	19
6976	26
6977	33
6978	32
6979	31
6980	35
6981	21
6982	22
6983	36
6984	27
6985	15
6986	30
6987	30
6988	30
6989	22
6990	22
6991	27
6992	20
6993	21
6994	27
6995	20
6996	20
6997	28
6998	16
6999	23
7000	23
7001	29
7002	32
7003	18
7004	29
7005	21
7006	18
7007	24
7008	20
7009	26
7010	25
7011	33
7012	35
7013	24
7014	24
7015	29
7016	23
7017	30
7018	30
7019	28
7020	39
7021	20
7022	20
7023	20
7024	20
7025	21
7026	26
7027	28
7028	33
7029	26
7030	24
7031	30
7032	29
7033	22
7034	23
7035	28
7036	16
7037	22
7038	29
7039	23
7040	14
7041	24
7042	23
7043	28
7044	27
7045	19
7046	27
7047	26
7048	29
7049	27
7050	22
7051	19
7052	24
7053	27
7054	26
7055	19
7056	18
7057	30
7058	16
7059	18
7060	24
7061	21
7062	14
7063	21
7064	29
7065	20
7066	21
7067	24
7068	16
7069	27
7070	22
7071	16
7072	19
7073	24
7074	21
7075	22
7076	21
7077	21
7078	22
7079	23
7080	13
7081	22
7082	31
7083	18
7084	18
7085	18
7086	23
7087	19
7088	25
7089	34
7090	19
7091	20
7092	16
7093	19
7094	16
7095	19
7096	17
7097	21
7098	23
7099	28
7100	15
7101	21
7102	25
7103	14
7104	30
7105	23
7106	19
7107	13
7108	19
7109	20
7110	12
7111	15
7112	27
7113	18
7114	21
7115	18
7116	24
7117	12
7118	27
7119	21
7120	26
7121	10
7122	8
7123	25
7124	25
7125	22
7126	27
7127	19
7128	21
7129	20
7130	25
7131	17
7132	32
7133	23
7134	25
7135	15
7136	22
7137	17
7138	20
7139	19
7140	19
7141	22
7142	14
7143	25
7144	15
7145	22
7146	11
7147	10
7148	24
7149	19
7150	16
7151	25
7152	20
7153	20
7154	19
7155	19
7156	15
7157	23
7158	18
7159	19
7160	19
7161	20
7162	18
7163	24
7164	15
7165	19
7166	27
7167	16
7168	17
7169	15
7170	15
7171	13
7172	16
7173	24
7174	20
7175	28
7176	13
7177	15
7178	18
7179	24
7180	17
7181	17
7182	15
7183	12
7184	13
7185	16
7186	14
7187	10
7188	24
7189	18
7190	16
7191	17
7192	11
7193	19
7194	15
7195	17
7196	27
7197	22
7198	19
7199	21
7200	22
7201	14
7202	14
7203	14
7204	21
7205	11
7206	12
7207	23
7208	14
7209	16
7210	12
7211	22
7212	24
7213	17
7214	16
7215	17
7216	14
7217	16
7218	16
7219	20
7220	16
7221	16
7222	14
7223	16
7224	20
7225	16
7226	12
7227	19
7228	10
7229	11
7230	18
7231	13
7232	20
7233	15
7234	18
7235	17
7236	11
7237	25
7238	17
7239	14
7240	21
7241	10
7242	18
7243	14
7244	15
7245	19
7246	15
7247	16
7248	9
7249	15
7250	12
7251	11
7252	20
7253	19
7254	13
7255	21
7256	14
7257	19
7258	15
7259	11
7260	14
7261	19
7262	9
7263	12
7264	14
7265	22
7266	23
7267	14
7268	13
7269	19
7270	16
7271	17
7272	22
7273	16
7274	19
7275	19
7276	23
7277	14
7278	19
7279	26
7280	20
7281	18
7282	13
7283	10
7284	22
7285	18
7286	15
7287	14
7288	23
7289	18
7290	7
7291	18
7292	17
7293	11
7294	19
7295	14
7296	12
7297	12
7298	15
7299	22
7300	11
7301	15
7302	14
7303	15
7304	19
7305	11
7306	18
7307	15
7308	14
7309	17
7310	10
7311	17
7312	9
7313	14
7314	12
7315	12
7316	17
7317	25
7318	15
7319	21
7320	17
7321	11
7322	13
7323	13
7324	13
7325	17
7326	12
7327	26
7328	16
7329	13
7330	19
7331	18
7332	15
7333	12
7334	16
7335	13
7336	16
7337	7
7338	15
7339	23
7340	11
7341	18
7342	14
7343	14
7344	20
7345	19
7346	14
7347	23
7348	16
7349	14
7350	13
7351	10
7352	16
7353	16
7354	16
7355	12
7356	19
7357	17
7358	20
7359	10
7360	19
7361	17
7362	12
7363	17
7364	14
7365	16
7366	15
7367	10
7368	23
7369	15
7370	7
7371	20
7372	9
7373	9
7374	13
7375	17
7376	19
7377	13
7378	14
7379	13
7380	16
7381	15
7382	14
7383	17
7384	15
7385	12
7386	13
7387	14
7388	15
7389	17
7390	12
7391	19
7392	10
7393	17
7394	14
7395	20
7396	17
7397	7
7398	11
7399	9
7400	9
7401	8
7402	16
7403	14
7404	11
7405	7
7406	20
7407	16
7408	12
7409	18
7410	12
7411	15
7412	13
7413	15
7414	12
7415	10
7416	16
7417	16
7418	20
7419	17
7420	14
7421	12
7422	14
7423	16
7424	15
7425	13
7426	9
7427	12
7428	14
7429	20
7430	13
7431	14
7432	19
7433	11
7434	18
7435	21
7436	11
7437	25
7438	11
7439	12
7440	14
7441	12
7442	12
7443	12
7444	13
7445	8
7446	14
7447	16
7448	9
7449	13
7450	10
7451	14
7452	15
7453	9
7454	16
7455	19
7456	12
7457	14
7458	12
7459	8
7460	21
7461	7
7462	13
7463	12
7464	16
7465	13
7466	13
7467	17
7468	17
7469	13
7470	17
7471	19
7472	8
7473	9
7474	14
7475	15
7476	12
7477	11
7478	15
7479	13
7480	8
7481	17
7482	13
7483	17
7484	13
7485	10
7486	15
7487	14
7488	17
7489	15
7490	21
7491	14
7492	16
7493	11
7494	16
7495	15
7496	8
7497	14
7498	19
7499	9
7500	15
7501	15
7502	11
7503	13
7504	16
7505	11
7506	14
7507	12
7508	17
7509	16
7510	10
7511	17
7512	16
7513	13
7514	10
7515	12
7516	15
7517	29
7518	15
7519	10
7520	11
7521	18
7522	9
7523	20
7524	13
7525	14
7526	13
7527	19
7528	9
7529	8
7530	11
7531	11
7532	10
7533	19
7534	8
7535	12
7536	13
7537	17
7538	12
7539	12
7540	5
7541	10
7542	9
7543	11
7544	12
7545	5
7546	14
7547	11
7548	19
7549	10
7550	8
7551	19
7552	10
7553	11
7554	12
7555	10
7556	11
7557	14
7558	13
7559	7
7560	12
7561	16
7562	15
7563	15
7564	9
7565	12
7566	9
7567	9
7568	13
7569	3
7570	21
7571	8
7572	12
7573	13
7574	18
7575	8
7576	11
7577	23
7578	15
7579	12
7580	11
7581	18
7582	11
7583	12
7584	8
7585	12
7586	15
7587	12
7588	16
7589	11
7590	14
7591	7
7592	15
7593	15
7594	13
7595	16
7596	11
7597	17
7598	11
7599	17
7600	13
7601	19
7602	13
7603	14
7604	9
7605	14
7606	5
7607	15
7608	10
7609	13
7610	12
7611	15
7612	13
7613	15
7614	11
7615	14
7616	7
7617	7
7618	8
7619	19
7620	8
7621	21
7622	12
7623	14
7624	16
7625	17
7626	14
7627	4
7628	7
7629	13
7630	12
7631	12
7632	10
7633	20
7634	4
7635	17
7636	13
7637	15
7638	13
7639	13
7640	8
7641	13
7642	10
7643	17
7644	10
7645	10
7646	12
7647	13
7648	15
7649	10
7650	13
7651	10
7652	12
7653	12
7654	6
7655	12
7656	11
7657	12
7658	12
7659	13
7660	11
7661	9
7662	6
7663	14
7664	10
7665	9
7666	18
7667	16
7668	15
7669	11
7670	16
7671	12
7672	8
7673	10
7674	6
7675	9
7676	14
7677	10
7678	19
7679	8
7680	12
7681	8
7682	21
7683	15
7684	11
7685	8
7686	11
7687	14
7688	16
7689	10
7690	14
7691	16
7692	12
7693	9
7694	9
7695	12
7696	10
7697	11
7698	10
7699	14
7700	14
7701	13
7702	13
7703	5
7704	12
7705	12
7706	11
7707	16
7708	17
7709	9
7710	8
7711	17
7712	12
7713	12
7714	11
7715	12
7716	10
7717	13
7718	14
7719	11
7720	16
7721	6
7722	14
7723	13
7724	9
7725	16
7726	14
7727	8
7728	5
7729	14
7730	15
7731	12
7732	14
7733	5
7734	16
7735	8
7736	14
7737	7
7738	11
7739	11
7740	11
7741	14
7742	13
7743	10
7744	10
7745	9
7746	9
7747	9
7748	10
7749	13
7750	13
7751	9
7752	8
7753	14
7754	15
7755	8
7756	5
7757	7
7758	10
7759	10
7760	9
7761	10
7762	17
7763	8
7764	13
7765	9
7766	12
7767	7
7768	13
7769	9
7770	13
7771	9
7772	10
7773	15
7774	16
7775	6
7776	6
7777	12
7778	15
7779	7
7780	10
7781	7
7782	9
7783	7
7784	10
7785	13
7786	13
7787	8
7788	9
7789	9
7790	8
7791	9
7792	5
7793	16
7794	6
7795	7
7796	6
7797	11
7798	12
7799	10
7800	10
7801	15
7802	6
7803	13
7804	5
7805	7
7806	14
7807	7
7808	8
7809	5
7810	10
7811	7
7812	11
7813	10
7814	13
7815	8
7816	6
7817	12
7818	12
7819	9
7820	6
7821	8
7822	9
7823	9
7824	19
7825	9
7826	6
7827	11
7828	6
7829	16
7830	11
7831	10
7832	9
7833	12
7834	9
7835	5
7836	15
7837	12
7838	9
7839	8
7840	4
7841	13
7842	10
7843	14
7844	11
7845	15
7846	7
7847	14
7848	6
7849	9
7850	15
7851	8
7852	10
7853	9
7854	13
7855	11
7856	11
7857	19
7858	12
7859	14
7860	11
7861	8
7862	8
7863	10
7864	11
7865	9
7866	10
7867	7
7868	3
7869	13
7870	9
7871	8
7872	8
7873	12
7874	11
7875	11
7876	8
7877	11
7878	11
7879	12
7880	9
7881	13
7882	5
7883	15
7884	5
7885	7
7886	6
7887	8
7888	9
7889	17
7890	10
7891	10
7892	6
7893	13
7894	9
7895	6
7896	9
7897	7
7898	13
7899	11
7900	3
7901	11
7902	16
7903	13
7904	12
7905	8
7906	14
7907	5
7908	14
7909	9
7910	7
7911	10
7912	16
7913	12
7914	9
7915	13
7916	6
7917	8
7918	10
7919	11
7920	12
7921	8
7922	5
7923	11
7924	13
7925	12
7926	10
7927	11
7928	9
7929	12
7930	7
7931	15
7932	10
7933	9
7934	11
7935	10
7936	8
7937	5
7938	12
7939	6
7940	8
7941	10
7942	11
7943	8
7944	3
7945	8
7946	13
7947	17
7948	11
7949	8
7950	6
7951	13
7952	7
7953	4
7954	11
7955	9
7956	11
7957	9
7958	11
7959	6
7960	11
7961	8
7962	6
7963	8
7964	6
7965	16
7966	8
7967	15
7968	13
7969	6
7970	5
7971	10
7972	9
7973	11
7974	8
7975	5
7976	9
7977	7
7978	15
7979	17
7980	8
7981	7
7982	13
7983	13
7984	11
7985	8
7986	7
7987	5
7988	9
7989	7
7990	10
7991	7
7992	6
7993	10
7994	9
7995	5
7996	6
7997	5
7998	9
7999	6
8000	12
8001	7
8002	4
8003	5
8004	12
8005	11
8006	3
8007	8
8008	15
8009	17
8010	13
8011	13
8012	9
8013	6
8014	8
8015	7
8016	14
8017	4
8018	7
8019	4
8020	12
8021	7
8022	11
8023	3
8024	11
8025	10
8026	10
8027	15
8028	10
8029	14
8030	15
8031	9
8032	7
8033	8
8034	8
8035	13
8036	9
8037	7
8038	13
8039	11
8040	9
8041	16
8042	15
8043	10
8044	10
8045	9
8046	11
8047	10
8048	8
8049	10
8050	6
8051	11
8052	9
8053	9
8054	11
8055	10
8056	11
8057	9
8058	11
8059	12
8060	5
8061	7
8062	12
8063	9
8064	10
8065	6
8066	15
8067	15
8068	13
8069	11
8070	8
8071	5
8072	11
8073	10
8074	9
8075	13
8076	10
8077	10
8078	9
8079	10
8080	16
8081	5
8082	10
8083	13
8084	8
8085	10
8086	3
8087	11
8088	9
8089	6
8090	5
8091	11
8092	10
8093	15
8094	9
8095	10
8096	11
8097	7
8098	7
8099	5
8100	5
8101	5
8102	5
8103	5
8104	4
8105	4
8106	3
8107	3
8108	6
8109	8
8110	8
8111	4
8112	5
8113	6
8114	5
8115	9
8116	9
8117	3
8118	3
8119	6
8120	4
8121	5
8122	2
8123	4
8124	1
8125	5
8126	5
8127	3
8128	1
8129	4
8130	2
8131	2
8132	2
8133	1
8134	1
8135	1
8136	0
8137	0
8138	2
8139	1
8140	0
8141	2
8142	0
8143	0
8144	1
8145	0
8146	0
8147	0
8148	0
8149	0
8150	0
8151	0
8152	0
8153	1
8154	1
8155	0
8156	0
8157	0
8158	0
8159	0
8160	0
8161	0
8162	0
8163	0
8164	0
8165	0
8166	0
8167	0
8168	0
8169	0
8170	0
8171	0
8172	0
8173	0
8174	0
8175	0
8176	0
8177	0
8178	0
8179	0
8180	0
8181	0
8182	0
8183	0
8184	0
8185	0
8186	0
8187	0
8188	0
8189	0
8190	0
8191	0
