0	0
1	0
2	0
3	0
4	0
5	0
6	0
7	0
8	0
9	0
10	0
11	0
12	0
13	0
14	0
15	0
16	0
17	0
18	0
19	0
20	0
21	0
22	0
23	0
24	0
25	0
26	0
27	0
28	0
29	0
30	0
31	0
32	0
33	0
34	0
35	0
36	0
37	0
38	0
39	1
40	1
41	0
42	0
43	0
44	1
45	1
46	1
47	0
48	0
49	1
50	0
51	1
52	0
53	1
54	3
55	0
56	0
57	1
58	0
59	1
60	1
61	0
62	1
63	1
64	2
65	0
66	2
67	1
68	0
69	1
70	1
71	2
72	0
73	1
74	1
75	0
76	1
77	0
78	0
79	0
80	0
81	1
82	0
83	1
84	0
85	3
86	1
87	1
88	1
89	0
90	0
91	1
92	1
93	0
94	1
95	1
96	1
97	0
98	0
99	1
100	1
101	0
102	2
103	1
104	1
105	0
106	0
107	2
108	0
109	0
110	1
111	0
112	0
113	0
114	0
115	0
116	0
117	0
118	2
119	0
120	0
121	2
122	0
123	0
124	0
125	0
126	2
127	0
128	1
129	1
130	0
131	1
132	0
133	1
134	0
135	1
136	1
137	0
138	0
139	1
140	0
141	3
142	3
143	0
144	2
145	0
146	1
147	0
148	0
149	0
150	0
151	2
152	0
153	0
154	1
155	0
156	1
157	1
158	1
159	0
160	1
161	0
162	1
163	0
164	0
165	0
166	2
167	0
168	0
169	1
170	2
171	0
172	0
173	0
174	2
175	0
176	1
177	1
178	1
179	0
180	1
181	1
182	0
183	2
184	3
185	1
186	0
187	1
188	2
189	1
190	0
191	1
192	0
193	0
194	0
195	0
196	0
197	0
198	2
199	0
200	0
201	0
202	1
203	0
204	1
205	1
206	2
207	0
208	0
209	1
210	0
211	0
212	0
213	0
214	0
215	1
216	0
217	1
218	1
219	1
220	2
221	0
222	0
223	0
224	0
225	2
226	0
227	0
228	0
229	2
230	0
231	0
232	0
233	0
234	0
235	1
236	2
237	3
238	0
239	1
240	1
241	1
242	3
243	2
244	2
245	1
246	1
247	1
248	1
249	0
250	0
251	0
252	0
253	3
254	1
255	4
256	1
257	1
258	2
259	1
260	0
261	1
262	1
263	2
264	0
265	0
266	0
267	1
268	0
269	0
270	0
271	0
272	1
273	1
274	0
275	1
276	1
277	1
278	0
279	0
280	0
281	2
282	0
283	0
284	2
285	1
286	1
287	1
288	2
289	1
290	0
291	1
292	4
293	0
294	1
295	1
296	0
297	1
298	2
299	0
300	4
301	2
302	6
303	1
304	1
305	3
306	2
307	1
308	3
309	2
310	2
311	1
312	3
313	3
314	2
315	1
316	3
317	8
318	1
319	4
320	4
321	4
322	4
323	3
324	2
325	6
326	6
327	4
328	5
329	9
330	3
331	2
332	1
333	4
334	1
335	6
336	6
337	5
338	3
339	7
340	4
341	5
342	6
343	7
344	5
345	7
346	3
347	5
348	4
349	7
350	6
351	12
352	8
353	8
354	13
355	8
356	5
357	9
358	9
359	12
360	16
361	11
362	18
363	12
364	16
365	20
366	17
367	16
368	19
369	23
370	25
371	20
372	22
373	27
374	18
375	29
376	16
377	27
378	42
379	35
380	46
381	34
382	47
383	39
384	60
385	31
386	51
387	48
388	44
389	79
390	85
391	74
392	77
393	92
394	81
395	85
396	109
397	114
398	116
399	105
400	119
401	118
402	123
403	154
404	150
405	157
406	181
407	186
408	224
409	200
410	188
411	217
412	211
413	233
414	266
415	246
416	285
417	281
418	279
419	318
420	336
421	361
422	354
423	361
424	398
425	444
426	440
427	432
428	433
429	460
430	443
431	482
432	457
433	519
434	538
435	580
436	608
437	581
438	580
439	611
440	641
441	655
442	658
443	669
444	679
445	714
446	769
447	694
448	755
449	794
450	752
451	797
452	759
453	749
454	771
455	682
456	773
457	806
458	882
459	817
460	792
461	825
462	779
463	788
464	834
465	836
466	834
467	850
468	879
469	833
470	813
471	872
472	858
473	839
474	840
475	833
476	814
477	846
478	821
479	877
480	887
481	840
482	731
483	838
484	812
485	877
486	862
487	855
488	782
489	877
490	881
491	823
492	845
493	840
494	871
495	856
496	807
497	822
498	841
499	856
500	844
501	761
502	849
503	794
504	775
505	781
506	794
507	787
508	813
509	793
510	759
511	735
512	809
513	769
514	734
515	770
516	732
517	753
518	755
519	760
520	679
521	716
522	709
523	721
524	686
525	703
526	677
527	666
528	607
529	648
530	645
531	653
532	598
533	574
534	589
535	553
536	564
537	534
538	564
539	542
540	487
541	501
542	498
543	476
544	494
545	455
546	467
547	456
548	465
549	429
550	428
551	388
552	391
553	400
554	403
555	346
556	330
557	354
558	336
559	310
560	308
561	322
562	294
563	294
564	283
565	306
566	318
567	290
568	288
569	276
570	251
571	256
572	229
573	246
574	240
575	236
576	255
577	224
578	224
579	211
580	227
581	236
582	211
583	214
584	222
585	212
586	202
587	181
588	203
589	209
590	168
591	201
592	158
593	207
594	225
595	184
596	197
597	207
598	225
599	195
600	200
601	204
602	210
603	199
604	188
605	214
606	232
607	208
608	212
609	211
610	239
611	241
612	212
613	228
614	245
615	253
616	238
617	237
618	227
619	212
620	230
621	243
622	235
623	227
624	246
625	249
626	265
627	261
628	251
629	257
630	298
631	283
632	289
633	281
634	273
635	277
636	287
637	311
638	286
639	289
640	308
641	279
642	315
643	326
644	330
645	311
646	342
647	327
648	315
649	329
650	343
651	323
652	336
653	314
654	336
655	338
656	340
657	341
658	352
659	351
660	360
661	357
662	388
663	375
664	376
665	379
666	421
667	423
668	398
669	399
670	436
671	416
672	423
673	445
674	485
675	436
676	437
677	440
678	463
679	460
680	450
681	439
682	493
683	413
684	498
685	483
686	513
687	556
688	568
689	519
690	520
691	521
692	537
693	530
694	512
695	532
696	558
697	541
698	543
699	547
700	573
701	544
702	589
703	581
704	598
705	582
706	578
707	633
708	609
709	581
710	566
711	599
712	596
713	599
714	628
715	625
716	644
717	646
718	661
719	653
720	660
721	660
722	620
723	656
724	665
725	653
726	676
727	644
728	677
729	692
730	704
731	670
732	694
733	664
734	659
735	711
736	667
737	652
738	679
739	711
740	646
741	671
742	720
743	712
744	672
745	705
746	695
747	704
748	747
749	718
750	720
751	721
752	757
753	729
754	707
755	731
756	707
757	728
758	727
759	726
760	757
761	680
762	703
763	714
764	735
765	721
766	710
767	725
768	719
769	765
770	693
771	737
772	697
773	741
774	689
775	753
776	711
777	730
778	706
779	694
780	696
781	674
782	706
783	696
784	699
785	675
786	692
787	696
788	708
789	687
790	696
791	670
792	682
793	663
794	663
795	702
796	679
797	649
798	683
799	627
800	625
801	625
802	641
803	614
804	662
805	700
806	658
807	685
808	601
809	625
810	626
811	636
812	606
813	628
814	635
815	640
816	594
817	589
818	621
819	628
820	572
821	614
822	585
823	613
824	585
825	593
826	597
827	598
828	542
829	655
830	622
831	562
832	632
833	661
834	618
835	603
836	598
837	625
838	658
839	608
840	595
841	643
842	625
843	614
844	590
845	635
846	635
847	662
848	667
849	629
850	667
851	656
852	657
853	650
854	687
855	705
856	664
857	705
858	698
859	726
860	768
861	730
862	721
863	737
864	724
865	772
866	790
867	803
868	796
869	776
870	809
871	819
872	780
873	808
874	851
875	860
876	862
877	858
878	905
879	880
880	909
881	859
882	919
883	888
884	906
885	968
886	985
887	897
888	976
889	928
890	938
891	993
892	944
893	992
894	1042
895	1041
896	1035
897	1011
898	1033
899	991
900	1036
901	1040
902	1041
903	1051
904	1078
905	1094
906	1094
907	1113
908	1088
909	1069
910	1183
911	1105
912	1147
913	1093
914	1133
915	1140
916	1186
917	1144
918	1113
919	1139
920	1160
921	1191
922	1107
923	1227
924	1126
925	1206
926	1119
927	1196
928	1119
929	1191
930	1110
931	1214
932	1134
933	1152
934	1124
935	1173
936	1096
937	1171
938	1141
939	1118
940	1142
941	1170
942	1136
943	1122
944	1114
945	1124
946	1198
947	1091
948	1075
949	1136
950	1118
951	1027
952	1086
953	1127
954	1035
955	1033
956	1059
957	1055
958	1035
959	1118
960	1091
961	993
962	1004
963	1020
964	1000
965	1004
966	983
967	1000
968	965
969	966
970	925
971	991
972	987
973	957
974	965
975	964
976	881
977	885
978	926
979	895
980	899
981	891
982	857
983	869
984	911
985	856
986	901
987	904
988	833
989	808
990	820
991	819
992	796
993	808
994	820
995	818
996	797
997	834
998	830
999	806
1000	831
1001	778
1002	806
1003	764
1004	796
1005	789
1006	785
1007	764
1008	770
1009	799
1010	776
1011	779
1012	782
1013	729
1014	751
1015	731
1016	773
1017	772
1018	748
1019	789
1020	755
1021	736
1022	728
1023	729
1024	772
1025	755
1026	765
1027	720
1028	742
1029	698
1030	724
1031	726
1032	719
1033	733
1034	759
1035	767
1036	714
1037	741
1038	741
1039	731
1040	758
1041	744
1042	769
1043	758
1044	795
1045	798
1046	789
1047	802
1048	832
1049	818
1050	816
1051	771
1052	789
1053	838
1054	887
1055	892
1056	893
1057	875
1058	848
1059	852
1060	873
1061	885
1062	853
1063	936
1064	885
1065	918
1066	944
1067	967
1068	976
1069	988
1070	1057
1071	1020
1072	1010
1073	1058
1074	1123
1075	1053
1076	1096
1077	1085
1078	1104
1079	1135
1080	1144
1081	1218
1082	1203
1083	1286
1084	1217
1085	1234
1086	1253
1087	1305
1088	1322
1089	1358
1090	1373
1091	1407
1092	1336
1093	1374
1094	1415
1095	1427
1096	1437
1097	1492
1098	1568
1099	1537
1100	1530
1101	1632
1102	1638
1103	1699
1104	1714
1105	1696
1106	1793
1107	1769
1108	1839
1109	1812
1110	1812
1111	1937
1112	1944
1113	2028
1114	2092
1115	1995
1116	2105
1117	2043
1118	2153
1119	2152
1120	2277
1121	2230
1122	2327
1123	2351
1124	2337
1125	2499
1126	2387
1127	2562
1128	2532
1129	2556
1130	2659
1131	2705
1132	2797
1133	2841
1134	2923
1135	2871
1136	2920
1137	2998
1138	2973
1139	3089
1140	3109
1141	3142
1142	3233
1143	3278
1144	3307
1145	3375
1146	3402
1147	3322
1148	3536
1149	3501
1150	3561
1151	3563
1152	3592
1153	3690
1154	3725
1155	3736
1156	3807
1157	3935
1158	3869
1159	3994
1160	3984
1161	4031
1162	3996
1163	4109
1164	4126
1165	4142
1166	4174
1167	4227
1168	4350
1169	4348
1170	4321
1171	4398
1172	4385
1173	4434
1174	4452
1175	4536
1176	4537
1177	4539
1178	4455
1179	4645
1180	4603
1181	4617
1182	4652
1183	4513
1184	4520
1185	4587
1186	4554
1187	4700
1188	4604
1189	4620
1190	4622
1191	4708
1192	4658
1193	4617
1194	4668
1195	4583
1196	4557
1197	4561
1198	4583
1199	4529
1200	4455
1201	4505
1202	4528
1203	4503
1204	4500
1205	4471
1206	4399
1207	4543
1208	4329
1209	4353
1210	4341
1211	4268
1212	4201
1213	4258
1214	4116
1215	4193
1216	4008
1217	4071
1218	3876
1219	3942
1220	3925
1221	3897
1222	3733
1223	3799
1224	3763
1225	3744
1226	3657
1227	3774
1228	3486
1229	3573
1230	3410
1231	3411
1232	3335
1233	3410
1234	3165
1235	3241
1236	3171
1237	3136
1238	3043
1239	2955
1240	2918
1241	2844
1242	2740
1243	2809
1244	2766
1245	2630
1246	2711
1247	2588
1248	2618
1249	2494
1250	2485
1251	2434
1252	2300
1253	2329
1254	2261
1255	2144
1256	2144
1257	2199
1258	2080
1259	1969
1260	2052
1261	1857
1262	1842
1263	1818
1264	1751
1265	1765
1266	1722
1267	1727
1268	1620
1269	1599
1270	1561
1271	1528
1272	1501
1273	1474
1274	1430
1275	1378
1276	1374
1277	1264
1278	1280
1279	1206
1280	1274
1281	1132
1282	1214
1283	1173
1284	1052
1285	1074
1286	1109
1287	1012
1288	891
1289	999
1290	998
1291	935
1292	890
1293	877
1294	884
1295	825
1296	830
1297	810
1298	755
1299	741
1300	744
1301	659
1302	756
1303	726
1304	682
1305	656
1306	650
1307	658
1308	651
1309	630
1310	598
1311	612
1312	558
1313	582
1314	580
1315	555
1316	524
1317	508
1318	521
1319	495
1320	501
1321	509
1322	471
1323	469
1324	476
1325	485
1326	441
1327	423
1328	482
1329	438
1330	427
1331	452
1332	450
1333	403
1334	414
1335	382
1336	430
1337	385
1338	409
1339	392
1340	377
1341	435
1342	389
1343	401
1344	376
1345	367
1346	377
1347	363
1348	351
1349	369
1350	330
1351	364
1352	359
1353	339
1354	375
1355	359
1356	328
1357	337
1358	368
1359	365
1360	349
1361	334
1362	347
1363	325
1364	356
1365	327
1366	349
1367	340
1368	338
1369	358
1370	340
1371	342
1372	351
1373	351
1374	331
1375	362
1376	335
1377	352
1378	313
1379	350
1380	340
1381	296
1382	343
1383	332
1384	320
1385	339
1386	340
1387	329
1388	344
1389	311
1390	338
1391	353
1392	296
1393	318
1394	309
1395	317
1396	310
1397	357
1398	333
1399	313
1400	349
1401	336
1402	306
1403	312
1404	354
1405	362
1406	329
1407	353
1408	358
1409	335
1410	347
1411	324
1412	345
1413	334
1414	353
1415	333
1416	314
1417	321
1418	361
1419	344
1420	351
1421	341
1422	360
1423	345
1424	332
1425	327
1426	301
1427	302
1428	320
1429	304
1430	318
1431	360
1432	321
1433	322
1434	328
1435	318
1436	349
1437	310
1438	318
1439	334
1440	332
1441	323
1442	335
1443	310
1444	316
1445	330
1446	325
1447	343
1448	346
1449	334
1450	379
1451	332
1452	332
1453	321
1454	333
1455	334
1456	332
1457	330
1458	329
1459	297
1460	322
1461	295
1462	336
1463	348
1464	344
1465	340
1466	316
1467	337
1468	325
1469	300
1470	351
1471	313
1472	324
1473	311
1474	311
1475	317
1476	326
1477	365
1478	319
1479	331
1480	352
1481	335
1482	354
1483	351
1484	372
1485	341
1486	355
1487	352
1488	349
1489	334
1490	336
1491	330
1492	323
1493	360
1494	299
1495	332
1496	388
1497	348
1498	338
1499	320
1500	337
1501	342
1502	353
1503	364
1504	350
1505	324
1506	336
1507	348
1508	364
1509	333
1510	343
1511	350
1512	353
1513	349
1514	375
1515	336
1516	344
1517	347
1518	358
1519	338
1520	361
1521	326
1522	364
1523	363
1524	358
1525	377
1526	367
1527	376
1528	357
1529	365
1530	352
1531	371
1532	369
1533	339
1534	339
1535	364
1536	387
1537	358
1538	369
1539	384
1540	388
1541	406
1542	396
1543	344
1544	375
1545	414
1546	373
1547	375
1548	395
1549	393
1550	384
1551	380
1552	400
1553	384
1554	392
1555	467
1556	422
1557	373
1558	432
1559	433
1560	415
1561	391
1562	461
1563	414
1564	474
1565	412
1566	466
1567	417
1568	399
1569	420
1570	443
1571	439
1572	433
1573	438
1574	441
1575	418
1576	435
1577	441
1578	461
1579	461
1580	507
1581	479
1582	467
1583	459
1584	462
1585	447
1586	495
1587	508
1588	522
1589	443
1590	478
1591	491
1592	510
1593	478
1594	489
1595	493
1596	475
1597	524
1598	521
1599	486
1600	535
1601	530
1602	547
1603	527
1604	542
1605	513
1606	531
1607	506
1608	575
1609	570
1610	537
1611	530
1612	522
1613	543
1614	570
1615	560
1616	572
1617	578
1618	540
1619	574
1620	592
1621	570
1622	624
1623	620
1624	592
1625	592
1626	568
1627	623
1628	582
1629	646
1630	668
1631	558
1632	641
1633	629
1634	644
1635	628
1636	666
1637	656
1638	582
1639	661
1640	633
1641	644
1642	620
1643	676
1644	683
1645	672
1646	637
1647	644
1648	668
1649	669
1650	633
1651	649
1652	669
1653	637
1654	695
1655	663
1656	722
1657	706
1658	661
1659	636
1660	685
1661	668
1662	706
1663	702
1664	719
1665	754
1666	697
1667	621
1668	686
1669	656
1670	697
1671	665
1672	654
1673	697
1674	705
1675	670
1676	690
1677	702
1678	702
1679	771
1680	696
1681	686
1682	715
1683	644
1684	652
1685	733
1686	690
1687	686
1688	629
1689	665
1690	669
1691	729
1692	695
1693	665
1694	669
1695	647
1696	657
1697	695
1698	633
1699	619
1700	629
1701	635
1702	624
1703	610
1704	638
1705	627
1706	600
1707	661
1708	606
1709	604
1710	593
1711	582
1712	623
1713	621
1714	641
1715	585
1716	623
1717	585
1718	561
1719	563
1720	581
1721	565
1722	579
1723	567
1724	564
1725	558
1726	547
1727	583
1728	561
1729	538
1730	552
1731	517
1732	549
1733	531
1734	518
1735	536
1736	521
1737	516
1738	518
1739	477
1740	519
1741	489
1742	543
1743	513
1744	522
1745	515
1746	464
1747	502
1748	433
1749	434
1750	490
1751	497
1752	458
1753	445
1754	478
1755	458
1756	486
1757	442
1758	439
1759	422
1760	453
1761	453
1762	392
1763	413
1764	412
1765	420
1766	391
1767	411
1768	389
1769	373
1770	391
1771	388
1772	404
1773	377
1774	374
1775	367
1776	393
1777	330
1778	367
1779	368
1780	381
1781	337
1782	338
1783	354
1784	337
1785	328
1786	343
1787	336
1788	362
1789	376
1790	338
1791	360
1792	336
1793	326
1794	321
1795	291
1796	312
1797	337
1798	321
1799	297
1800	307
1801	322
1802	281
1803	296
1804	308
1805	312
1806	272
1807	289
1808	314
1809	283
1810	285
1811	286
1812	293
1813	315
1814	265
1815	243
1816	268
1817	296
1818	280
1819	287
1820	258
1821	296
1822	297
1823	272
1824	286
1825	306
1826	244
1827	269
1828	258
1829	290
1830	273
1831	268
1832	265
1833	270
1834	291
1835	250
1836	283
1837	246
1838	265
1839	295
1840	254
1841	226
1842	265
1843	285
1844	271
1845	266
1846	268
1847	288
1848	245
1849	287
1850	275
1851	281
1852	258
1853	269
1854	289
1855	284
1856	241
1857	262
1858	297
1859	244
1860	276
1861	250
1862	241
1863	269
1864	236
1865	247
1866	247
1867	272
1868	258
1869	243
1870	259
1871	245
1872	261
1873	275
1874	262
1875	250
1876	255
1877	251
1878	262
1879	264
1880	239
1881	263
1882	260
1883	240
1884	257
1885	253
1886	266
1887	251
1888	250
1889	255
1890	255
1891	280
1892	271
1893	247
1894	241
1895	254
1896	294
1897	262
1898	273
1899	252
1900	280
1901	252
1902	238
1903	270
1904	258
1905	260
1906	262
1907	277
1908	254
1909	244
1910	245
1911	266
1912	244
1913	232
1914	248
1915	247
1916	284
1917	307
1918	254
1919	271
1920	263
1921	274
1922	232
1923	259
1924	263
1925	231
1926	279
1927	285
1928	269
1929	297
1930	259
1931	254
1932	287
1933	244
1934	256
1935	263
1936	228
1937	269
1938	271
1939	270
1940	299
1941	250
1942	284
1943	290
1944	289
1945	216
1946	250
1947	269
1948	289
1949	277
1950	291
1951	264
1952	276
1953	304
1954	264
1955	291
1956	262
1957	266
1958	290
1959	308
1960	264
1961	304
1962	287
1963	283
1964	249
1965	274
1966	309
1967	256
1968	284
1969	268
1970	295
1971	298
1972	260
1973	272
1974	287
1975	264
1976	277
1977	284
1978	329
1979	287
1980	297
1981	279
1982	288
1983	296
1984	288
1985	291
1986	271
1987	282
1988	261
1989	283
1990	307
1991	281
1992	317
1993	307
1994	271
1995	325
1996	263
1997	285
1998	279
1999	287
2000	298
2001	317
2002	298
2003	308
2004	315
2005	318
2006	290
2007	320
2008	312
2009	288
2010	328
2011	290
2012	272
2013	317
2014	293
2015	307
2016	296
2017	306
2018	298
2019	285
2020	303
2021	290
2022	286
2023	314
2024	289
2025	309
2026	308
2027	302
2028	286
2029	304
2030	303
2031	306
2032	296
2033	298
2034	311
2035	332
2036	298
2037	311
2038	319
2039	313
2040	273
2041	295
2042	303
2043	342
2044	311
2045	300
2046	312
2047	312
2048	334
2049	342
2050	315
2051	319
2052	311
2053	326
2054	303
2055	291
2056	302
2057	346
2058	304
2059	340
2060	313
2061	347
2062	320
2063	327
2064	334
2065	302
2066	322
2067	327
2068	288
2069	321
2070	318
2071	337
2072	295
2073	349
2074	310
2075	333
2076	329
2077	336
2078	375
2079	311
2080	326
2081	318
2082	313
2083	325
2084	332
2085	340
2086	333
2087	319
2088	351
2089	324
2090	328
2091	341
2092	356
2093	328
2094	328
2095	356
2096	388
2097	324
2098	322
2099	329
2100	334
2101	349
2102	334
2103	355
2104	346
2105	355
2106	363
2107	331
2108	321
2109	339
2110	335
2111	345
2112	366
2113	348
2114	350
2115	334
2116	357
2117	316
2118	336
2119	343
2120	366
2121	337
2122	350
2123	347
2124	342
2125	365
2126	330
2127	372
2128	392
2129	335
2130	320
2131	363
2132	376
2133	358
2134	356
2135	337
2136	350
2137	360
2138	371
2139	359
2140	361
2141	374
2142	390
2143	339
2144	364
2145	345
2146	320
2147	370
2148	345
2149	364
2150	391
2151	370
2152	328
2153	361
2154	352
2155	362
2156	378
2157	353
2158	368
2159	363
2160	360
2161	363
2162	368
2163	355
2164	374
2165	351
2166	374
2167	338
2168	363
2169	409
2170	364
2171	327
2172	368
2173	344
2174	405
2175	383
2176	360
2177	363
2178	377
2179	381
2180	372
2181	393
2182	380
2183	326
2184	364
2185	368
2186	355
2187	394
2188	376
2189	372
2190	381
2191	366
2192	362
2193	383
2194	391
2195	357
2196	383
2197	370
2198	381
2199	411
2200	383
2201	376
2202	359
2203	382
2204	378
2205	378
2206	375
2207	387
2208	370
2209	406
2210	345
2211	366
2212	388
2213	390
2214	367
2215	392
2216	388
2217	396
2218	367
2219	379
2220	407
2221	372
2222	403
2223	392
2224	380
2225	352
2226	420
2227	381
2228	412
2229	374
2230	380
2231	404
2232	434
2233	395
2234	380
2235	375
2236	422
2237	396
2238	368
2239	408
2240	371
2241	374
2242	374
2243	362
2244	385
2245	358
2246	401
2247	434
2248	343
2249	373
2250	397
2251	402
2252	373
2253	371
2254	367
2255	382
2256	386
2257	359
2258	342
2259	344
2260	377
2261	350
2262	364
2263	375
2264	351
2265	355
2266	383
2267	372
2268	408
2269	380
2270	397
2271	417
2272	383
2273	388
2274	407
2275	364
2276	364
2277	351
2278	382
2279	391
2280	389
2281	385
2282	366
2283	386
2284	372
2285	387
2286	386
2287	382
2288	405
2289	379
2290	384
2291	366
2292	360
2293	351
2294	350
2295	376
2296	346
2297	401
2298	359
2299	339
2300	360
2301	379
2302	343
2303	360
2304	386
2305	359
2306	331
2307	386
2308	392
2309	379
2310	360
2311	349
2312	379
2313	349
2314	370
2315	361
2316	378
2317	372
2318	367
2319	352
2320	388
2321	357
2322	346
2323	359
2324	413
2325	326
2326	359
2327	389
2328	366
2329	386
2330	381
2331	355
2332	364
2333	351
2334	344
2335	389
2336	316
2337	320
2338	360
2339	383
2340	350
2341	340
2342	353
2343	343
2344	346
2345	316
2346	323
2347	368
2348	366
2349	361
2350	368
2351	361
2352	355
2353	350
2354	323
2355	322
2356	327
2357	364
2358	381
2359	334
2360	304
2361	326
2362	340
2363	358
2364	345
2365	353
2366	353
2367	355
2368	349
2369	326
2370	340
2371	352
2372	342
2373	335
2374	298
2375	339
2376	324
2377	347
2378	313
2379	338
2380	357
2381	322
2382	325
2383	353
2384	310
2385	350
2386	336
2387	327
2388	354
2389	334
2390	354
2391	324
2392	330
2393	320
2394	324
2395	348
2396	327
2397	296
2398	293
2399	350
2400	310
2401	291
2402	317
2403	320
2404	328
2405	326
2406	343
2407	354
2408	310
2409	328
2410	282
2411	354
2412	322
2413	304
2414	306
2415	310
2416	299
2417	285
2418	344
2419	316
2420	304
2421	311
2422	288
2423	298
2424	313
2425	280
2426	305
2427	323
2428	314
2429	301
2430	331
2431	284
2432	303
2433	318
2434	329
2435	284
2436	299
2437	295
2438	256
2439	349
2440	300
2441	313
2442	288
2443	297
2444	318
2445	305
2446	318
2447	308
2448	318
2449	304
2450	319
2451	320
2452	284
2453	337
2454	278
2455	303
2456	290
2457	308
2458	315
2459	291
2460	298
2461	291
2462	287
2463	279
2464	268
2465	272
2466	338
2467	301
2468	277
2469	271
2470	298
2471	300
2472	292
2473	310
2474	297
2475	297
2476	302
2477	299
2478	272
2479	315
2480	285
2481	294
2482	286
2483	326
2484	280
2485	289
2486	267
2487	274
2488	269
2489	277
2490	306
2491	260
2492	251
2493	289
2494	282
2495	284
2496	285
2497	307
2498	293
2499	254
2500	263
2501	287
2502	274
2503	285
2504	301
2505	286
2506	265
2507	285
2508	282
2509	285
2510	271
2511	289
2512	282
2513	283
2514	265
2515	265
2516	262
2517	289
2518	288
2519	238
2520	255
2521	256
2522	278
2523	258
2524	251
2525	265
2526	262
2527	253
2528	269
2529	280
2530	281
2531	278
2532	255
2533	293
2534	270
2535	255
2536	260
2537	266
2538	266
2539	258
2540	288
2541	247
2542	263
2543	259
2544	264
2545	229
2546	254
2547	276
2548	283
2549	238
2550	259
2551	292
2552	248
2553	247
2554	281
2555	263
2556	234
2557	280
2558	270
2559	270
2560	290
2561	266
2562	237
2563	251
2564	263
2565	263
2566	253
2567	263
2568	272
2569	264
2570	237
2571	293
2572	269
2573	241
2574	274
2575	254
2576	246
2577	240
2578	220
2579	261
2580	241
2581	276
2582	259
2583	240
2584	255
2585	270
2586	226
2587	302
2588	247
2589	250
2590	231
2591	234
2592	246
2593	251
2594	234
2595	248
2596	272
2597	286
2598	272
2599	252
2600	268
2601	262
2602	260
2603	238
2604	261
2605	249
2606	254
2607	250
2608	237
2609	264
2610	275
2611	244
2612	248
2613	247
2614	284
2615	231
2616	228
2617	262
2618	251
2619	253
2620	254
2621	238
2622	260
2623	249
2624	297
2625	240
2626	280
2627	238
2628	242
2629	261
2630	249
2631	245
2632	272
2633	248
2634	270
2635	270
2636	258
2637	257
2638	264
2639	258
2640	259
2641	263
2642	257
2643	244
2644	251
2645	281
2646	250
2647	250
2648	243
2649	287
2650	263
2651	254
2652	256
2653	267
2654	230
2655	261
2656	220
2657	271
2658	253
2659	233
2660	238
2661	256
2662	209
2663	251
2664	228
2665	219
2666	219
2667	274
2668	245
2669	224
2670	255
2671	212
2672	256
2673	253
2674	247
2675	234
2676	255
2677	250
2678	236
2679	270
2680	241
2681	256
2682	236
2683	238
2684	229
2685	256
2686	227
2687	228
2688	253
2689	245
2690	259
2691	240
2692	232
2693	245
2694	241
2695	243
2696	244
2697	244
2698	243
2699	241
2700	234
2701	226
2702	271
2703	245
2704	221
2705	218
2706	229
2707	243
2708	230
2709	254
2710	256
2711	216
2712	238
2713	265
2714	238
2715	219
2716	228
2717	229
2718	208
2719	238
2720	248
2721	227
2722	227
2723	247
2724	239
2725	239
2726	242
2727	243
2728	234
2729	238
2730	216
2731	215
2732	224
2733	245
2734	233
2735	231
2736	236
2737	217
2738	232
2739	200
2740	198
2741	218
2742	263
2743	228
2744	218
2745	237
2746	223
2747	236
2748	233
2749	246
2750	214
2751	225
2752	210
2753	236
2754	216
2755	230
2756	218
2757	208
2758	199
2759	280
2760	215
2761	270
2762	211
2763	200
2764	232
2765	218
2766	239
2767	218
2768	215
2769	218
2770	229
2771	243
2772	219
2773	241
2774	211
2775	223
2776	202
2777	216
2778	201
2779	192
2780	200
2781	209
2782	220
2783	203
2784	221
2785	219
2786	198
2787	213
2788	223
2789	208
2790	228
2791	209
2792	231
2793	202
2794	208
2795	202
2796	218
2797	198
2798	208
2799	221
2800	245
2801	203
2802	201
2803	214
2804	216
2805	199
2806	203
2807	200
2808	218
2809	200
2810	226
2811	207
2812	205
2813	197
2814	225
2815	205
2816	202
2817	208
2818	227
2819	219
2820	195
2821	210
2822	184
2823	185
2824	209
2825	201
2826	215
2827	233
2828	203
2829	194
2830	173
2831	215
2832	190
2833	226
2834	206
2835	195
2836	184
2837	190
2838	175
2839	208
2840	203
2841	172
2842	183
2843	214
2844	197
2845	217
2846	200
2847	204
2848	208
2849	213
2850	172
2851	209
2852	192
2853	193
2854	222
2855	186
2856	197
2857	204
2858	204
2859	187
2860	207
2861	193
2862	177
2863	198
2864	197
2865	187
2866	182
2867	161
2868	192
2869	192
2870	192
2871	168
2872	201
2873	167
2874	168
2875	172
2876	196
2877	181
2878	170
2879	178
2880	206
2881	215
2882	181
2883	178
2884	216
2885	185
2886	163
2887	184
2888	224
2889	204
2890	189
2891	179
2892	192
2893	172
2894	213
2895	169
2896	167
2897	181
2898	191
2899	185
2900	202
2901	172
2902	164
2903	176
2904	216
2905	155
2906	168
2907	160
2908	182
2909	174
2910	170
2911	170
2912	185
2913	156
2914	177
2915	186
2916	193
2917	196
2918	157
2919	193
2920	187
2921	149
2922	179
2923	169
2924	161
2925	149
2926	172
2927	181
2928	179
2929	191
2930	135
2931	168
2932	190
2933	189
2934	171
2935	166
2936	174
2937	172
2938	182
2939	160
2940	166
2941	174
2942	152
2943	152
2944	180
2945	169
2946	162
2947	170
2948	174
2949	162
2950	174
2951	157
2952	148
2953	179
2954	165
2955	174
2956	179
2957	157
2958	159
2959	166
2960	145
2961	162
2962	163
2963	171
2964	189
2965	159
2966	162
2967	150
2968	177
2969	182
2970	153
2971	172
2972	168
2973	177
2974	154
2975	159
2976	155
2977	166
2978	157
2979	158
2980	158
2981	156
2982	173
2983	176
2984	164
2985	177
2986	177
2987	148
2988	171
2989	173
2990	155
2991	148
2992	180
2993	164
2994	154
2995	141
2996	181
2997	151
2998	181
2999	177
3000	147
3001	165
3002	158
3003	165
3004	143
3005	158
3006	143
3007	162
3008	158
3009	140
3010	165
3011	147
3012	164
3013	149
3014	171
3015	168
3016	138
3017	158
3018	164
3019	162
3020	167
3021	153
3022	179
3023	145
3024	141
3025	156
3026	154
3027	138
3028	157
3029	156
3030	156
3031	144
3032	148
3033	146
3034	154
3035	157
3036	168
3037	146
3038	166
3039	167
3040	152
3041	153
3042	143
3043	169
3044	143
3045	145
3046	172
3047	159
3048	140
3049	145
3050	151
3051	141
3052	132
3053	145
3054	149
3055	175
3056	144
3057	150
3058	177
3059	155
3060	157
3061	176
3062	141
3063	170
3064	158
3065	159
3066	130
3067	140
3068	139
3069	150
3070	158
3071	159
3072	167
3073	182
3074	153
3075	169
3076	160
3077	147
3078	151
3079	164
3080	150
3081	160
3082	150
3083	166
3084	157
3085	150
3086	130
3087	158
3088	140
3089	139
3090	142
3091	152
3092	176
3093	145
3094	135
3095	158
3096	148
3097	147
3098	141
3099	147
3100	160
3101	160
3102	161
3103	159
3104	165
3105	158
3106	142
3107	152
3108	163
3109	150
3110	145
3111	139
3112	149
3113	143
3114	127
3115	142
3116	127
3117	134
3118	153
3119	140
3120	153
3121	146
3122	151
3123	156
3124	143
3125	146
3126	158
3127	155
3128	139
3129	131
3130	134
3131	141
3132	110
3133	121
3134	136
3135	156
3136	142
3137	143
3138	145
3139	144
3140	167
3141	122
3142	151
3143	123
3144	136
3145	153
3146	142
3147	142
3148	144
3149	130
3150	124
3151	150
3152	154
3153	136
3154	134
3155	130
3156	131
3157	143
3158	140
3159	144
3160	160
3161	139
3162	141
3163	165
3164	162
3165	155
3166	137
3167	127
3168	134
3169	152
3170	127
3171	152
3172	123
3173	135
3174	139
3175	160
3176	132
3177	134
3178	139
3179	126
3180	134
3181	129
3182	161
3183	126
3184	129
3185	146
3186	148
3187	112
3188	140
3189	141
3190	154
3191	122
3192	119
3193	136
3194	135
3195	147
3196	130
3197	134
3198	140
3199	145
3200	128
3201	153
3202	152
3203	129
3204	129
3205	130
3206	159
3207	128
3208	121
3209	148
3210	131
3211	131
3212	133
3213	127
3214	120
3215	136
3216	123
3217	120
3218	122
3219	145
3220	125
3221	127
3222	120
3223	142
3224	126
3225	141
3226	140
3227	124
3228	120
3229	158
3230	129
3231	130
3232	132
3233	116
3234	129
3235	132
3236	123
3237	142
3238	140
3239	126
3240	130
3241	118
3242	117
3243	134
3244	141
3245	155
3246	114
3247	124
3248	117
3249	128
3250	138
3251	122
3252	130
3253	131
3254	110
3255	128
3256	120
3257	135
3258	120
3259	117
3260	140
3261	129
3262	129
3263	110
3264	116
3265	138
3266	113
3267	130
3268	118
3269	120
3270	111
3271	121
3272	116
3273	143
3274	136
3275	120
3276	107
3277	126
3278	100
3279	119
3280	135
3281	120
3282	120
3283	115
3284	153
3285	108
3286	117
3287	118
3288	113
3289	109
3290	141
3291	135
3292	110
3293	121
3294	105
3295	126
3296	114
3297	123
3298	122
3299	128
3300	96
3301	111
3302	125
3303	119
3304	102
3305	125
3306	132
3307	106
3308	105
3309	106
3310	107
3311	128
3312	119
3313	120
3314	118
3315	126
3316	107
3317	104
3318	90
3319	121
3320	117
3321	103
3322	125
3323	122
3324	127
3325	118
3326	109
3327	109
3328	107
3329	102
3330	116
3331	119
3332	101
3333	107
3334	117
3335	111
3336	110
3337	122
3338	105
3339	125
3340	100
3341	97
3342	112
3343	113
3344	105
3345	129
3346	107
3347	103
3348	134
3349	109
3350	119
3351	118
3352	95
3353	118
3354	103
3355	105
3356	90
3357	100
3358	113
3359	105
3360	128
3361	98
3362	99
3363	100
3364	112
3365	108
3366	102
3367	97
3368	89
3369	106
3370	93
3371	106
3372	97
3373	109
3374	121
3375	90
3376	110
3377	119
3378	108
3379	106
3380	103
3381	103
3382	134
3383	123
3384	112
3385	110
3386	108
3387	101
3388	99
3389	124
3390	110
3391	106
3392	106
3393	89
3394	110
3395	97
3396	106
3397	75
3398	108
3399	118
3400	95
3401	105
3402	105
3403	105
3404	103
3405	100
3406	87
3407	107
3408	111
3409	114
3410	113
3411	99
3412	99
3413	115
3414	90
3415	101
3416	95
3417	98
3418	114
3419	96
3420	96
3421	79
3422	114
3423	96
3424	112
3425	111
3426	109
3427	123
3428	115
3429	96
3430	121
3431	107
3432	107
3433	87
3434	97
3435	89
3436	79
3437	89
3438	91
3439	95
3440	105
3441	92
3442	103
3443	97
3444	104
3445	110
3446	96
3447	103
3448	91
3449	88
3450	97
3451	85
3452	95
3453	101
3454	86
3455	108
3456	100
3457	101
3458	89
3459	84
3460	113
3461	105
3462	101
3463	108
3464	106
3465	97
3466	85
3467	100
3468	108
3469	87
3470	110
3471	106
3472	80
3473	89
3474	85
3475	99
3476	81
3477	87
3478	121
3479	119
3480	100
3481	98
3482	97
3483	122
3484	119
3485	106
3486	81
3487	105
3488	96
3489	81
3490	87
3491	96
3492	90
3493	89
3494	93
3495	90
3496	95
3497	89
3498	101
3499	83
3500	106
3501	95
3502	86
3503	91
3504	102
3505	87
3506	101
3507	101
3508	88
3509	89
3510	91
3511	105
3512	92
3513	89
3514	97
3515	102
3516	116
3517	89
3518	100
3519	91
3520	86
3521	86
3522	97
3523	97
3524	84
3525	103
3526	107
3527	94
3528	101
3529	98
3530	108
3531	106
3532	91
3533	97
3534	89
3535	100
3536	80
3537	101
3538	99
3539	100
3540	106
3541	109
3542	125
3543	83
3544	96
3545	87
3546	123
3547	91
3548	91
3549	87
3550	102
3551	85
3552	99
3553	77
3554	102
3555	78
3556	110
3557	110
3558	80
3559	129
3560	97
3561	95
3562	109
3563	87
3564	97
3565	108
3566	111
3567	96
3568	98
3569	110
3570	91
3571	124
3572	111
3573	86
3574	110
3575	92
3576	129
3577	120
3578	99
3579	101
3580	94
3581	94
3582	96
3583	117
3584	106
3585	112
3586	92
3587	92
3588	134
3589	103
3590	93
3591	116
3592	112
3593	89
3594	109
3595	105
3596	92
3597	122
3598	115
3599	101
3600	96
3601	108
3602	117
3603	97
3604	106
3605	119
3606	113
3607	114
3608	107
3609	117
3610	120
3611	136
3612	129
3613	125
3614	123
3615	120
3616	113
3617	123
3618	129
3619	134
3620	99
3621	122
3622	119
3623	131
3624	132
3625	99
3626	117
3627	128
3628	102
3629	140
3630	114
3631	118
3632	105
3633	131
3634	103
3635	109
3636	146
3637	111
3638	124
3639	135
3640	117
3641	114
3642	146
3643	135
3644	130
3645	116
3646	122
3647	122
3648	127
3649	154
3650	137
3651	126
3652	135
3653	134
3654	129
3655	110
3656	141
3657	132
3658	124
3659	144
3660	118
3661	153
3662	182
3663	145
3664	155
3665	140
3666	145
3667	159
3668	128
3669	149
3670	146
3671	174
3672	140
3673	131
3674	128
3675	134
3676	141
3677	134
3678	148
3679	127
3680	140
3681	129
3682	164
3683	142
3684	155
3685	171
3686	174
3687	149
3688	149
3689	139
3690	153
3691	164
3692	159
3693	169
3694	146
3695	166
3696	165
3697	159
3698	165
3699	167
3700	145
3701	167
3702	177
3703	159
3704	145
3705	161
3706	175
3707	151
3708	175
3709	165
3710	172
3711	166
3712	154
3713	155
3714	178
3715	168
3716	174
3717	183
3718	172
3719	157
3720	186
3721	167
3722	166
3723	177
3724	182
3725	173
3726	177
3727	177
3728	168
3729	191
3730	177
3731	183
3732	179
3733	173
3734	198
3735	165
3736	178
3737	195
3738	185
3739	209
3740	182
3741	189
3742	194
3743	178
3744	193
3745	210
3746	194
3747	156
3748	202
3749	195
3750	212
3751	215
3752	214
3753	224
3754	191
3755	167
3756	186
3757	233
3758	212
3759	183
3760	209
3761	195
3762	216
3763	215
3764	203
3765	202
3766	224
3767	194
3768	209
3769	193
3770	176
3771	202
3772	206
3773	199
3774	219
3775	208
3776	219
3777	191
3778	223
3779	194
3780	240
3781	202
3782	228
3783	227
3784	209
3785	215
3786	212
3787	230
3788	192
3789	209
3790	191
3791	220
3792	217
3793	247
3794	265
3795	242
3796	217
3797	218
3798	210
3799	240
3800	208
3801	256
3802	232
3803	228
3804	236
3805	236
3806	228
3807	244
3808	217
3809	242
3810	238
3811	227
3812	227
3813	231
3814	230
3815	250
3816	256
3817	244
3818	221
3819	202
3820	232
3821	235
3822	208
3823	244
3824	245
3825	260
3826	219
3827	217
3828	231
3829	226
3830	247
3831	248
3832	267
3833	262
3834	253
3835	241
3836	245
3837	247
3838	265
3839	271
3840	236
3841	244
3842	244
3843	245
3844	264
3845	243
3846	275
3847	233
3848	269
3849	269
3850	258
3851	240
3852	268
3853	261
3854	220
3855	258
3856	252
3857	261
3858	262
3859	258
3860	249
3861	243
3862	233
3863	289
3864	267
3865	245
3866	259
3867	263
3868	279
3869	243
3870	289
3871	272
3872	253
3873	276
3874	243
3875	257
3876	265
3877	257
3878	222
3879	267
3880	254
3881	245
3882	266
3883	253
3884	264
3885	241
3886	248
3887	235
3888	266
3889	256
3890	266
3891	256
3892	249
3893	247
3894	269
3895	263
3896	249
3897	281
3898	269
3899	252
3900	246
3901	263
3902	232
3903	305
3904	275
3905	253
3906	271
3907	276
3908	287
3909	270
3910	258
3911	236
3912	281
3913	257
3914	279
3915	282
3916	255
3917	289
3918	227
3919	283
3920	264
3921	269
3922	281
3923	232
3924	272
3925	249
3926	286
3927	268
3928	288
3929	272
3930	289
3931	281
3932	278
3933	261
3934	301
3935	255
3936	284
3937	278
3938	279
3939	274
3940	279
3941	287
3942	263
3943	295
3944	289
3945	273
3946	292
3947	282
3948	288
3949	281
3950	286
3951	253
3952	306
3953	272
3954	268
3955	278
3956	277
3957	294
3958	276
3959	252
3960	317
3961	318
3962	290
3963	262
3964	297
3965	289
3966	283
3967	296
3968	281
3969	296
3970	291
3971	286
3972	314
3973	309
3974	296
3975	308
3976	281
3977	318
3978	266
3979	302
3980	272
3981	312
3982	322
3983	296
3984	313
3985	297
3986	276
3987	309
3988	305
3989	274
3990	317
3991	309
3992	295
3993	303
3994	305
3995	301
3996	344
3997	275
3998	285
3999	318
4000	314
4001	304
4002	308
4003	306
4004	319
4005	311
4006	315
4007	326
4008	334
4009	322
4010	304
4011	333
4012	306
4013	321
4014	333
4015	316
4016	295
4017	350
4018	283
4019	340
4020	337
4021	316
4022	277
4023	311
4024	338
4025	329
4026	324
4027	289
4028	299
4029	325
4030	318
4031	315
4032	331
4033	314
4034	340
4035	321
4036	316
4037	307
4038	358
4039	326
4040	316
4041	362
4042	336
4043	359
4044	324
4045	356
4046	349
4047	350
4048	361
4049	380
4050	336
4051	334
4052	358
4053	356
4054	349
4055	371
4056	336
4057	372
4058	369
4059	323
4060	377
4061	317
4062	319
4063	335
4064	356
4065	349
4066	340
4067	342
4068	328
4069	340
4070	349
4071	364
4072	369
4073	384
4074	385
4075	395
4076	374
4077	360
4078	380
4079	405
4080	372
4081	356
4082	345
4083	359
4084	360
4085	392
4086	387
4087	365
4088	376
4089	346
4090	376
4091	387
4092	408
4093	386
4094	376
4095	375
4096	362
4097	416
4098	351
4099	392
4100	424
4101	379
4102	417
4103	410
4104	386
4105	385
4106	367
4107	385
4108	367
4109	451
4110	415
4111	396
4112	451
4113	397
4114	404
4115	370
4116	427
4117	406
4118	434
4119	356
4120	416
4121	412
4122	388
4123	448
4124	423
4125	406
4126	438
4127	418
4128	427
4129	428
4130	442
4131	438
4132	445
4133	401
4134	435
4135	457
4136	419
4137	414
4138	427
4139	428
4140	423
4141	435
4142	428
4143	432
4144	437
4145	447
4146	452
4147	459
4148	455
4149	414
4150	475
4151	415
4152	467
4153	468
4154	443
4155	429
4156	463
4157	417
4158	412
4159	476
4160	483
4161	475
4162	424
4163	447
4164	443
4165	478
4166	492
4167	485
4168	447
4169	461
4170	471
4171	458
4172	425
4173	492
4174	460
4175	493
4176	440
4177	515
4178	455
4179	477
4180	528
4181	470
4182	497
4183	496
4184	513
4185	442
4186	460
4187	465
4188	425
4189	460
4190	467
4191	495
4192	476
4193	475
4194	503
4195	499
4196	438
4197	492
4198	488
4199	511
4200	482
4201	476
4202	479
4203	506
4204	449
4205	489
4206	471
4207	444
4208	492
4209	510
4210	525
4211	479
4212	492
4213	519
4214	498
4215	487
4216	541
4217	491
4218	482
4219	520
4220	472
4221	455
4222	481
4223	531
4224	474
4225	510
4226	512
4227	486
4228	494
4229	494
4230	528
4231	535
4232	518
4233	534
4234	513
4235	478
4236	507
4237	561
4238	489
4239	450
4240	512
4241	498
4242	495
4243	485
4244	529
4245	516
4246	532
4247	516
4248	501
4249	530
4250	502
4251	504
4252	463
4253	532
4254	512
4255	503
4256	556
4257	447
4258	510
4259	482
4260	520
4261	468
4262	531
4263	518
4264	516
4265	531
4266	518
4267	495
4268	488
4269	527
4270	515
4271	519
4272	523
4273	471
4274	483
4275	475
4276	466
4277	536
4278	495
4279	473
4280	488
4281	507
4282	481
4283	499
4284	496
4285	495
4286	518
4287	483
4288	476
4289	491
4290	462
4291	474
4292	495
4293	513
4294	487
4295	451
4296	482
4297	529
4298	512
4299	481
4300	501
4301	487
4302	483
4303	486
4304	481
4305	496
4306	440
4307	474
4308	468
4309	464
4310	467
4311	482
4312	459
4313	477
4314	486
4315	486
4316	474
4317	459
4318	451
4319	475
4320	454
4321	488
4322	440
4323	454
4324	467
4325	495
4326	424
4327	468
4328	444
4329	460
4330	435
4331	468
4332	461
4333	443
4334	474
4335	413
4336	461
4337	422
4338	461
4339	432
4340	449
4341	426
4342	466
4343	417
4344	440
4345	426
4346	469
4347	463
4348	482
4349	419
4350	391
4351	423
4352	443
4353	423
4354	412
4355	447
4356	422
4357	460
4358	445
4359	419
4360	436
4361	469
4362	416
4363	412
4364	432
4365	451
4366	392
4367	412
4368	399
4369	378
4370	439
4371	401
4372	395
4373	412
4374	394
4375	341
4376	386
4377	344
4378	380
4379	377
4380	353
4381	380
4382	393
4383	392
4384	377
4385	410
4386	388
4387	379
4388	412
4389	364
4390	359
4391	375
4392	395
4393	383
4394	389
4395	369
4396	372
4397	384
4398	343
4399	337
4400	363
4401	396
4402	391
4403	339
4404	390
4405	372
4406	352
4407	361
4408	383
4409	352
4410	399
4411	361
4412	364
4413	355
4414	331
4415	338
4416	347
4417	326
4418	364
4419	330
4420	301
4421	314
4422	336
4423	362
4424	367
4425	319
4426	348
4427	353
4428	351
4429	342
4430	303
4431	347
4432	329
4433	290
4434	336
4435	344
4436	337
4437	328
4438	314
4439	293
4440	350
4441	307
4442	304
4443	302
4444	316
4445	303
4446	316
4447	288
4448	313
4449	287
4450	306
4451	272
4452	298
4453	319
4454	294
4455	278
4456	339
4457	288
4458	269
4459	288
4460	317
4461	274
4462	280
4463	311
4464	248
4465	309
4466	304
4467	282
4468	269
4469	250
4470	275
4471	285
4472	291
4473	258
4474	289
4475	282
4476	286
4477	265
4478	278
4479	297
4480	263
4481	287
4482	259
4483	288
4484	223
4485	266
4486	267
4487	280
4488	251
4489	251
4490	275
4491	269
4492	261
4493	291
4494	244
4495	257
4496	239
4497	241
4498	251
4499	305
4500	251
4501	254
4502	286
4503	251
4504	238
4505	256
4506	234
4507	242
4508	251
4509	222
4510	254
4511	265
4512	226
4513	217
4514	244
4515	273
4516	256
4517	254
4518	246
4519	242
4520	224
4521	267
4522	236
4523	246
4524	245
4525	240
4526	263
4527	240
4528	242
4529	238
4530	244
4531	257
4532	263
4533	234
4534	228
4535	234
4536	226
4537	239
4538	234
4539	218
4540	247
4541	230
4542	239
4543	274
4544	250
4545	236
4546	263
4547	217
4548	247
4549	232
4550	212
4551	236
4552	233
4553	239
4554	247
4555	254
4556	259
4557	228
4558	235
4559	253
4560	266
4561	214
4562	262
4563	221
4564	254
4565	268
4566	239
4567	251
4568	239
4569	267
4570	249
4571	266
4572	291
4573	243
4574	248
4575	230
4576	267
4577	229
4578	263
4579	241
4580	261
4581	257
4582	242
4583	253
4584	254
4585	258
4586	278
4587	260
4588	261
4589	293
4590	244
4591	249
4592	275
4593	258
4594	299
4595	268
4596	260
4597	300
4598	246
4599	263
4600	291
4601	255
4602	287
4603	248
4604	270
4605	294
4606	290
4607	306
4608	266
4609	300
4610	277
4611	300
4612	251
4613	318
4614	296
4615	287
4616	305
4617	330
4618	299
4619	285
4620	316
4621	301
4622	323
4623	295
4624	306
4625	346
4626	313
4627	318
4628	335
4629	318
4630	300
4631	299
4632	304
4633	314
4634	309
4635	349
4636	309
4637	346
4638	328
4639	305
4640	371
4641	349
4642	350
4643	330
4644	357
4645	317
4646	365
4647	341
4648	347
4649	336
4650	366
4651	337
4652	348
4653	365
4654	324
4655	349
4656	395
4657	386
4658	344
4659	385
4660	363
4661	378
4662	398
4663	388
4664	382
4665	390
4666	401
4667	381
4668	372
4669	411
4670	392
4671	383
4672	414
4673	396
4674	439
4675	409
4676	391
4677	434
4678	424
4679	433
4680	438
4681	445
4682	474
4683	396
4684	427
4685	459
4686	423
4687	468
4688	422
4689	423
4690	448
4691	468
4692	447
4693	440
4694	498
4695	459
4696	484
4697	460
4698	485
4699	435
4700	512
4701	517
4702	468
4703	534
4704	471
4705	492
4706	508
4707	506
4708	488
4709	523
4710	521
4711	527
4712	498
4713	535
4714	535
4715	490
4716	500
4717	545
4718	517
4719	552
4720	523
4721	543
4722	550
4723	566
4724	550
4725	552
4726	595
4727	549
4728	554
4729	550
4730	573
4731	578
4732	589
4733	556
4734	627
4735	632
4736	531
4737	593
4738	564
4739	611
4740	602
4741	634
4742	587
4743	666
4744	658
4745	671
4746	629
4747	597
4748	681
4749	602
4750	652
4751	585
4752	622
4753	697
4754	680
4755	619
4756	711
4757	624
4758	671
4759	648
4760	662
4761	661
4762	679
4763	724
4764	619
4765	661
4766	733
4767	728
4768	745
4769	688
4770	727
4771	724
4772	748
4773	738
4774	732
4775	737
4776	768
4777	714
4778	720
4779	743
4780	709
4781	773
4782	752
4783	791
4784	718
4785	769
4786	745
4787	746
4788	726
4789	796
4790	758
4791	788
4792	803
4793	794
4794	792
4795	736
4796	818
4797	782
4798	810
4799	790
4800	796
4801	800
4802	902
4803	804
4804	845
4805	796
4806	804
4807	784
4808	819
4809	809
4810	900
4811	899
4812	857
4813	822
4814	851
4815	878
4816	824
4817	913
4818	872
4819	881
4820	900
4821	888
4822	917
4823	887
4824	904
4825	921
4826	881
4827	972
4828	918
4829	957
4830	888
4831	925
4832	949
4833	955
4834	955
4835	927
4836	967
4837	928
4838	963
4839	973
4840	968
4841	942
4842	995
4843	922
4844	977
4845	911
4846	934
4847	991
4848	988
4849	1007
4850	1019
4851	961
4852	1041
4853	1014
4854	999
4855	968
4856	1074
4857	998
4858	1022
4859	1022
4860	1024
4861	1028
4862	1067
4863	1051
4864	985
4865	947
4866	1014
4867	1043
4868	1056
4869	1082
4870	1028
4871	1091
4872	1070
4873	1053
4874	1080
4875	1087
4876	1044
4877	1142
4878	1085
4879	1061
4880	1120
4881	1091
4882	1084
4883	1121
4884	1070
4885	1099
4886	1110
4887	1055
4888	1104
4889	1055
4890	1146
4891	1110
4892	1168
4893	1112
4894	1150
4895	1079
4896	1066
4897	1108
4898	1106
4899	1108
4900	1061
4901	1157
4902	1136
4903	1110
4904	1165
4905	1172
4906	1178
4907	1152
4908	1142
4909	1127
4910	1174
4911	1170
4912	1185
4913	1148
4914	1081
4915	1190
4916	1162
4917	1136
4918	1127
4919	1137
4920	1159
4921	1180
4922	1179
4923	1163
4924	1158
4925	1161
4926	1208
4927	1210
4928	1160
4929	1157
4930	1147
4931	1152
4932	1202
4933	1152
4934	1184
4935	1133
4936	1164
4937	1182
4938	1220
4939	1160
4940	1169
4941	1205
4942	1113
4943	1191
4944	1225
4945	1187
4946	1221
4947	1183
4948	1244
4949	1181
4950	1261
4951	1169
4952	1231
4953	1152
4954	1203
4955	1198
4956	1216
4957	1193
4958	1232
4959	1158
4960	1214
4961	1173
4962	1192
4963	1211
4964	1239
4965	1196
4966	1225
4967	1186
4968	1251
4969	1212
4970	1253
4971	1165
4972	1246
4973	1165
4974	1241
4975	1246
4976	1170
4977	1178
4978	1183
4979	1187
4980	1197
4981	1217
4982	1285
4983	1245
4984	1217
4985	1205
4986	1239
4987	1204
4988	1132
4989	1253
4990	1259
4991	1174
4992	1211
4993	1254
4994	1157
4995	1244
4996	1229
4997	1239
4998	1189
4999	1197
5000	1222
5001	1171
5002	1286
5003	1207
5004	1213
5005	1258
5006	1149
5007	1172
5008	1185
5009	1216
5010	1254
5011	1259
5012	1191
5013	1204
5014	1208
5015	1224
5016	1177
5017	1226
5018	1208
5019	1253
5020	1136
5021	1220
5022	1162
5023	1214
5024	1169
5025	1160
5026	1197
5027	1248
5028	1221
5029	1202
5030	1183
5031	1189
5032	1186
5033	1113
5034	1143
5035	1290
5036	1123
5037	1162
5038	1166
5039	1137
5040	1176
5041	1154
5042	1194
5043	1157
5044	1172
5045	1196
5046	1097
5047	1176
5048	1152
5049	1135
5050	1121
5051	1092
5052	1179
5053	1178
5054	1132
5055	1167
5056	1167
5057	1135
5058	1203
5059	1220
5060	1100
5061	1111
5062	1090
5063	1103
5064	1162
5065	1145
5066	1131
5067	1195
5068	1114
5069	1078
5070	1099
5071	1156
5072	1109
5073	1117
5074	1157
5075	1111
5076	1124
5077	1085
5078	1118
5079	1068
5080	1123
5081	1104
5082	1130
5083	1058
5084	1093
5085	1055
5086	1013
5087	1083
5088	1102
5089	1083
5090	1093
5091	1062
5092	1045
5093	1019
5094	1097
5095	1033
5096	1047
5097	1063
5098	1015
5099	1077
5100	1034
5101	1006
5102	1048
5103	1036
5104	1026
5105	1036
5106	1079
5107	1078
5108	1007
5109	1026
5110	1025
5111	1011
5112	1012
5113	961
5114	993
5115	1010
5116	1005
5117	994
5118	967
5119	949
5120	974
5121	982
5122	1009
5123	997
5124	929
5125	952
5126	934
5127	975
5128	1015
5129	955
5130	883
5131	939
5132	931
5133	952
5134	911
5135	901
5136	965
5137	989
5138	954
5139	965
5140	954
5141	1009
5142	924
5143	911
5144	976
5145	899
5146	911
5147	916
5148	961
5149	933
5150	904
5151	925
5152	910
5153	933
5154	915
5155	908
5156	918
5157	909
5158	847
5159	861
5160	853
5161	907
5162	910
5163	895
5164	876
5165	838
5166	827
5167	882
5168	885
5169	898
5170	845
5171	827
5172	861
5173	867
5174	868
5175	788
5176	838
5177	805
5178	856
5179	845
5180	825
5181	811
5182	814
5183	812
5184	850
5185	800
5186	795
5187	820
5188	829
5189	796
5190	762
5191	788
5192	788
5193	794
5194	753
5195	785
5196	811
5197	752
5198	794
5199	787
5200	775
5201	758
5202	830
5203	789
5204	817
5205	744
5206	713
5207	800
5208	737
5209	758
5210	751
5211	815
5212	718
5213	755
5214	761
5215	747
5216	706
5217	756
5218	716
5219	760
5220	726
5221	715
5222	655
5223	677
5224	713
5225	734
5226	669
5227	737
5228	732
5229	720
5230	745
5231	717
5232	670
5233	717
5234	668
5235	718
5236	645
5237	674
5238	715
5239	690
5240	748
5241	687
5242	642
5243	668
5244	683
5245	641
5246	681
5247	696
5248	674
5249	627
5250	660
5251	657
5252	626
5253	670
5254	675
5255	607
5256	664
5257	631
5258	684
5259	669
5260	682
5261	630
5262	654
5263	635
5264	643
5265	643
5266	668
5267	617
5268	593
5269	590
5270	593
5271	631
5272	629
5273	639
5274	620
5275	652
5276	625
5277	617
5278	628
5279	634
5280	594
5281	620
5282	596
5283	630
5284	652
5285	595
5286	579
5287	604
5288	586
5289	627
5290	617
5291	610
5292	597
5293	616
5294	586
5295	580
5296	590
5297	572
5298	588
5299	601
5300	631
5301	579
5302	563
5303	577
5304	567
5305	545
5306	536
5307	604
5308	593
5309	540
5310	582
5311	582
5312	576
5313	542
5314	609
5315	559
5316	572
5317	549
5318	558
5319	546
5320	578
5321	577
5322	558
5323	550
5324	566
5325	544
5326	580
5327	565
5328	571
5329	549
5330	530
5331	538
5332	533
5333	508
5334	588
5335	559
5336	502
5337	560
5338	556
5339	566
5340	548
5341	499
5342	535
5343	554
5344	553
5345	534
5346	541
5347	553
5348	529
5349	519
5350	547
5351	570
5352	574
5353	520
5354	499
5355	549
5356	497
5357	511
5358	522
5359	486
5360	512
5361	508
5362	524
5363	538
5364	507
5365	537
5366	490
5367	508
5368	504
5369	513
5370	493
5371	486
5372	542
5373	520
5374	521
5375	525
5376	489
5377	476
5378	507
5379	492
5380	496
5381	483
5382	501
5383	503
5384	501
5385	521
5386	469
5387	503
5388	467
5389	494
5390	482
5391	492
5392	494
5393	522
5394	511
5395	495
5396	465
5397	506
5398	510
5399	482
5400	550
5401	519
5402	468
5403	487
5404	482
5405	514
5406	482
5407	483
5408	482
5409	507
5410	524
5411	481
5412	478
5413	493
5414	463
5415	510
5416	478
5417	507
5418	490
5419	460
5420	493
5421	507
5422	486
5423	436
5424	513
5425	500
5426	445
5427	494
5428	467
5429	478
5430	475
5431	464
5432	500
5433	478
5434	436
5435	495
5436	442
5437	471
5438	470
5439	470
5440	486
5441	451
5442	442
5443	492
5444	459
5445	452
5446	443
5447	416
5448	402
5449	442
5450	467
5451	455
5452	442
5453	424
5454	416
5455	410
5456	433
5457	441
5458	504
5459	445
5460	464
5461	455
5462	429
5463	474
5464	442
5465	459
5466	428
5467	489
5468	457
5469	476
5470	454
5471	462
5472	395
5473	392
5474	411
5475	467
5476	404
5477	448
5478	401
5479	449
5480	446
5481	456
5482	429
5483	434
5484	408
5485	424
5486	440
5487	440
5488	422
5489	422
5490	405
5491	441
5492	438
5493	424
5494	427
5495	397
5496	389
5497	399
5498	429
5499	424
5500	419
5501	410
5502	402
5503	421
5504	439
5505	401
5506	420
5507	386
5508	438
5509	414
5510	396
5511	387
5512	414
5513	402
5514	409
5515	452
5516	380
5517	404
5518	399
5519	345
5520	372
5521	383
5522	404
5523	393
5524	381
5525	387
5526	393
5527	396
5528	372
5529	382
5530	393
5531	365
5532	375
5533	400
5534	369
5535	369
5536	363
5537	384
5538	366
5539	410
5540	436
5541	386
5542	384
5543	360
5544	375
5545	377
5546	380
5547	377
5548	351
5549	373
5550	408
5551	386
5552	381
5553	356
5554	349
5555	317
5556	380
5557	377
5558	359
5559	348
5560	387
5561	355
5562	328
5563	334
5564	358
5565	312
5566	344
5567	329
5568	332
5569	345
5570	339
5571	354
5572	332
5573	351
5574	364
5575	357
5576	314
5577	363
5578	376
5579	309
5580	365
5581	325
5582	337
5583	328
5584	326
5585	317
5586	333
5587	347
5588	321
5589	319
5590	334
5591	316
5592	295
5593	322
5594	342
5595	338
5596	327
5597	329
5598	292
5599	298
5600	321
5601	319
5602	285
5603	269
5604	317
5605	320
5606	300
5607	278
5608	322
5609	292
5610	297
5611	302
5612	309
5613	283
5614	297
5615	279
5616	303
5617	261
5618	296
5619	285
5620	311
5621	293
5622	313
5623	283
5624	310
5625	270
5626	291
5627	288
5628	280
5629	296
5630	283
5631	274
5632	263
5633	279
5634	293
5635	271
5636	298
5637	300
5638	306
5639	241
5640	273
5641	287
5642	283
5643	244
5644	262
5645	273
5646	280
5647	271
5648	241
5649	262
5650	242
5651	279
5652	262
5653	268
5654	267
5655	252
5656	245
5657	255
5658	226
5659	275
5660	276
5661	274
5662	250
5663	257
5664	228
5665	242
5666	242
5667	250
5668	256
5669	249
5670	218
5671	232
5672	216
5673	236
5674	233
5675	226
5676	259
5677	234
5678	236
5679	233
5680	226
5681	249
5682	221
5683	209
5684	218
5685	222
5686	245
5687	246
5688	209
5689	213
5690	201
5691	203
5692	226
5693	262
5694	241
5695	212
5696	220
5697	211
5698	208
5699	221
5700	213
5701	199
5702	213
5703	207
5704	213
5705	206
5706	200
5707	210
5708	197
5709	219
5710	201
5711	221
5712	218
5713	210
5714	216
5715	188
5716	214
5717	189
5718	235
5719	213
5720	187
5721	212
5722	198
5723	177
5724	185
5725	203
5726	193
5727	166
5728	201
5729	182
5730	170
5731	188
5732	171
5733	184
5734	171
5735	222
5736	193
5737	187
5738	183
5739	185
5740	184
5741	197
5742	172
5743	174
5744	179
5745	156
5746	166
5747	173
5748	159
5749	161
5750	183
5751	157
5752	188
5753	168
5754	184
5755	146
5756	185
5757	175
5758	181
5759	155
5760	153
5761	146
5762	165
5763	151
5764	134
5765	183
5766	184
5767	207
5768	168
5769	167
5770	183
5771	163
5772	159
5773	166
5774	157
5775	161
5776	165
5777	162
5778	167
5779	134
5780	145
5781	157
5782	183
5783	157
5784	137
5785	183
5786	155
5787	141
5788	142
5789	141
5790	157
5791	153
5792	146
5793	136
5794	137
5795	167
5796	125
5797	155
5798	152
5799	163
5800	163
5801	156
5802	140
5803	141
5804	160
5805	150
5806	158
5807	132
5808	137
5809	154
5810	139
5811	148
5812	157
5813	124
5814	147
5815	127
5816	149
5817	134
5818	142
5819	164
5820	139
5821	139
5822	110
5823	148
5824	151
5825	148
5826	149
5827	142
5828	143
5829	127
5830	140
5831	142
5832	143
5833	122
5834	141
5835	121
5836	121
5837	130
5838	149
5839	154
5840	135
5841	154
5842	120
5843	123
5844	125
5845	139
5846	151
5847	137
5848	134
5849	132
5850	131
5851	137
5852	124
5853	137
5854	128
5855	131
5856	141
5857	146
5858	145
5859	118
5860	117
5861	140
5862	117
5863	152
5864	138
5865	148
5866	120
5867	119
5868	143
5869	129
5870	132
5871	128
5872	117
5873	156
5874	146
5875	127
5876	115
5877	124
5878	134
5879	137
5880	129
5881	125
5882	132
5883	132
5884	109
5885	126
5886	142
5887	134
5888	122
5889	127
5890	138
5891	152
5892	130
5893	129
5894	110
5895	112
5896	136
5897	122
5898	144
5899	127
5900	127
5901	116
5902	117
5903	117
5904	131
5905	119
5906	137
5907	120
5908	120
5909	132
5910	125
5911	114
5912	147
5913	125
5914	108
5915	124
5916	146
5917	132
5918	137
5919	110
5920	104
5921	115
5922	119
5923	131
5924	116
5925	121
5926	116
5927	101
5928	121
5929	125
5930	132
5931	127
5932	111
5933	115
5934	106
5935	116
5936	114
5937	151
5938	123
5939	96
5940	146
5941	114
5942	106
5943	115
5944	128
5945	117
5946	125
5947	117
5948	115
5949	127
5950	104
5951	113
5952	111
5953	109
5954	116
5955	102
5956	123
5957	128
5958	115
5959	113
5960	129
5961	110
5962	115
5963	102
5964	123
5965	109
5966	144
5967	118
5968	119
5969	117
5970	135
5971	99
5972	110
5973	117
5974	121
5975	118
5976	115
5977	145
5978	124
5979	119
5980	135
5981	118
5982	107
5983	112
5984	119
5985	123
5986	128
5987	135
5988	118
5989	131
5990	121
5991	115
5992	114
5993	127
5994	112
5995	153
5996	129
5997	113
5998	136
5999	107
6000	126
6001	107
6002	124
6003	114
6004	144
6005	121
6006	113
6007	125
6008	123
6009	114
6010	130
6011	118
6012	137
6013	128
6014	116
6015	133
6016	117
6017	118
6018	110
6019	149
6020	118
6021	137
6022	117
6023	113
6024	132
6025	127
6026	133
6027	116
6028	121
6029	113
6030	119
6031	120
6032	110
6033	124
6034	119
6035	111
6036	117
6037	129
6038	147
6039	111
6040	129
6041	125
6042	110
6043	123
6044	126
6045	141
6046	114
6047	132
6048	148
6049	114
6050	126
6051	110
6052	143
6053	135
6054	97
6055	120
6056	118
6057	114
6058	116
6059	114
6060	127
6061	126
6062	123
6063	145
6064	126
6065	113
6066	141
6067	120
6068	122
6069	135
6070	115
6071	136
6072	118
6073	120
6074	124
6075	119
6076	130
6077	136
6078	118
6079	108
6080	127
6081	134
6082	116
6083	128
6084	108
6085	140
6086	120
6087	123
6088	129
6089	146
6090	115
6091	113
6092	126
6093	141
6094	117
6095	129
6096	130
6097	95
6098	127
6099	108
6100	125
6101	125
6102	127
6103	104
6104	123
6105	139
6106	111
6107	138
6108	125
6109	136
6110	119
6111	135
6112	140
6113	133
6114	122
6115	123
6116	119
6117	126
6118	136
6119	137
6120	121
6121	134
6122	114
6123	129
6124	120
6125	126
6126	158
6127	140
6128	145
6129	119
6130	113
6131	119
6132	121
6133	115
6134	124
6135	144
6136	127
6137	128
6138	121
6139	119
6140	137
6141	111
6142	124
6143	132
6144	117
6145	126
6146	143
6147	126
6148	116
6149	112
6150	118
6151	144
6152	132
6153	137
6154	121
6155	138
6156	131
6157	109
6158	118
6159	121
6160	120
6161	120
6162	123
6163	124
6164	121
6165	119
6166	116
6167	132
6168	128
6169	136
6170	110
6171	129
6172	131
6173	110
6174	115
6175	132
6176	132
6177	131
6178	147
6179	124
6180	121
6181	109
6182	139
6183	123
6184	103
6185	126
6186	137
6187	143
6188	128
6189	138
6190	108
6191	128
6192	127
6193	138
6194	139
6195	90
6196	132
6197	131
6198	124
6199	124
6200	118
6201	131
6202	139
6203	131
6204	121
6205	136
6206	139
6207	132
6208	123
6209	122
6210	124
6211	122
6212	141
6213	131
6214	135
6215	120
6216	119
6217	143
6218	116
6219	120
6220	111
6221	113
6222	117
6223	125
6224	140
6225	134
6226	117
6227	123
6228	116
6229	113
6230	116
6231	129
6232	114
6233	131
6234	123
6235	109
6236	134
6237	108
6238	118
6239	106
6240	118
6241	105
6242	133
6243	121
6244	135
6245	127
6246	129
6247	110
6248	105
6249	117
6250	130
6251	112
6252	104
6253	101
6254	122
6255	104
6256	112
6257	125
6258	130
6259	115
6260	134
6261	122
6262	107
6263	113
6264	99
6265	115
6266	114
6267	109
6268	117
6269	106
6270	87
6271	129
6272	114
6273	104
6274	106
6275	127
6276	139
6277	125
6278	107
6279	102
6280	106
6281	123
6282	122
6283	107
6284	110
6285	103
6286	117
6287	110
6288	106
6289	115
6290	127
6291	102
6292	102
6293	116
6294	114
6295	121
6296	102
6297	122
6298	99
6299	101
6300	116
6301	109
6302	102
6303	114
6304	102
6305	111
6306	118
6307	104
6308	93
6309	112
6310	106
6311	113
6312	111
6313	119
6314	92
6315	105
6316	107
6317	87
6318	102
6319	102
6320	91
6321	93
6322	116
6323	108
6324	101
6325	102
6326	117
6327	77
6328	114
6329	111
6330	105
6331	102
6332	110
6333	89
6334	97
6335	98
6336	104
6337	92
6338	89
6339	108
6340	85
6341	88
6342	94
6343	101
6344	116
6345	104
6346	94
6347	98
6348	94
6349	72
6350	89
6351	82
6352	106
6353	108
6354	97
6355	105
6356	83
6357	80
6358	96
6359	106
6360	91
6361	81
6362	80
6363	107
6364	99
6365	89
6366	93
6367	103
6368	109
6369	89
6370	100
6371	96
6372	106
6373	78
6374	92
6375	98
6376	80
6377	89
6378	78
6379	103
6380	96
6381	73
6382	103
6383	93
6384	78
6385	74
6386	102
6387	78
6388	88
6389	99
6390	97
6391	76
6392	83
6393	86
6394	102
6395	82
6396	68
6397	89
6398	92
6399	80
6400	75
6401	98
6402	85
6403	78
6404	68
6405	69
6406	77
6407	76
6408	89
6409	79
6410	72
6411	73
6412	84
6413	82
6414	68
6415	72
6416	80
6417	75
6418	83
6419	91
6420	97
6421	68
6422	62
6423	67
6424	78
6425	64
6426	61
6427	64
6428	72
6429	74
6430	53
6431	61
6432	73
6433	87
6434	85
6435	81
6436	66
6437	61
6438	67
6439	50
6440	68
6441	78
6442	78
6443	77
6444	62
6445	70
6446	64
6447	73
6448	72
6449	58
6450	60
6451	79
6452	65
6453	83
6454	67
6455	67
6456	59
6457	60
6458	82
6459	68
6460	76
6461	84
6462	68
6463	70
6464	69
6465	64
6466	68
6467	58
6468	61
6469	53
6470	81
6471	68
6472	60
6473	60
6474	67
6475	64
6476	76
6477	55
6478	75
6479	55
6480	74
6481	68
6482	64
6483	71
6484	61
6485	60
6486	62
6487	39
6488	70
6489	64
6490	46
6491	71
6492	58
6493	55
6494	58
6495	62
6496	52
6497	52
6498	69
6499	49
6500	52
6501	53
6502	50
6503	77
6504	60
6505	61
6506	57
6507	58
6508	59
6509	49
6510	49
6511	62
6512	52
6513	59
6514	43
6515	54
6516	58
6517	58
6518	47
6519	47
6520	49
6521	63
6522	37
6523	66
6524	45
6525	61
6526	57
6527	45
6528	44
6529	44
6530	53
6531	44
6532	50
6533	56
6534	50
6535	54
6536	39
6537	55
6538	52
6539	53
6540	49
6541	50
6542	48
6543	40
6544	51
6545	44
6546	54
6547	53
6548	40
6549	43
6550	44
6551	58
6552	47
6553	51
6554	42
6555	49
6556	52
6557	62
6558	42
6559	52
6560	39
6561	31
6562	44
6563	43
6564	39
6565	40
6566	38
6567	45
6568	50
6569	56
6570	53
6571	44
6572	32
6573	35
6574	41
6575	49
6576	51
6577	34
6578	43
6579	53
6580	43
6581	54
6582	38
6583	47
6584	49
6585	45
6586	43
6587	41
6588	37
6589	44
6590	46
6591	48
6592	45
6593	45
6594	49
6595	46
6596	41
6597	49
6598	41
6599	43
6600	32
6601	39
6602	45
6603	40
6604	36
6605	46
6606	37
6607	38
6608	54
6609	34
6610	51
6611	36
6612	39
6613	43
6614	51
6615	36
6616	36
6617	33
6618	41
6619	36
6620	34
6621	37
6622	32
6623	46
6624	44
6625	42
6626	34
6627	46
6628	43
6629	34
6630	37
6631	49
6632	39
6633	37
6634	49
6635	28
6636	40
6637	56
6638	30
6639	44
6640	43
6641	40
6642	50
6643	39
6644	58
6645	49
6646	34
6647	24
6648	31
6649	39
6650	38
6651	33
6652	41
6653	36
6654	22
6655	41
6656	42
6657	36
6658	41
6659	40
6660	32
6661	37
6662	39
6663	31
6664	36
6665	25
6666	35
6667	32
6668	41
6669	41
6670	36
6671	40
6672	33
6673	34
6674	31
6675	28
6676	33
6677	35
6678	41
6679	40
6680	38
6681	29
6682	41
6683	20
6684	38
6685	33
6686	49
6687	40
6688	23
6689	24
6690	36
6691	32
6692	25
6693	28
6694	35
6695	28
6696	33
6697	41
6698	37
6699	30
6700	36
6701	39
6702	35
6703	34
6704	27
6705	38
6706	33
6707	28
6708	41
6709	26
6710	32
6711	36
6712	27
6713	27
6714	36
6715	35
6716	34
6717	30
6718	32
6719	32
6720	42
6721	34
6722	31
6723	42
6724	31
6725	23
6726	25
6727	34
6728	22
6729	31
6730	11
6731	30
6732	34
6733	29
6734	27
6735	30
6736	25
6737	29
6738	30
6739	25
6740	30
6741	39
6742	31
6743	28
6744	32
6745	38
6746	25
6747	27
6748	28
6749	20
6750	37
6751	29
6752	28
6753	36
6754	24
6755	28
6756	31
6757	30
6758	33
6759	38
6760	22
6761	25
6762	34
6763	38
6764	23
6765	32
6766	22
6767	19
6768	28
6769	18
6770	40
6771	40
6772	36
6773	40
6774	26
6775	39
6776	28
6777	25
6778	28
6779	29
6780	28
6781	22
6782	22
6783	22
6784	24
6785	28
6786	27
6787	16
6788	36
6789	20
6790	30
6791	33
6792	27
6793	24
6794	22
6795	18
6796	29
6797	24
6798	23
6799	24
6800	33
6801	25
6802	33
6803	28
6804	29
6805	31
6806	23
6807	29
6808	33
6809	25
6810	23
6811	20
6812	31
6813	22
6814	31
6815	25
6816	31
6817	28
6818	26
6819	31
6820	21
6821	24
6822	26
6823	24
6824	23
6825	20
6826	28
6827	26
6828	22
6829	32
6830	23
6831	27
6832	21
6833	23
6834	36
6835	24
6836	20
6837	29
6838	21
6839	22
6840	19
6841	22
6842	33
6843	23
6844	22
6845	27
6846	27
6847	24
6848	19
6849	30
6850	26
6851	24
6852	24
6853	28
6854	19
6855	29
6856	25
6857	29
6858	26
6859	28
6860	22
6861	24
6862	26
6863	26
6864	26
6865	24
6866	31
6867	28
6868	22
6869	29
6870	25
6871	21
6872	20
6873	23
6874	25
6875	25
6876	26
6877	30
6878	16
6879	17
6880	28
6881	29
6882	18
6883	23
6884	35
6885	22
6886	29
6887	15
6888	21
6889	25
6890	26
6891	20
6892	23
6893	28
6894	23
6895	19
6896	19
6897	22
6898	32
6899	21
6900	14
6901	18
6902	18
6903	36
6904	29
6905	30
6906	28
6907	24
6908	34
6909	19
6910	20
6911	20
6912	22
6913	12
6914	29
6915	22
6916	17
6917	23
6918	29
6919	22
6920	21
6921	29
6922	25
6923	25
6924	21
6925	25
6926	19
6927	22
6928	24
6929	15
6930	15
6931	16
6932	28
6933	18
6934	13
6935	25
6936	18
6937	22
6938	17
6939	22
6940	18
6941	17
6942	28
6943	26
6944	18
6945	25
6946	20
6947	19
6948	17
6949	22
6950	26
6951	17
6952	15
6953	27
6954	17
6955	16
6956	24
6957	27
6958	23
6959	22
6960	23
6961	25
6962	21
6963	17
6964	27
6965	18
6966	13
6967	20
6968	19
6969	25
6970	15
6971	23
6972	26
6973	15
6974	12
6975	21
6976	19
6977	19
6978	21
6979	19
6980	15
6981	22
6982	19
6983	16
6984	13
6985	16
6986	13
6987	21
6988	22
6989	28
6990	20
6991	30
6992	28
6993	21
6994	11
6995	12
6996	19
6997	15
6998	15
6999	17
7000	24
7001	25
7002	26
7003	22
7004	14
7005	22
7006	20
7007	14
7008	18
7009	24
7010	18
7011	23
7012	16
7013	21
7014	20
7015	22
7016	21
7017	15
7018	22
7019	22
7020	20
7021	10
7022	25
7023	22
7024	19
7025	18
7026	15
7027	17
7028	17
7029	19
7030	24
7031	18
7032	21
7033	14
7034	22
7035	12
7036	16
7037	21
7038	23
7039	18
7040	18
7041	15
7042	15
7043	20
7044	12
7045	23
7046	13
7047	25
7048	16
7049	20
7050	18
7051	13
7052	12
7053	12
7054	22
7055	9
7056	22
7057	15
7058	15
7059	8
7060	11
7061	21
7062	18
7063	25
7064	18
7065	14
7066	19
7067	19
7068	13
7069	22
7070	14
7071	16
7072	25
7073	12
7074	21
7075	17
7076	20
7077	17
7078	19
7079	15
7080	18
7081	19
7082	21
7083	23
7084	18
7085	20
7086	23
7087	14
7088	14
7089	15
7090	12
7091	11
7092	13
7093	18
7094	15
7095	15
7096	21
7097	19
7098	13
7099	14
7100	19
7101	18
7102	11
7103	18
7104	16
7105	17
7106	14
7107	14
7108	12
7109	13
7110	12
7111	11
7112	24
7113	13
7114	22
7115	11
7116	19
7117	24
7118	14
7119	19
7120	16
7121	8
7122	19
7123	11
7124	10
7125	20
7126	22
7127	30
7128	10
7129	15
7130	14
7131	18
7132	11
7133	15
7134	14
7135	9
7136	12
7137	16
7138	16
7139	18
7140	11
7141	16
7142	23
7143	11
7144	16
7145	16
7146	12
7147	10
7148	14
7149	8
7150	16
7151	24
7152	24
7153	16
7154	15
7155	13
7156	12
7157	17
7158	14
7159	15
7160	8
7161	13
7162	10
7163	17
7164	18
7165	27
7166	17
7167	15
7168	15
7169	19
7170	26
7171	16
7172	24
7173	14
7174	11
7175	9
7176	20
7177	14
7178	16
7179	18
7180	14
7181	12
7182	13
7183	11
7184	12
7185	17
7186	16
7187	17
7188	10
7189	18
7190	12
7191	14
7192	16
7193	11
7194	16
7195	9
7196	10
7197	11
7198	10
7199	19
7200	17
7201	16
7202	22
7203	17
7204	13
7205	11
7206	15
7207	15
7208	13
7209	16
7210	17
7211	17
7212	13
7213	12
7214	11
7215	9
7216	17
7217	18
7218	20
7219	18
7220	14
7221	13
7222	18
7223	24
7224	13
7225	19
7226	16
7227	9
7228	13
7229	20
7230	13
7231	12
7232	14
7233	15
7234	22
7235	12
7236	19
7237	14
7238	22
7239	12
7240	22
7241	15
7242	18
7243	17
7244	18
7245	12
7246	19
7247	16
7248	10
7249	17
7250	12
7251	14
7252	14
7253	21
7254	9
7255	15
7256	13
7257	14
7258	21
7259	18
7260	14
7261	20
7262	14
7263	13
7264	13
7265	21
7266	14
7267	14
7268	9
7269	16
7270	19
7271	15
7272	16
7273	10
7274	16
7275	19
7276	11
7277	9
7278	17
7279	12
7280	16
7281	11
7282	12
7283	16
7284	18
7285	12
7286	18
7287	12
7288	10
7289	15
7290	15
7291	15
7292	18
7293	13
7294	14
7295	11
7296	8
7297	21
7298	13
7299	17
7300	15
7301	16
7302	12
7303	20
7304	15
7305	16
7306	13
7307	11
7308	17
7309	14
7310	12
7311	14
7312	16
7313	19
7314	10
7315	15
7316	11
7317	13
7318	14
7319	9
7320	25
7321	10
7322	13
7323	8
7324	9
7325	9
7326	11
7327	7
7328	10
7329	22
7330	8
7331	11
7332	15
7333	11
7334	10
7335	11
7336	12
7337	11
7338	14
7339	15
7340	16
7341	10
7342	15
7343	15
7344	12
7345	10
7346	21
7347	12
7348	15
7349	12
7350	14
7351	10
7352	16
7353	10
7354	12
7355	12
7356	15
7357	13
7358	16
7359	19
7360	19
7361	17
7362	9
7363	12
7364	13
7365	12
7366	14
7367	13
7368	15
7369	15
7370	14
7371	13
7372	23
7373	12
7374	17
7375	6
7376	12
7377	12
7378	19
7379	11
7380	9
7381	16
7382	15
7383	12
7384	9
7385	11
7386	10
7387	9
7388	11
7389	11
7390	15
7391	9
7392	11
7393	11
7394	10
7395	13
7396	14
7397	12
7398	13
7399	11
7400	11
7401	12
7402	10
7403	10
7404	14
7405	9
7406	12
7407	19
7408	19
7409	14
7410	16
7411	9
7412	14
7413	13
7414	14
7415	6
7416	14
7417	9
7418	11
7419	23
7420	11
7421	12
7422	9
7423	14
7424	14
7425	9
7426	10
7427	17
7428	14
7429	14
7430	14
7431	13
7432	14
7433	14
7434	16
7435	11
7436	11
7437	6
7438	15
7439	13
7440	9
7441	13
7442	14
7443	11
7444	14
7445	16
7446	16
7447	13
7448	13
7449	7
7450	11
7451	15
7452	14
7453	19
7454	13
7455	8
7456	13
7457	10
7458	14
7459	19
7460	15
7461	16
7462	14
7463	15
7464	11
7465	14
7466	12
7467	15
7468	15
7469	7
7470	9
7471	13
7472	9
7473	13
7474	15
7475	11
7476	10
7477	10
7478	8
7479	14
7480	8
7481	6
7482	18
7483	13
7484	10
7485	9
7486	11
7487	15
7488	18
7489	10
7490	9
7491	12
7492	15
7493	12
7494	13
7495	8
7496	12
7497	12
7498	13
7499	5
7500	4
7501	11
7502	14
7503	10
7504	11
7505	9
7506	10
7507	9
7508	14
7509	13
7510	6
7511	12
7512	13
7513	9
7514	3
7515	10
7516	9
7517	9
7518	9
7519	10
7520	15
7521	8
7522	9
7523	17
7524	14
7525	4
7526	9
7527	13
7528	11
7529	10
7530	10
7531	11
7532	8
7533	14
7534	12
7535	12
7536	9
7537	5
7538	10
7539	7
7540	10
7541	15
7542	16
7543	11
7544	8
7545	7
7546	7
7547	13
7548	7
7549	10
7550	7
7551	5
7552	12
7553	15
7554	9
7555	8
7556	7
7557	15
7558	21
7559	10
7560	11
7561	11
7562	9
7563	18
7564	8
7565	10
7566	16
7567	6
7568	8
7569	10
7570	12
7571	10
7572	11
7573	17
7574	9
7575	10
7576	13
7577	4
7578	9
7579	18
7580	11
7581	13
7582	6
7583	9
7584	10
7585	12
7586	7
7587	9
7588	11
7589	9
7590	9
7591	16
7592	11
7593	13
7594	13
7595	16
7596	7
7597	8
7598	8
7599	10
7600	14
7601	12
7602	10
7603	11
7604	11
7605	8
7606	14
7607	14
7608	15
7609	12
7610	17
7611	15
7612	11
7613	8
7614	15
7615	9
7616	7
7617	13
7618	14
7619	19
7620	11
7621	11
7622	4
7623	13
7624	12
7625	13
7626	15
7627	14
7628	5
7629	12
7630	10
7631	10
7632	14
7633	7
7634	5
7635	15
7636	6
7637	11
7638	16
7639	9
7640	10
7641	10
7642	15
7643	8
7644	9
7645	12
7646	9
7647	9
7648	12
7649	15
7650	9
7651	9
7652	15
7653	11
7654	6
7655	8
7656	14
7657	14
7658	7
7659	11
7660	6
7661	2
7662	13
7663	9
7664	12
7665	9
7666	12
7667	11
7668	11
7669	13
7670	9
7671	9
7672	5
7673	8
7674	10
7675	18
7676	7
7677	11
7678	13
7679	14
7680	11
7681	14
7682	14
7683	8
7684	15
7685	7
7686	10
7687	10
7688	11
7689	6
7690	12
7691	8
7692	8
7693	14
7694	19
7695	14
7696	10
7697	6
7698	13
7699	9
7700	9
7701	5
7702	7
7703	9
7704	8
7705	10
7706	8
7707	9
7708	8
7709	7
7710	8
7711	9
7712	15
7713	6
7714	6
7715	6
7716	10
7717	11
7718	9
7719	9
7720	14
7721	9
7722	5
7723	9
7724	12
7725	11
7726	12
7727	9
7728	10
7729	10
7730	9
7731	11
7732	9
7733	9
7734	9
7735	9
7736	14
7737	14
7738	12
7739	6
7740	16
7741	8
7742	8
7743	8
7744	12
7745	17
7746	11
7747	7
7748	9
7749	10
7750	11
7751	7
7752	9
7753	7
7754	7
7755	8
7756	7
7757	8
7758	11
7759	6
7760	13
7761	12
7762	8
7763	8
7764	12
7765	9
7766	6
7767	6
7768	7
7769	10
7770	11
7771	13
7772	8
7773	9
7774	15
7775	10
7776	14
7777	8
7778	12
7779	11
7780	6
7781	14
7782	10
7783	9
7784	12
7785	13
7786	6
7787	14
7788	13
7789	8
7790	9
7791	13
7792	8
7793	13
7794	5
7795	14
7796	11
7797	17
7798	8
7799	6
7800	14
7801	7
7802	16
7803	5
7804	15
7805	9
7806	9
7807	9
7808	11
7809	6
7810	3
7811	7
7812	5
7813	6
7814	9
7815	5
7816	13
7817	8
7818	6
7819	9
7820	8
7821	12
7822	10
7823	5
7824	13
7825	10
7826	8
7827	6
7828	5
7829	8
7830	8
7831	5
7832	8
7833	7
7834	10
7835	7
7836	11
7837	13
7838	20
7839	13
7840	5
7841	8
7842	11
7843	8
7844	10
7845	8
7846	9
7847	11
7848	12
7849	9
7850	9
7851	7
7852	9
7853	10
7854	5
7855	6
7856	9
7857	8
7858	10
7859	3
7860	14
7861	8
7862	9
7863	8
7864	8
7865	9
7866	6
7867	12
7868	8
7869	6
7870	7
7871	9
7872	11
7873	9
7874	8
7875	10
7876	9
7877	7
7878	8
7879	8
7880	11
7881	7
7882	9
7883	6
7884	13
7885	8
7886	6
7887	8
7888	12
7889	9
7890	11
7891	8
7892	13
7893	8
7894	12
7895	6
7896	13
7897	6
7898	12
7899	6
7900	8
7901	9
7902	6
7903	12
7904	7
7905	13
7906	11
7907	11
7908	12
7909	7
7910	10
7911	7
7912	8
7913	12
7914	6
7915	8
7916	8
7917	7
7918	13
7919	9
7920	3
7921	6
7922	13
7923	8
7924	5
7925	8
7926	6
7927	13
7928	13
7929	7
7930	7
7931	7
7932	9
7933	11
7934	12
7935	9
7936	5
7937	10
7938	11
7939	8
7940	9
7941	11
7942	11
7943	5
7944	6
7945	3
7946	6
7947	12
7948	6
7949	14
7950	11
7951	10
7952	12
7953	14
7954	7
7955	7
7956	8
7957	4
7958	7
7959	11
7960	6
7961	10
7962	5
7963	10
7964	9
7965	8
7966	15
7967	14
7968	8
7969	10
7970	7
7971	10
7972	4
7973	3
7974	9
7975	9
7976	9
7977	13
7978	5
7979	9
7980	11
7981	12
7982	9
7983	13
7984	13
7985	9
7986	10
7987	8
7988	9
7989	5
7990	11
7991	8
7992	7
7993	13
7994	12
7995	8
7996	8
7997	10
7998	14
7999	7
8000	8
8001	10
8002	1
8003	8
8004	10
8005	9
8006	7
8007	8
8008	14
8009	11
8010	10
8011	6
8012	10
8013	6
8014	10
8015	10
8016	7
8017	11
8018	17
8019	13
8020	4
8021	7
8022	10
8023	5
8024	6
8025	10
8026	8
8027	10
8028	6
8029	9
8030	9
8031	7
8032	8
8033	16
8034	12
8035	5
8036	4
8037	4
8038	5
8039	11
8040	7
8041	6
8042	9
8043	7
8044	10
8045	3
8046	7
8047	5
8048	3
8049	10
8050	12
8051	7
8052	10
8053	9
8054	6
8055	12
8056	11
8057	5
8058	7
8059	8
8060	8
8061	5
8062	6
8063	9
8064	8
8065	6
8066	6
8067	9
8068	7
8069	5
8070	7
8071	9
8072	9
8073	13
8074	11
8075	8
8076	5
8077	11
8078	9
8079	6
8080	6
8081	12
8082	4
8083	4
8084	10
8085	12
8086	14
8087	8
8088	13
8089	12
8090	7
8091	9
8092	7
8093	3
8094	5
8095	11
8096	11
8097	5
8098	9
8099	7
8100	4
8101	11
8102	10
8103	9
8104	9
8105	7
8106	5
8107	12
8108	10
8109	6
8110	9
8111	9
8112	7
8113	6
8114	4
8115	10
8116	15
8117	7
8118	8
8119	7
8120	9
8121	6
8122	6
8123	7
8124	5
8125	4
8126	4
8127	5
8128	2
8129	7
8130	2
8131	2
8132	4
8133	1
8134	2
8135	4
8136	1
8137	2
8138	2
8139	3
8140	6
8141	2
8142	3
8143	3
8144	3
8145	3
8146	2
8147	0
8148	1
8149	3
8150	0
8151	0
8152	0
8153	0
8154	0
8155	0
8156	0
8157	0
8158	0
8159	1
8160	0
8161	0
8162	0
8163	0
8164	0
8165	0
8166	0
8167	0
8168	0
8169	0
8170	0
8171	0
8172	0
8173	0
8174	0
8175	0
8176	0
8177	0
8178	0
8179	0
8180	0
8181	0
8182	0
8183	0
8184	0
8185	0
8186	0
8187	0
8188	0
8189	0
8190	0
8191	0
