0	1
1	0
2	0
3	0
4	0
5	0
6	0
7	0
8	0
9	0
10	0
11	0
12	0
13	0
14	0
15	0
16	0
17	0
18	0
19	0
20	0
21	0
22	0
23	0
24	0
25	0
26	0
27	0
28	0
29	0
30	0
31	0
32	0
33	0
34	0
35	0
36	0
37	0
38	1
39	0
40	0
41	0
42	0
43	1
44	0
45	0
46	0
47	6
48	9
49	11
50	13
51	18
52	13
53	7
54	17
55	10
56	15
57	19
58	10
59	8
60	16
61	16
62	13
63	14
64	4
65	14
66	14
67	8
68	11
69	13
70	9
71	12
72	10
73	19
74	11
75	4
76	12
77	11
78	11
79	10
80	13
81	13
82	14
83	12
84	18
85	6
86	21
87	27
88	43
89	85
90	164
91	202
92	229
93	261
94	237
95	272
96	215
97	231
98	228
99	215
100	231
101	210
102	209
103	187
104	196
105	187
106	218
107	181
108	185
109	167
110	193
111	171
112	175
113	153
114	184
115	202
116	189
117	145
118	174
119	189
120	180
121	174
122	148
123	175
124	184
125	154
126	171
127	172
128	186
129	180
130	172
131	153
132	173
133	174
134	180
135	177
136	173
137	153
138	169
139	150
140	185
141	173
142	153
143	174
144	179
145	180
146	181
147	198
148	176
149	163
150	201
151	183
152	175
153	162
154	165
155	180
156	200
157	188
158	166
159	195
160	176
161	173
162	156
163	160
164	189
165	165
166	181
167	175
168	207
169	182
170	196
171	171
172	157
173	182
174	180
175	179
176	185
177	192
178	177
179	186
180	186
181	176
182	179
183	187
184	192
185	183
186	191
187	226
188	187
189	207
190	179
191	193
192	209
193	170
194	190
195	221
196	196
197	172
198	191
199	210
200	207
201	183
202	196
203	204
204	178
205	190
206	193
207	188
208	188
209	197
210	199
211	176
212	185
213	219
214	192
215	215
216	180
217	169
218	217
219	189
220	197
221	201
222	193
223	205
224	221
225	216
226	221
227	185
228	186
229	210
230	212
231	217
232	218
233	199
234	215
235	201
236	216
237	207
238	188
239	229
240	214
241	253
242	220
243	237
244	213
245	238
246	218
247	225
248	225
249	225
250	257
251	221
252	245
253	252
254	226
255	248
256	264
257	228
258	243
259	249
260	241
261	263
262	287
263	236
264	253
265	279
266	286
267	293
268	281
269	260
270	309
271	285
272	293
273	285
274	281
275	263
276	277
277	322
278	279
279	276
280	294
281	336
282	307
283	298
284	334
285	318
286	292
287	316
288	319
289	318
290	331
291	372
292	342
293	344
294	367
295	352
296	350
297	365
298	350
299	364
300	367
301	388
302	398
303	372
304	367
305	403
306	409
307	381
308	384
309	396
310	415
311	426
312	419
313	451
314	432
315	412
316	437
317	448
318	472
319	484
320	505
321	511
322	487
323	499
324	523
325	555
326	584
327	525
328	543
329	550
330	548
331	595
332	603
333	582
334	582
335	639
336	620
337	673
338	676
339	667
340	652
341	731
342	786
343	715
344	782
345	820
346	734
347	840
348	801
349	851
350	896
351	863
352	912
353	968
354	1025
355	974
356	1061
357	1127
358	1091
359	1184
360	1187
361	1285
362	1334
363	1305
364	1403
365	1435
366	1503
367	1584
368	1625
369	1677
370	1785
371	1824
372	1842
373	1987
374	2017
375	2189
376	2244
377	2453
378	2459
379	2604
380	2709
381	2743
382	2845
383	3025
384	3244
385	3387
386	3577
387	3617
388	3816
389	4010
390	4203
391	4394
392	4661
393	4744
394	4922
395	5242
396	5470
397	5599
398	6110
399	6091
400	6407
401	6598
402	6946
403	7099
404	7406
405	7763
406	8094
407	8348
408	8672
409	9039
410	9227
411	9526
412	9928
413	10219
414	10819
415	10818
416	11138
417	11517
418	11895
419	11971
420	12494
421	12771
422	13145
423	13242
424	13714
425	13957
426	14249
427	14557
428	14923
429	15243
430	15496
431	15530
432	15948
433	16020
434	16328
435	16654
436	16840
437	16938
438	17166
439	17458
440	17373
441	17847
442	17686
443	17852
444	17670
445	18073
446	18177
447	18109
448	18299
449	18044
450	18163
451	18211
452	18174
453	18034
454	17861
455	17841
456	17386
457	17457
458	17650
459	17460
460	17433
461	17298
462	17246
463	16860
464	16858
465	16644
466	16349
467	15922
468	15710
469	15681
470	15418
471	15187
472	14962
473	14324
474	14175
475	14047
476	13720
477	13477
478	13216
479	12944
480	12756
481	12495
482	12197
483	11774
484	11807
485	11349
486	11187
487	10920
488	10494
489	10280
490	9967
491	9613
492	9739
493	9383
494	9016
495	8922
496	8794
497	8412
498	8156
499	7949
500	7885
501	7558
502	7340
503	7249
504	7205
505	6841
506	6729
507	6583
508	6237
509	6157
510	6102
511	6042
512	6008
513	5678
514	5511
515	5350
516	5382
517	5072
518	5156
519	4932
520	4900
521	4776
522	4559
523	4583
524	4463
525	4408
526	4277
527	4133
528	4015
529	3965
530	3932
531	3733
532	3760
533	3667
534	3508
535	3442
536	3460
537	3301
538	3216
539	3160
540	3153
541	3075
542	2977
543	2871
544	2777
545	2773
546	2738
547	2621
548	2535
549	2438
550	2404
551	2333
552	2325
553	2284
554	2182
555	2132
556	2146
557	2059
558	2001
559	1965
560	1876
561	1810
562	1735
563	1697
564	1730
565	1675
566	1627
567	1521
568	1466
569	1469
570	1305
571	1408
572	1347
573	1315
574	1264
575	1183
576	1166
577	1158
578	1036
579	1070
580	1017
581	1012
582	903
583	937
584	915
585	901
586	840
587	848
588	752
589	802
590	727
591	759
592	708
593	688
594	678
595	656
596	663
597	659
598	616
599	601
600	569
601	579
602	556
603	560
604	558
605	526
606	535
607	530
608	491
609	505
610	511
611	534
612	510
613	470
614	460
615	501
616	490
617	487
618	453
619	420
620	459
621	445
622	456
623	444
624	445
625	409
626	401
627	445
628	387
629	462
630	425
631	404
632	418
633	390
634	421
635	446
636	417
637	406
638	462
639	411
640	426
641	404
642	437
643	439
644	475
645	455
646	423
647	425
648	445
649	466
650	410
651	452
652	477
653	443
654	436
655	450
656	457
657	457
658	444
659	436
660	480
661	447
662	463
663	468
664	461
665	488
666	449
667	466
668	471
669	527
670	523
671	526
672	490
673	474
674	467
675	489
676	512
677	453
678	480
679	478
680	517
681	552
682	523
683	525
684	591
685	536
686	548
687	539
688	562
689	538
690	559
691	559
692	550
693	597
694	573
695	573
696	591
697	568
698	580
699	617
700	648
701	621
702	623
703	642
704	612
705	609
706	694
707	634
708	623
709	662
710	625
711	680
712	678
713	638
714	650
715	609
716	653
717	683
718	694
719	664
720	670
721	683
722	712
723	698
724	684
725	660
726	667
727	717
728	733
729	715
730	699
731	716
732	772
733	756
734	725
735	720
736	785
737	767
738	739
739	766
740	756
741	795
742	813
743	759
744	724
745	784
746	787
747	804
748	787
749	759
750	768
751	798
752	732
753	782
754	795
755	807
756	815
757	782
758	788
759	821
760	764
761	840
762	777
763	811
764	759
765	809
766	810
767	815
768	831
769	858
770	863
771	782
772	867
773	795
774	840
775	849
776	834
777	846
778	857
779	869
780	826
781	898
782	861
783	855
784	830
785	847
786	820
787	848
788	812
789	906
790	874
791	810
792	790
793	839
794	849
795	853
796	880
797	861
798	845
799	873
800	849
801	846
802	864
803	871
804	835
805	845
806	882
807	865
808	828
809	859
810	815
811	820
812	882
813	813
814	795
815	834
816	850
817	853
818	832
819	837
820	833
821	795
822	832
823	791
824	832
825	808
826	815
827	870
828	777
829	817
830	832
831	841
832	849
833	788
834	825
835	824
836	763
837	874
838	757
839	764
840	764
841	778
842	790
843	766
844	770
845	801
846	759
847	812
848	806
849	802
850	791
851	797
852	716
853	786
854	807
855	817
856	799
857	769
858	805
859	783
860	778
861	772
862	816
863	778
864	762
865	740
866	879
867	756
868	758
869	719
870	760
871	767
872	749
873	760
874	794
875	826
876	821
877	798
878	835
879	852
880	759
881	851
882	805
883	878
884	882
885	850
886	863
887	848
888	848
889	853
890	901
891	911
892	836
893	923
894	863
895	933
896	972
897	929
898	952
899	983
900	943
901	950
902	968
903	997
904	978
905	998
906	968
907	1014
908	1031
909	1057
910	1065
911	1106
912	1049
913	1037
914	1099
915	1127
916	1090
917	1089
918	1084
919	1092
920	1146
921	1160
922	1204
923	1198
924	1162
925	1150
926	1200
927	1176
928	1187
929	1187
930	1195
931	1201
932	1216
933	1185
934	1293
935	1242
936	1297
937	1264
938	1244
939	1280
940	1304
941	1331
942	1277
943	1309
944	1349
945	1329
946	1288
947	1291
948	1326
949	1358
950	1385
951	1333
952	1349
953	1298
954	1274
955	1350
956	1321
957	1408
958	1353
959	1348
960	1338
961	1425
962	1384
963	1285
964	1281
965	1361
966	1262
967	1365
968	1335
969	1376
970	1418
971	1365
972	1380
973	1291
974	1275
975	1320
976	1270
977	1288
978	1267
979	1274
980	1330
981	1290
982	1362
983	1184
984	1267
985	1281
986	1252
987	1270
988	1339
989	1212
990	1212
991	1243
992	1210
993	1273
994	1208
995	1208
996	1184
997	1221
998	1161
999	1164
1000	1151
1001	1185
1002	1179
1003	1170
1004	1152
1005	1208
1006	1132
1007	1143
1008	1142
1009	1044
1010	1070
1011	1086
1012	1138
1013	1063
1014	1103
1015	1031
1016	1060
1017	1058
1018	1064
1019	1038
1020	1074
1021	1029
1022	975
1023	1040
1024	1031
1025	962
1026	955
1027	987
1028	1000
1029	993
1030	1045
1031	966
1032	953
1033	999
1034	942
1035	954
1036	896
1037	936
1038	974
1039	950
1040	915
1041	904
1042	914
1043	921
1044	901
1045	861
1046	823
1047	883
1048	901
1049	854
1050	919
1051	946
1052	900
1053	873
1054	863
1055	864
1056	861
1057	818
1058	847
1059	848
1060	904
1061	832
1062	891
1063	845
1064	843
1065	855
1066	802
1067	881
1068	833
1069	818
1070	827
1071	865
1072	883
1073	919
1074	844
1075	867
1076	890
1077	900
1078	891
1079	884
1080	926
1081	915
1082	875
1083	872
1084	925
1085	865
1086	867
1087	868
1088	958
1089	958
1090	894
1091	928
1092	995
1093	925
1094	980
1095	956
1096	984
1097	992
1098	1004
1099	991
1100	1026
1101	1022
1102	1062
1103	1080
1104	1069
1105	1049
1106	1065
1107	1117
1108	1108
1109	1134
1110	1153
1111	1179
1112	1197
1113	1175
1114	1221
1115	1192
1116	1195
1117	1237
1118	1298
1119	1261
1120	1338
1121	1361
1122	1327
1123	1281
1124	1393
1125	1401
1126	1412
1127	1415
1128	1463
1129	1378
1130	1527
1131	1517
1132	1589
1133	1554
1134	1595
1135	1619
1136	1539
1137	1587
1138	1716
1139	1698
1140	1716
1141	1794
1142	1744
1143	1919
1144	1845
1145	1847
1146	1949
1147	1961
1148	2009
1149	1917
1150	2077
1151	2107
1152	2055
1153	2179
1154	2220
1155	2215
1156	2212
1157	2340
1158	2308
1159	2375
1160	2377
1161	2494
1162	2545
1163	2398
1164	2468
1165	2535
1166	2518
1167	2590
1168	2673
1169	2794
1170	2864
1171	2848
1172	2846
1173	2904
1174	2968
1175	2937
1176	3104
1177	3098
1178	3066
1179	3160
1180	3208
1181	3273
1182	3195
1183	3288
1184	3300
1185	3313
1186	3496
1187	3504
1188	3485
1189	3652
1190	3654
1191	3761
1192	3649
1193	3730
1194	3732
1195	3821
1196	3809
1197	3901
1198	3792
1199	4027
1200	3918
1201	4113
1202	4041
1203	4082
1204	3978
1205	4197
1206	4297
1207	4275
1208	4356
1209	4269
1210	4305
1211	4305
1212	4375
1213	4493
1214	4431
1215	4386
1216	4445
1217	4577
1218	4479
1219	4666
1220	4546
1221	4492
1222	4436
1223	4532
1224	4687
1225	4623
1226	4680
1227	4739
1228	4575
1229	4709
1230	4556
1231	4655
1232	4736
1233	4516
1234	4623
1235	4727
1236	4489
1237	4624
1238	4704
1239	4637
1240	4606
1241	4614
1242	4535
1243	4559
1244	4524
1245	4452
1246	4564
1247	4442
1248	4654
1249	4390
1250	4496
1251	4607
1252	4454
1253	4347
1254	4323
1255	4364
1256	4161
1257	4303
1258	4198
1259	4180
1260	4298
1261	4129
1262	4193
1263	3932
1264	4007
1265	3946
1266	4052
1267	3931
1268	4035
1269	3868
1270	3934
1271	3661
1272	3664
1273	3557
1274	3674
1275	3633
1276	3531
1277	3542
1278	3477
1279	3451
1280	3415
1281	3368
1282	3366
1283	3213
1284	3208
1285	3157
1286	3158
1287	2998
1288	3088
1289	3029
1290	2891
1291	2909
1292	2834
1293	2726
1294	2743
1295	2674
1296	2628
1297	2589
1298	2524
1299	2392
1300	2408
1301	2295
1302	2332
1303	2354
1304	2299
1305	2311
1306	2258
1307	2182
1308	2077
1309	2015
1310	1988
1311	1977
1312	1987
1313	1959
1314	1889
1315	1861
1316	1814
1317	1787
1318	1733
1319	1680
1320	1622
1321	1547
1322	1631
1323	1550
1324	1546
1325	1497
1326	1443
1327	1423
1328	1381
1329	1344
1330	1339
1331	1307
1332	1316
1333	1259
1334	1227
1335	1234
1336	1200
1337	1139
1338	1128
1339	1077
1340	1073
1341	1096
1342	1029
1343	985
1344	947
1345	958
1346	950
1347	928
1348	860
1349	828
1350	929
1351	846
1352	862
1353	779
1354	822
1355	798
1356	763
1357	712
1358	774
1359	728
1360	674
1361	668
1362	693
1363	675
1364	637
1365	661
1366	593
1367	625
1368	583
1369	610
1370	639
1371	593
1372	578
1373	619
1374	601
1375	524
1376	585
1377	527
1378	552
1379	518
1380	499
1381	470
1382	467
1383	523
1384	485
1385	464
1386	507
1387	465
1388	459
1389	472
1390	471
1391	436
1392	420
1393	421
1394	432
1395	428
1396	444
1397	447
1398	434
1399	434
1400	415
1401	433
1402	410
1403	432
1404	421
1405	439
1406	368
1407	400
1408	428
1409	384
1410	401
1411	381
1412	393
1413	385
1414	400
1415	377
1416	394
1417	374
1418	394
1419	395
1420	421
1421	382
1422	432
1423	370
1424	389
1425	382
1426	398
1427	395
1428	370
1429	361
1430	369
1431	346
1432	372
1433	390
1434	321
1435	394
1436	362
1437	376
1438	369
1439	384
1440	348
1441	378
1442	378
1443	373
1444	385
1445	338
1446	380
1447	390
1448	343
1449	364
1450	342
1451	361
1452	361
1453	358
1454	325
1455	353
1456	369
1457	346
1458	349
1459	370
1460	375
1461	374
1462	355
1463	365
1464	349
1465	335
1466	371
1467	347
1468	351
1469	360
1470	355
1471	366
1472	342
1473	329
1474	380
1475	358
1476	370
1477	350
1478	381
1479	363
1480	358
1481	356
1482	343
1483	348
1484	359
1485	404
1486	382
1487	337
1488	358
1489	380
1490	329
1491	386
1492	395
1493	337
1494	337
1495	337
1496	368
1497	336
1498	338
1499	360
1500	386
1501	376
1502	370
1503	360
1504	330
1505	364
1506	363
1507	365
1508	376
1509	366
1510	378
1511	358
1512	355
1513	372
1514	329
1515	377
1516	345
1517	367
1518	368
1519	378
1520	350
1521	363
1522	377
1523	357
1524	354
1525	344
1526	362
1527	356
1528	347
1529	345
1530	373
1531	366
1532	354
1533	349
1534	358
1535	394
1536	376
1537	343
1538	358
1539	363
1540	389
1541	340
1542	388
1543	374
1544	376
1545	373
1546	374
1547	340
1548	390
1549	332
1550	403
1551	349
1552	376
1553	364
1554	359
1555	384
1556	357
1557	392
1558	353
1559	375
1560	402
1561	365
1562	391
1563	396
1564	361
1565	408
1566	356
1567	394
1568	389
1569	360
1570	402
1571	408
1572	366
1573	365
1574	378
1575	423
1576	397
1577	399
1578	374
1579	396
1580	390
1581	405
1582	404
1583	396
1584	414
1585	381
1586	423
1587	403
1588	395
1589	413
1590	403
1591	423
1592	424
1593	431
1594	450
1595	447
1596	445
1597	391
1598	426
1599	386
1600	420
1601	424
1602	411
1603	400
1604	446
1605	435
1606	427
1607	416
1608	393
1609	453
1610	493
1611	467
1612	445
1613	412
1614	447
1615	452
1616	446
1617	460
1618	447
1619	470
1620	449
1621	497
1622	496
1623	464
1624	460
1625	517
1626	481
1627	453
1628	476
1629	490
1630	444
1631	477
1632	487
1633	505
1634	456
1635	525
1636	492
1637	509
1638	499
1639	503
1640	525
1641	527
1642	521
1643	565
1644	503
1645	520
1646	527
1647	555
1648	581
1649	557
1650	603
1651	583
1652	612
1653	553
1654	610
1655	525
1656	540
1657	615
1658	617
1659	567
1660	575
1661	611
1662	565
1663	569
1664	601
1665	582
1666	595
1667	633
1668	638
1669	611
1670	626
1671	643
1672	650
1673	640
1674	626
1675	648
1676	620
1677	685
1678	652
1679	672
1680	673
1681	684
1682	704
1683	684
1684	636
1685	718
1686	725
1687	681
1688	726
1689	699
1690	693
1691	723
1692	691
1693	697
1694	726
1695	703
1696	713
1697	770
1698	714
1699	731
1700	758
1701	783
1702	783
1703	746
1704	788
1705	790
1706	756
1707	753
1708	745
1709	727
1710	769
1711	768
1712	777
1713	776
1714	786
1715	777
1716	758
1717	829
1718	743
1719	814
1720	763
1721	760
1722	801
1723	763
1724	767
1725	785
1726	816
1727	746
1728	841
1729	764
1730	797
1731	781
1732	819
1733	831
1734	813
1735	741
1736	815
1737	826
1738	738
1739	760
1740	798
1741	833
1742	796
1743	828
1744	790
1745	805
1746	750
1747	749
1748	807
1749	796
1750	720
1751	784
1752	717
1753	751
1754	733
1755	774
1756	773
1757	753
1758	768
1759	742
1760	770
1761	757
1762	733
1763	743
1764	784
1765	700
1766	747
1767	752
1768	720
1769	783
1770	670
1771	746
1772	748
1773	694
1774	720
1775	689
1776	725
1777	701
1778	709
1779	715
1780	684
1781	676
1782	684
1783	669
1784	645
1785	639
1786	713
1787	677
1788	651
1789	690
1790	653
1791	648
1792	653
1793	603
1794	652
1795	655
1796	617
1797	614
1798	687
1799	611
1800	587
1801	629
1802	595
1803	588
1804	593
1805	620
1806	581
1807	569
1808	577
1809	586
1810	577
1811	552
1812	520
1813	562
1814	548
1815	537
1816	523
1817	540
1818	544
1819	554
1820	504
1821	476
1822	537
1823	504
1824	529
1825	527
1826	484
1827	503
1828	521
1829	504
1830	488
1831	495
1832	463
1833	432
1834	488
1835	444
1836	471
1837	499
1838	433
1839	500
1840	475
1841	449
1842	431
1843	470
1844	450
1845	437
1846	424
1847	429
1848	459
1849	395
1850	442
1851	377
1852	420
1853	402
1854	383
1855	414
1856	388
1857	398
1858	387
1859	377
1860	402
1861	391
1862	384
1863	342
1864	387
1865	399
1866	377
1867	420
1868	363
1869	373
1870	344
1871	359
1872	318
1873	376
1874	330
1875	336
1876	354
1877	366
1878	316
1879	328
1880	369
1881	351
1882	325
1883	347
1884	330
1885	334
1886	327
1887	330
1888	318
1889	339
1890	347
1891	327
1892	329
1893	312
1894	325
1895	302
1896	328
1897	322
1898	296
1899	323
1900	288
1901	285
1902	288
1903	324
1904	322
1905	298
1906	311
1907	303
1908	310
1909	323
1910	303
1911	311
1912	332
1913	290
1914	317
1915	307
1916	323
1917	334
1918	277
1919	309
1920	319
1921	291
1922	298
1923	296
1924	315
1925	310
1926	304
1927	244
1928	261
1929	279
1930	292
1931	288
1932	291
1933	286
1934	307
1935	302
1936	266
1937	277
1938	296
1939	296
1940	282
1941	271
1942	273
1943	287
1944	295
1945	252
1946	261
1947	294
1948	310
1949	275
1950	294
1951	295
1952	268
1953	309
1954	286
1955	310
1956	326
1957	265
1958	301
1959	308
1960	283
1961	285
1962	268
1963	258
1964	303
1965	266
1966	278
1967	290
1968	287
1969	302
1970	316
1971	321
1972	293
1973	276
1974	288
1975	304
1976	285
1977	297
1978	301
1979	296
1980	292
1981	288
1982	282
1983	296
1984	286
1985	316
1986	298
1987	303
1988	288
1989	299
1990	319
1991	315
1992	306
1993	262
1994	319
1995	319
1996	288
1997	294
1998	294
1999	310
2000	279
2001	300
2002	320
2003	284
2004	270
2005	303
2006	310
2007	265
2008	313
2009	275
2010	322
2011	325
2012	306
2013	311
2014	316
2015	296
2016	293
2017	268
2018	313
2019	293
2020	305
2021	284
2022	326
2023	319
2024	314
2025	321
2026	306
2027	300
2028	313
2029	290
2030	321
2031	307
2032	318
2033	296
2034	312
2035	306
2036	276
2037	338
2038	323
2039	308
2040	314
2041	322
2042	318
2043	336
2044	286
2045	328
2046	329
2047	317
2048	330
2049	319
2050	315
2051	288
2052	317
2053	343
2054	333
2055	309
2056	326
2057	326
2058	351
2059	305
2060	332
2061	337
2062	315
2063	324
2064	314
2065	291
2066	325
2067	306
2068	308
2069	313
2070	292
2071	330
2072	329
2073	337
2074	316
2075	334
2076	327
2077	335
2078	353
2079	357
2080	320
2081	304
2082	348
2083	327
2084	336
2085	357
2086	331
2087	321
2088	346
2089	318
2090	325
2091	368
2092	337
2093	333
2094	323
2095	370
2096	330
2097	342
2098	364
2099	332
2100	312
2101	343
2102	334
2103	347
2104	341
2105	350
2106	355
2107	344
2108	351
2109	368
2110	337
2111	321
2112	293
2113	304
2114	328
2115	355
2116	305
2117	331
2118	371
2119	345
2120	353
2121	363
2122	361
2123	350
2124	354
2125	336
2126	368
2127	358
2128	332
2129	350
2130	334
2131	349
2132	363
2133	375
2134	351
2135	355
2136	326
2137	327
2138	369
2139	351
2140	322
2141	364
2142	359
2143	361
2144	366
2145	385
2146	334
2147	359
2148	362
2149	331
2150	361
2151	342
2152	360
2153	348
2154	384
2155	354
2156	347
2157	331
2158	323
2159	331
2160	381
2161	345
2162	340
2163	350
2164	334
2165	391
2166	383
2167	341
2168	393
2169	375
2170	383
2171	362
2172	383
2173	369
2174	363
2175	370
2176	351
2177	393
2178	379
2179	385
2180	390
2181	362
2182	341
2183	370
2184	414
2185	365
2186	413
2187	358
2188	361
2189	388
2190	367
2191	367
2192	384
2193	364
2194	386
2195	331
2196	382
2197	385
2198	360
2199	377
2200	381
2201	369
2202	396
2203	379
2204	388
2205	365
2206	379
2207	378
2208	358
2209	418
2210	397
2211	396
2212	391
2213	386
2214	392
2215	373
2216	400
2217	347
2218	389
2219	387
2220	368
2221	370
2222	398
2223	372
2224	390
2225	412
2226	388
2227	423
2228	376
2229	399
2230	370
2231	351
2232	375
2233	370
2234	416
2235	377
2236	409
2237	401
2238	389
2239	397
2240	359
2241	406
2242	410
2243	405
2244	422
2245	406
2246	365
2247	402
2248	426
2249	422
2250	348
2251	375
2252	386
2253	412
2254	402
2255	399
2256	385
2257	391
2258	365
2259	353
2260	402
2261	380
2262	409
2263	381
2264	371
2265	382
2266	389
2267	419
2268	402
2269	406
2270	415
2271	384
2272	382
2273	362
2274	420
2275	373
2276	385
2277	409
2278	413
2279	400
2280	393
2281	380
2282	399
2283	402
2284	373
2285	402
2286	382
2287	419
2288	389
2289	398
2290	393
2291	394
2292	382
2293	400
2294	382
2295	415
2296	388
2297	382
2298	415
2299	419
2300	415
2301	382
2302	373
2303	387
2304	340
2305	416
2306	378
2307	377
2308	405
2309	403
2310	357
2311	376
2312	385
2313	372
2314	379
2315	390
2316	376
2317	381
2318	382
2319	392
2320	389
2321	428
2322	382
2323	381
2324	396
2325	383
2326	374
2327	370
2328	379
2329	362
2330	354
2331	387
2332	373
2333	363
2334	393
2335	364
2336	373
2337	372
2338	375
2339	386
2340	399
2341	394
2342	395
2343	364
2344	387
2345	405
2346	386
2347	364
2348	387
2349	367
2350	372
2351	372
2352	385
2353	420
2354	364
2355	374
2356	382
2357	333
2358	402
2359	380
2360	394
2361	375
2362	356
2363	363
2364	344
2365	340
2366	413
2367	354
2368	354
2369	384
2370	362
2371	379
2372	382
2373	389
2374	386
2375	392
2376	384
2377	384
2378	364
2379	369
2380	373
2381	342
2382	377
2383	370
2384	384
2385	340
2386	381
2387	377
2388	354
2389	356
2390	344
2391	349
2392	355
2393	366
2394	356
2395	373
2396	359
2397	380
2398	325
2399	376
2400	369
2401	366
2402	376
2403	347
2404	362
2405	356
2406	385
2407	331
2408	366
2409	358
2410	334
2411	347
2412	387
2413	350
2414	332
2415	386
2416	344
2417	345
2418	354
2419	373
2420	365
2421	342
2422	379
2423	337
2424	350
2425	378
2426	352
2427	384
2428	344
2429	338
2430	333
2431	345
2432	325
2433	358
2434	346
2435	372
2436	362
2437	365
2438	312
2439	313
2440	350
2441	360
2442	349
2443	370
2444	357
2445	309
2446	348
2447	345
2448	326
2449	336
2450	351
2451	345
2452	354
2453	326
2454	314
2455	338
2456	334
2457	343
2458	347
2459	350
2460	302
2461	352
2462	304
2463	325
2464	345
2465	330
2466	340
2467	331
2468	337
2469	351
2470	333
2471	355
2472	330
2473	313
2474	343
2475	321
2476	338
2477	303
2478	344
2479	336
2480	329
2481	314
2482	348
2483	314
2484	289
2485	338
2486	334
2487	343
2488	337
2489	344
2490	329
2491	312
2492	335
2493	351
2494	309
2495	293
2496	311
2497	317
2498	339
2499	346
2500	325
2501	315
2502	344
2503	328
2504	290
2505	314
2506	322
2507	311
2508	300
2509	337
2510	326
2511	336
2512	286
2513	317
2514	304
2515	293
2516	320
2517	298
2518	320
2519	325
2520	315
2521	298
2522	315
2523	327
2524	288
2525	323
2526	310
2527	306
2528	318
2529	335
2530	299
2531	291
2532	272
2533	291
2534	302
2535	317
2536	316
2537	307
2538	319
2539	287
2540	305
2541	341
2542	303
2543	288
2544	327
2545	294
2546	277
2547	275
2548	271
2549	280
2550	302
2551	279
2552	315
2553	298
2554	297
2555	302
2556	301
2557	273
2558	300
2559	282
2560	284
2561	295
2562	318
2563	273
2564	321
2565	311
2566	317
2567	282
2568	292
2569	281
2570	278
2571	325
2572	339
2573	239
2574	281
2575	301
2576	283
2577	261
2578	261
2579	275
2580	299
2581	320
2582	302
2583	294
2584	274
2585	291
2586	274
2587	317
2588	297
2589	300
2590	279
2591	293
2592	287
2593	270
2594	282
2595	231
2596	304
2597	293
2598	277
2599	272
2600	274
2601	257
2602	273
2603	285
2604	283
2605	274
2606	268
2607	273
2608	289
2609	286
2610	291
2611	296
2612	264
2613	273
2614	299
2615	273
2616	298
2617	269
2618	282
2619	266
2620	246
2621	270
2622	229
2623	279
2624	291
2625	252
2626	262
2627	254
2628	279
2629	295
2630	289
2631	277
2632	294
2633	269
2634	283
2635	263
2636	268
2637	280
2638	292
2639	300
2640	237
2641	261
2642	315
2643	276
2644	293
2645	255
2646	274
2647	248
2648	249
2649	286
2650	264
2651	281
2652	263
2653	280
2654	238
2655	265
2656	269
2657	267
2658	304
2659	253
2660	269
2661	264
2662	280
2663	258
2664	271
2665	250
2666	287
2667	266
2668	278
2669	276
2670	290
2671	266
2672	284
2673	261
2674	260
2675	271
2676	278
2677	273
2678	263
2679	244
2680	264
2681	259
2682	237
2683	261
2684	266
2685	266
2686	273
2687	273
2688	245
2689	252
2690	258
2691	256
2692	264
2693	247
2694	273
2695	258
2696	261
2697	270
2698	283
2699	240
2700	286
2701	263
2702	268
2703	255
2704	262
2705	233
2706	279
2707	283
2708	244
2709	220
2710	263
2711	264
2712	272
2713	257
2714	247
2715	273
2716	269
2717	293
2718	216
2719	310
2720	264
2721	278
2722	254
2723	271
2724	261
2725	275
2726	265
2727	268
2728	259
2729	253
2730	254
2731	248
2732	272
2733	254
2734	238
2735	260
2736	272
2737	237
2738	252
2739	247
2740	201
2741	271
2742	250
2743	253
2744	256
2745	252
2746	251
2747	232
2748	249
2749	254
2750	241
2751	257
2752	256
2753	249
2754	258
2755	285
2756	257
2757	259
2758	241
2759	249
2760	281
2761	250
2762	276
2763	224
2764	260
2765	257
2766	250
2767	246
2768	260
2769	250
2770	250
2771	213
2772	223
2773	214
2774	234
2775	244
2776	254
2777	265
2778	245
2779	243
2780	272
2781	273
2782	245
2783	234
2784	243
2785	247
2786	241
2787	261
2788	214
2789	247
2790	258
2791	229
2792	235
2793	246
2794	244
2795	244
2796	246
2797	219
2798	260
2799	271
2800	254
2801	226
2802	220
2803	239
2804	235
2805	230
2806	238
2807	242
2808	256
2809	260
2810	241
2811	231
2812	245
2813	238
2814	270
2815	231
2816	249
2817	241
2818	224
2819	238
2820	227
2821	234
2822	221
2823	211
2824	243
2825	246
2826	245
2827	262
2828	251
2829	235
2830	238
2831	247
2832	226
2833	231
2834	244
2835	226
2836	254
2837	240
2838	236
2839	218
2840	234
2841	267
2842	205
2843	226
2844	226
2845	249
2846	227
2847	223
2848	256
2849	235
2850	218
2851	218
2852	233
2853	237
2854	251
2855	242
2856	236
2857	221
2858	224
2859	246
2860	230
2861	220
2862	238
2863	223
2864	223
2865	206
2866	201
2867	209
2868	238
2869	231
2870	192
2871	238
2872	224
2873	209
2874	244
2875	252
2876	232
2877	198
2878	214
2879	218
2880	219
2881	235
2882	215
2883	200
2884	239
2885	219
2886	220
2887	208
2888	193
2889	257
2890	233
2891	240
2892	215
2893	207
2894	213
2895	195
2896	194
2897	199
2898	172
2899	223
2900	222
2901	201
2902	205
2903	209
2904	211
2905	223
2906	199
2907	206
2908	199
2909	219
2910	185
2911	209
2912	219
2913	210
2914	203
2915	182
2916	204
2917	208
2918	192
2919	205
2920	211
2921	224
2922	200
2923	218
2924	207
2925	231
2926	226
2927	204
2928	202
2929	193
2930	174
2931	188
2932	204
2933	225
2934	197
2935	183
2936	212
2937	200
2938	214
2939	220
2940	206
2941	196
2942	201
2943	208
2944	204
2945	208
2946	205
2947	189
2948	192
2949	224
2950	197
2951	193
2952	185
2953	203
2954	191
2955	171
2956	196
2957	210
2958	179
2959	209
2960	231
2961	209
2962	191
2963	168
2964	204
2965	186
2966	211
2967	205
2968	211
2969	196
2970	182
2971	200
2972	174
2973	213
2974	164
2975	198
2976	190
2977	199
2978	195
2979	173
2980	176
2981	196
2982	171
2983	179
2984	188
2985	170
2986	183
2987	221
2988	176
2989	211
2990	203
2991	196
2992	192
2993	195
2994	177
2995	189
2996	165
2997	183
2998	170
2999	187
3000	170
3001	173
3002	184
3003	188
3004	208
3005	181
3006	183
3007	180
3008	213
3009	160
3010	202
3011	197
3012	182
3013	176
3014	219
3015	160
3016	188
3017	207
3018	180
3019	200
3020	184
3021	166
3022	171
3023	189
3024	173
3025	198
3026	165
3027	195
3028	155
3029	188
3030	194
3031	184
3032	157
3033	175
3034	175
3035	174
3036	166
3037	207
3038	180
3039	172
3040	150
3041	161
3042	185
3043	172
3044	169
3045	160
3046	162
3047	153
3048	180
3049	149
3050	188
3051	171
3052	173
3053	153
3054	161
3055	173
3056	182
3057	190
3058	199
3059	172
3060	170
3061	170
3062	161
3063	165
3064	149
3065	169
3066	188
3067	168
3068	172
3069	156
3070	189
3071	173
3072	156
3073	176
3074	173
3075	154
3076	165
3077	186
3078	171
3079	161
3080	182
3081	178
3082	162
3083	173
3084	179
3085	166
3086	188
3087	163
3088	162
3089	139
3090	183
3091	143
3092	197
3093	179
3094	172
3095	177
3096	147
3097	158
3098	161
3099	147
3100	190
3101	173
3102	143
3103	160
3104	179
3105	180
3106	178
3107	155
3108	159
3109	151
3110	173
3111	164
3112	149
3113	171
3114	163
3115	165
3116	174
3117	156
3118	152
3119	174
3120	171
3121	174
3122	169
3123	152
3124	185
3125	167
3126	158
3127	156
3128	160
3129	150
3130	170
3131	160
3132	168
3133	153
3134	149
3135	158
3136	164
3137	157
3138	173
3139	138
3140	187
3141	147
3142	155
3143	141
3144	176
3145	176
3146	169
3147	150
3148	158
3149	164
3150	139
3151	152
3152	189
3153	159
3154	148
3155	174
3156	190
3157	168
3158	156
3159	155
3160	172
3161	164
3162	154
3163	159
3164	171
3165	160
3166	155
3167	146
3168	143
3169	153
3170	154
3171	187
3172	151
3173	187
3174	144
3175	146
3176	142
3177	149
3178	148
3179	176
3180	161
3181	151
3182	151
3183	174
3184	183
3185	150
3186	152
3187	154
3188	137
3189	142
3190	163
3191	146
3192	157
3193	152
3194	161
3195	145
3196	157
3197	162
3198	128
3199	158
3200	147
3201	151
3202	143
3203	149
3204	166
3205	156
3206	145
3207	164
3208	143
3209	137
3210	135
3211	152
3212	159
3213	180
3214	147
3215	137
3216	156
3217	139
3218	168
3219	152
3220	152
3221	163
3222	165
3223	137
3224	154
3225	149
3226	158
3227	153
3228	149
3229	134
3230	175
3231	141
3232	152
3233	140
3234	146
3235	137
3236	151
3237	158
3238	170
3239	147
3240	141
3241	162
3242	158
3243	129
3244	182
3245	164
3246	145
3247	141
3248	146
3249	122
3250	131
3251	144
3252	143
3253	160
3254	148
3255	145
3256	144
3257	156
3258	155
3259	156
3260	166
3261	146
3262	146
3263	131
3264	117
3265	138
3266	173
3267	153
3268	137
3269	147
3270	157
3271	150
3272	147
3273	173
3274	128
3275	133
3276	169
3277	160
3278	162
3279	150
3280	139
3281	130
3282	146
3283	145
3284	151
3285	144
3286	132
3287	131
3288	134
3289	130
3290	143
3291	145
3292	140
3293	153
3294	136
3295	133
3296	141
3297	143
3298	142
3299	145
3300	162
3301	134
3302	138
3303	143
3304	140
3305	123
3306	144
3307	151
3308	120
3309	143
3310	147
3311	138
3312	126
3313	153
3314	131
3315	119
3316	152
3317	136
3318	154
3319	152
3320	109
3321	137
3322	148
3323	137
3324	126
3325	123
3326	138
3327	119
3328	136
3329	149
3330	114
3331	119
3332	139
3333	143
3334	134
3335	128
3336	150
3337	144
3338	115
3339	132
3340	116
3341	137
3342	132
3343	142
3344	155
3345	115
3346	129
3347	144
3348	125
3349	127
3350	129
3351	125
3352	142
3353	115
3354	136
3355	137
3356	126
3357	117
3358	135
3359	131
3360	108
3361	141
3362	124
3363	132
3364	118
3365	128
3366	157
3367	143
3368	119
3369	129
3370	140
3371	118
3372	122
3373	128
3374	107
3375	113
3376	121
3377	141
3378	124
3379	118
3380	118
3381	122
3382	127
3383	128
3384	121
3385	126
3386	137
3387	127
3388	110
3389	124
3390	121
3391	113
3392	132
3393	119
3394	114
3395	97
3396	122
3397	141
3398	120
3399	130
3400	125
3401	123
3402	135
3403	112
3404	126
3405	107
3406	129
3407	135
3408	132
3409	120
3410	111
3411	115
3412	128
3413	121
3414	128
3415	121
3416	126
3417	114
3418	120
3419	136
3420	129
3421	100
3422	111
3423	148
3424	126
3425	124
3426	127
3427	116
3428	119
3429	131
3430	108
3431	99
3432	108
3433	93
3434	120
3435	125
3436	114
3437	123
3438	135
3439	123
3440	129
3441	144
3442	118
3443	117
3444	125
3445	112
3446	118
3447	140
3448	112
3449	131
3450	140
3451	147
3452	89
3453	107
3454	111
3455	123
3456	111
3457	113
3458	112
3459	108
3460	115
3461	126
3462	109
3463	113
3464	129
3465	121
3466	115
3467	120
3468	114
3469	122
3470	110
3471	125
3472	102
3473	111
3474	118
3475	122
3476	120
3477	109
3478	108
3479	127
3480	91
3481	113
3482	102
3483	116
3484	111
3485	112
3486	129
3487	122
3488	106
3489	111
3490	105
3491	133
3492	131
3493	104
3494	94
3495	125
3496	103
3497	124
3498	107
3499	105
3500	117
3501	132
3502	119
3503	105
3504	105
3505	117
3506	117
3507	117
3508	128
3509	112
3510	107
3511	104
3512	112
3513	114
3514	132
3515	120
3516	117
3517	105
3518	107
3519	114
3520	113
3521	103
3522	106
3523	86
3524	112
3525	119
3526	91
3527	110
3528	117
3529	114
3530	101
3531	113
3532	98
3533	95
3534	107
3535	98
3536	103
3537	112
3538	98
3539	126
3540	91
3541	106
3542	97
3543	106
3544	114
3545	107
3546	105
3547	119
3548	96
3549	125
3550	103
3551	133
3552	110
3553	109
3554	111
3555	117
3556	117
3557	109
3558	105
3559	110
3560	123
3561	116
3562	114
3563	125
3564	116
3565	115
3566	101
3567	101
3568	114
3569	92
3570	113
3571	106
3572	105
3573	111
3574	123
3575	111
3576	117
3577	108
3578	104
3579	114
3580	134
3581	107
3582	116
3583	125
3584	114
3585	102
3586	109
3587	131
3588	101
3589	97
3590	110
3591	90
3592	118
3593	127
3594	103
3595	104
3596	99
3597	113
3598	115
3599	108
3600	116
3601	115
3602	91
3603	116
3604	120
3605	111
3606	109
3607	118
3608	103
3609	119
3610	113
3611	110
3612	125
3613	123
3614	133
3615	124
3616	115
3617	117
3618	127
3619	94
3620	103
3621	127
3622	133
3623	119
3624	116
3625	127
3626	104
3627	97
3628	110
3629	119
3630	116
3631	125
3632	115
3633	113
3634	116
3635	109
3636	125
3637	116
3638	102
3639	122
3640	111
3641	116
3642	115
3643	125
3644	100
3645	120
3646	128
3647	141
3648	107
3649	120
3650	118
3651	119
3652	121
3653	136
3654	122
3655	124
3656	111
3657	120
3658	110
3659	133
3660	104
3661	103
3662	121
3663	135
3664	128
3665	133
3666	143
3667	127
3668	144
3669	136
3670	128
3671	154
3672	126
3673	131
3674	117
3675	126
3676	96
3677	145
3678	110
3679	149
3680	150
3681	106
3682	134
3683	135
3684	136
3685	139
3686	137
3687	135
3688	132
3689	144
3690	162
3691	149
3692	146
3693	124
3694	147
3695	130
3696	124
3697	144
3698	121
3699	149
3700	135
3701	128
3702	144
3703	123
3704	134
3705	132
3706	134
3707	131
3708	156
3709	166
3710	130
3711	129
3712	154
3713	121
3714	146
3715	136
3716	153
3717	151
3718	144
3719	158
3720	142
3721	153
3722	156
3723	133
3724	160
3725	141
3726	146
3727	144
3728	153
3729	143
3730	154
3731	178
3732	135
3733	154
3734	158
3735	162
3736	153
3737	157
3738	146
3739	157
3740	144
3741	173
3742	159
3743	170
3744	168
3745	157
3746	159
3747	164
3748	166
3749	173
3750	147
3751	149
3752	168
3753	173
3754	186
3755	168
3756	166
3757	189
3758	172
3759	168
3760	195
3761	186
3762	189
3763	181
3764	172
3765	187
3766	183
3767	174
3768	182
3769	159
3770	157
3771	176
3772	186
3773	184
3774	195
3775	198
3776	161
3777	140
3778	199
3779	167
3780	175
3781	175
3782	190
3783	152
3784	199
3785	194
3786	167
3787	206
3788	201
3789	208
3790	174
3791	171
3792	192
3793	181
3794	215
3795	198
3796	204
3797	195
3798	194
3799	199
3800	212
3801	223
3802	213
3803	209
3804	205
3805	194
3806	174
3807	196
3808	202
3809	204
3810	181
3811	226
3812	209
3813	204
3814	205
3815	210
3816	206
3817	202
3818	212
3819	185
3820	211
3821	236
3822	206
3823	221
3824	211
3825	203
3826	240
3827	189
3828	220
3829	230
3830	215
3831	224
3832	208
3833	238
3834	235
3835	246
3836	215
3837	240
3838	220
3839	222
3840	216
3841	219
3842	251
3843	235
3844	242
3845	231
3846	243
3847	231
3848	238
3849	259
3850	220
3851	222
3852	239
3853	199
3854	260
3855	223
3856	242
3857	230
3858	233
3859	205
3860	251
3861	209
3862	253
3863	250
3864	222
3865	258
3866	249
3867	248
3868	221
3869	248
3870	213
3871	231
3872	265
3873	244
3874	230
3875	262
3876	252
3877	246
3878	259
3879	239
3880	265
3881	266
3882	262
3883	260
3884	259
3885	245
3886	249
3887	287
3888	268
3889	229
3890	256
3891	280
3892	271
3893	302
3894	236
3895	257
3896	286
3897	252
3898	244
3899	246
3900	269
3901	248
3902	255
3903	284
3904	273
3905	272
3906	276
3907	276
3908	256
3909	297
3910	272
3911	275
3912	289
3913	252
3914	256
3915	267
3916	267
3917	269
3918	314
3919	302
3920	278
3921	276
3922	273
3923	286
3924	285
3925	263
3926	275
3927	298
3928	259
3929	308
3930	274
3931	283
3932	278
3933	280
3934	253
3935	272
3936	262
3937	279
3938	274
3939	287
3940	299
3941	277
3942	274
3943	263
3944	298
3945	257
3946	292
3947	278
3948	287
3949	285
3950	264
3951	321
3952	263
3953	291
3954	295
3955	292
3956	309
3957	303
3958	310
3959	293
3960	274
3961	303
3962	301
3963	282
3964	292
3965	296
3966	270
3967	318
3968	300
3969	333
3970	330
3971	296
3972	327
3973	295
3974	295
3975	271
3976	328
3977	247
3978	317
3979	244
3980	303
3981	319
3982	284
3983	289
3984	303
3985	320
3986	303
3987	310
3988	319
3989	304
3990	306
3991	276
3992	294
3993	323
3994	282
3995	291
3996	316
3997	271
3998	305
3999	325
4000	315
4001	332
4002	315
4003	314
4004	312
4005	322
4006	292
4007	307
4008	301
4009	315
4010	357
4011	313
4012	293
4013	302
4014	325
4015	346
4016	314
4017	325
4018	309
4019	313
4020	299
4021	340
4022	324
4023	318
4024	321
4025	324
4026	314
4027	323
4028	293
4029	337
4030	329
4031	339
4032	308
4033	349
4034	327
4035	306
4036	340
4037	305
4038	303
4039	316
4040	373
4041	298
4042	346
4043	314
4044	354
4045	332
4046	328
4047	339
4048	334
4049	341
4050	306
4051	316
4052	356
4053	330
4054	318
4055	337
4056	323
4057	299
4058	338
4059	343
4060	338
4061	357
4062	337
4063	308
4064	344
4065	336
4066	321
4067	337
4068	350
4069	358
4070	335
4071	361
4072	360
4073	327
4074	361
4075	368
4076	363
4077	365
4078	330
4079	354
4080	338
4081	325
4082	316
4083	345
4084	357
4085	370
4086	387
4087	378
4088	350
4089	350
4090	383
4091	373
4092	370
4093	359
4094	356
4095	309
4096	329
4097	386
4098	352
4099	349
4100	313
4101	382
4102	361
4103	344
4104	358
4105	388
4106	360
4107	375
4108	365
4109	366
4110	364
4111	365
4112	355
4113	400
4114	372
4115	392
4116	388
4117	365
4118	404
4119	350
4120	353
4121	350
4122	385
4123	387
4124	357
4125	368
4126	364
4127	371
4128	422
4129	368
4130	403
4131	400
4132	387
4133	396
4134	409
4135	406
4136	400
4137	418
4138	430
4139	361
4140	383
4141	386
4142	426
4143	404
4144	403
4145	416
4146	432
4147	407
4148	399
4149	386
4150	408
4151	403
4152	441
4153	411
4154	448
4155	431
4156	417
4157	436
4158	386
4159	390
4160	408
4161	417
4162	409
4163	411
4164	378
4165	392
4166	406
4167	441
4168	413
4169	394
4170	448
4171	462
4172	398
4173	415
4174	426
4175	424
4176	432
4177	486
4178	423
4179	402
4180	426
4181	461
4182	456
4183	427
4184	437
4185	452
4186	469
4187	455
4188	442
4189	437
4190	411
4191	408
4192	448
4193	460
4194	425
4195	484
4196	474
4197	501
4198	463
4199	463
4200	438
4201	480
4202	435
4203	486
4204	459
4205	414
4206	491
4207	439
4208	466
4209	481
4210	464
4211	486
4212	494
4213	437
4214	497
4215	481
4216	442
4217	504
4218	460
4219	462
4220	480
4221	478
4222	472
4223	468
4224	472
4225	489
4226	473
4227	466
4228	468
4229	519
4230	516
4231	469
4232	482
4233	492
4234	483
4235	486
4236	515
4237	498
4238	519
4239	497
4240	506
4241	484
4242	481
4243	480
4244	523
4245	494
4246	527
4247	540
4248	483
4249	494
4250	534
4251	517
4252	521
4253	501
4254	516
4255	512
4256	501
4257	475
4258	535
4259	523
4260	497
4261	520
4262	488
4263	515
4264	528
4265	547
4266	557
4267	516
4268	486
4269	532
4270	483
4271	545
4272	534
4273	587
4274	521
4275	548
4276	485
4277	520
4278	537
4279	498
4280	492
4281	518
4282	510
4283	539
4284	550
4285	498
4286	527
4287	502
4288	530
4289	527
4290	536
4291	536
4292	548
4293	522
4294	477
4295	556
4296	547
4297	549
4298	540
4299	549
4300	510
4301	574
4302	564
4303	541
4304	523
4305	545
4306	547
4307	525
4308	531
4309	530
4310	509
4311	541
4312	517
4313	528
4314	530
4315	534
4316	505
4317	534
4318	525
4319	540
4320	544
4321	526
4322	553
4323	560
4324	561
4325	549
4326	505
4327	535
4328	541
4329	561
4330	535
4331	551
4332	539
4333	473
4334	489
4335	516
4336	502
4337	552
4338	536
4339	531
4340	564
4341	491
4342	545
4343	572
4344	515
4345	515
4346	543
4347	531
4348	532
4349	534
4350	537
4351	506
4352	524
4353	546
4354	531
4355	533
4356	540
4357	543
4358	570
4359	576
4360	499
4361	536
4362	516
4363	513
4364	517
4365	473
4366	484
4367	560
4368	502
4369	496
4370	535
4371	535
4372	534
4373	493
4374	531
4375	498
4376	508
4377	511
4378	509
4379	495
4380	560
4381	493
4382	523
4383	511
4384	512
4385	493
4386	522
4387	503
4388	516
4389	466
4390	475
4391	503
4392	575
4393	507
4394	533
4395	525
4396	511
4397	506
4398	507
4399	492
4400	501
4401	484
4402	505
4403	508
4404	497
4405	496
4406	471
4407	490
4408	493
4409	463
4410	485
4411	531
4412	488
4413	476
4414	519
4415	498
4416	499
4417	486
4418	483
4419	497
4420	475
4421	471
4422	482
4423	465
4424	439
4425	505
4426	536
4427	499
4428	483
4429	504
4430	483
4431	489
4432	498
4433	440
4434	504
4435	449
4436	478
4437	455
4438	447
4439	479
4440	468
4441	469
4442	449
4443	475
4444	458
4445	483
4446	464
4447	432
4448	432
4449	434
4450	448
4451	422
4452	484
4453	464
4454	497
4455	412
4456	469
4457	404
4458	435
4459	442
4460	425
4461	405
4462	425
4463	436
4464	418
4465	423
4466	429
4467	421
4468	427
4469	394
4470	403
4471	391
4472	413
4473	407
4474	443
4475	422
4476	414
4477	419
4478	404
4479	422
4480	437
4481	448
4482	421
4483	401
4484	432
4485	408
4486	412
4487	422
4488	404
4489	400
4490	413
4491	417
4492	392
4493	404
4494	384
4495	426
4496	424
4497	364
4498	420
4499	398
4500	391
4501	358
4502	360
4503	398
4504	389
4505	391
4506	363
4507	374
4508	400
4509	360
4510	341
4511	351
4512	320
4513	388
4514	367
4515	363
4516	369
4517	389
4518	377
4519	332
4520	386
4521	364
4522	374
4523	367
4524	379
4525	377
4526	372
4527	351
4528	306
4529	377
4530	359
4531	344
4532	357
4533	374
4534	356
4535	387
4536	343
4537	355
4538	359
4539	345
4540	338
4541	351
4542	331
4543	346
4544	316
4545	352
4546	356
4547	357
4548	330
4549	346
4550	332
4551	316
4552	329
4553	342
4554	318
4555	313
4556	317
4557	333
4558	318
4559	338
4560	350
4561	347
4562	320
4563	344
4564	309
4565	335
4566	311
4567	303
4568	351
4569	300
4570	343
4571	322
4572	316
4573	319
4574	317
4575	316
4576	350
4577	321
4578	324
4579	285
4580	306
4581	319
4582	304
4583	297
4584	297
4585	315
4586	329
4587	296
4588	299
4589	314
4590	327
4591	332
4592	296
4593	324
4594	302
4595	311
4596	309
4597	350
4598	331
4599	317
4600	294
4601	296
4602	354
4603	297
4604	311
4605	309
4606	302
4607	324
4608	312
4609	315
4610	317
4611	323
4612	309
4613	335
4614	278
4615	320
4616	275
4617	344
4618	306
4619	310
4620	335
4621	332
4622	332
4623	306
4624	334
4625	321
4626	322
4627	296
4628	326
4629	319
4630	310
4631	295
4632	317
4633	354
4634	334
4635	307
4636	328
4637	320
4638	302
4639	309
4640	320
4641	321
4642	321
4643	321
4644	318
4645	321
4646	364
4647	334
4648	357
4649	322
4650	360
4651	336
4652	339
4653	365
4654	315
4655	308
4656	332
4657	304
4658	329
4659	337
4660	316
4661	307
4662	334
4663	352
4664	365
4665	344
4666	354
4667	334
4668	314
4669	360
4670	334
4671	354
4672	381
4673	329
4674	351
4675	372
4676	325
4677	345
4678	325
4679	322
4680	335
4681	366
4682	341
4683	368
4684	360
4685	372
4686	367
4687	386
4688	373
4689	397
4690	384
4691	358
4692	373
4693	411
4694	423
4695	377
4696	382
4697	397
4698	373
4699	395
4700	420
4701	380
4702	385
4703	367
4704	384
4705	379
4706	406
4707	399
4708	393
4709	398
4710	411
4711	402
4712	402
4713	382
4714	413
4715	416
4716	405
4717	426
4718	389
4719	414
4720	452
4721	428
4722	440
4723	444
4724	435
4725	443
4726	479
4727	459
4728	452
4729	451
4730	481
4731	465
4732	465
4733	479
4734	472
4735	471
4736	482
4737	491
4738	504
4739	488
4740	444
4741	484
4742	529
4743	474
4744	447
4745	478
4746	504
4747	495
4748	510
4749	520
4750	513
4751	538
4752	493
4753	514
4754	494
4755	517
4756	505
4757	506
4758	514
4759	500
4760	519
4761	513
4762	539
4763	544
4764	538
4765	581
4766	551
4767	565
4768	555
4769	564
4770	537
4771	586
4772	560
4773	573
4774	582
4775	613
4776	569
4777	603
4778	590
4779	586
4780	581
4781	667
4782	555
4783	617
4784	602
4785	627
4786	586
4787	658
4788	596
4789	614
4790	653
4791	668
4792	652
4793	672
4794	599
4795	662
4796	705
4797	665
4798	638
4799	619
4800	600
4801	685
4802	723
4803	646
4804	662
4805	648
4806	676
4807	693
4808	650
4809	669
4810	713
4811	673
4812	713
4813	705
4814	700
4815	664
4816	670
4817	688
4818	729
4819	706
4820	688
4821	699
4822	753
4823	671
4824	747
4825	714
4826	734
4827	761
4828	734
4829	735
4830	753
4831	741
4832	784
4833	759
4834	789
4835	768
4836	789
4837	781
4838	762
4839	810
4840	806
4841	763
4842	778
4843	834
4844	807
4845	815
4846	789
4847	799
4848	798
4849	860
4850	864
4851	811
4852	786
4853	843
4854	860
4855	888
4856	901
4857	828
4858	871
4859	833
4860	849
4861	907
4862	872
4863	865
4864	885
4865	883
4866	872
4867	888
4868	909
4869	877
4870	869
4871	951
4872	943
4873	929
4874	903
4875	933
4876	945
4877	860
4878	946
4879	963
4880	907
4881	951
4882	941
4883	940
4884	981
4885	993
4886	971
4887	967
4888	940
4889	1026
4890	978
4891	1029
4892	982
4893	1000
4894	977
4895	1019
4896	1033
4897	989
4898	1030
4899	948
4900	993
4901	1008
4902	1031
4903	1060
4904	989
4905	1038
4906	1074
4907	1032
4908	1000
4909	1032
4910	1069
4911	1012
4912	1042
4913	1017
4914	1045
4915	1087
4916	1055
4917	1040
4918	1071
4919	1074
4920	1112
4921	1110
4922	1044
4923	1040
4924	1084
4925	1106
4926	1099
4927	1087
4928	1088
4929	1167
4930	1133
4931	1142
4932	1091
4933	1115
4934	1126
4935	1107
4936	1109
4937	1122
4938	1151
4939	1128
4940	1164
4941	1135
4942	1116
4943	1109
4944	1137
4945	1141
4946	1171
4947	1195
4948	1180
4949	1125
4950	1158
4951	1246
4952	1170
4953	1170
4954	1172
4955	1172
4956	1208
4957	1206
4958	1211
4959	1191
4960	1194
4961	1202
4962	1234
4963	1220
4964	1198
4965	1247
4966	1195
4967	1203
4968	1202
4969	1234
4970	1233
4971	1213
4972	1273
4973	1247
4974	1216
4975	1180
4976	1201
4977	1285
4978	1246
4979	1218
4980	1248
4981	1302
4982	1186
4983	1261
4984	1277
4985	1234
4986	1249
4987	1245
4988	1204
4989	1273
4990	1216
4991	1339
4992	1265
4993	1264
4994	1296
4995	1219
4996	1320
4997	1326
4998	1256
4999	1294
5000	1263
5001	1284
5002	1337
5003	1260
5004	1256
5005	1311
5006	1245
5007	1290
5008	1299
5009	1240
5010	1249
5011	1243
5012	1283
5013	1251
5014	1316
5015	1333
5016	1294
5017	1264
5018	1312
5019	1376
5020	1308
5021	1403
5022	1338
5023	1292
5024	1376
5025	1300
5026	1347
5027	1343
5028	1272
5029	1362
5030	1329
5031	1347
5032	1296
5033	1356
5034	1282
5035	1302
5036	1333
5037	1339
5038	1242
5039	1376
5040	1261
5041	1316
5042	1291
5043	1382
5044	1307
5045	1314
5046	1365
5047	1319
5048	1323
5049	1278
5050	1309
5051	1287
5052	1311
5053	1343
5054	1279
5055	1319
5056	1338
5057	1311
5058	1374
5059	1317
5060	1334
5061	1321
5062	1335
5063	1273
5064	1298
5065	1298
5066	1360
5067	1340
5068	1354
5069	1312
5070	1349
5071	1347
5072	1334
5073	1332
5074	1395
5075	1362
5076	1354
5077	1339
5078	1355
5079	1315
5080	1381
5081	1324
5082	1343
5083	1212
5084	1328
5085	1307
5086	1272
5087	1317
5088	1321
5089	1352
5090	1297
5091	1289
5092	1387
5093	1269
5094	1317
5095	1394
5096	1270
5097	1284
5098	1298
5099	1331
5100	1302
5101	1345
5102	1354
5103	1370
5104	1303
5105	1292
5106	1288
5107	1283
5108	1387
5109	1230
5110	1307
5111	1334
5112	1279
5113	1337
5114	1329
5115	1291
5116	1255
5117	1265
5118	1259
5119	1377
5120	1278
5121	1273
5122	1281
5123	1268
5124	1295
5125	1281
5126	1311
5127	1307
5128	1276
5129	1295
5130	1242
5131	1195
5132	1272
5133	1310
5134	1197
5135	1227
5136	1275
5137	1277
5138	1288
5139	1198
5140	1283
5141	1198
5142	1229
5143	1222
5144	1159
5145	1270
5146	1238
5147	1245
5148	1328
5149	1253
5150	1186
5151	1229
5152	1195
5153	1223
5154	1225
5155	1195
5156	1212
5157	1173
5158	1171
5159	1203
5160	1256
5161	1196
5162	1263
5163	1207
5164	1237
5165	1193
5166	1256
5167	1152
5168	1245
5169	1156
5170	1179
5171	1167
5172	1158
5173	1134
5174	1159
5175	1196
5176	1197
5177	1226
5178	1161
5179	1181
5180	1082
5181	1150
5182	1130
5183	1126
5184	1161
5185	1134
5186	1152
5187	1151
5188	1124
5189	1148
5190	1204
5191	1083
5192	1085
5193	1127
5194	1119
5195	1124
5196	1089
5197	1092
5198	1137
5199	1120
5200	1105
5201	1141
5202	1129
5203	1071
5204	1139
5205	1121
5206	1108
5207	1066
5208	1088
5209	1034
5210	1074
5211	1100
5212	1053
5213	1067
5214	1040
5215	1080
5216	1076
5217	1046
5218	1064
5219	1107
5220	1075
5221	1033
5222	1055
5223	1013
5224	1010
5225	1060
5226	977
5227	994
5228	1002
5229	975
5230	1013
5231	981
5232	974
5233	995
5234	1074
5235	995
5236	1030
5237	1018
5238	993
5239	1034
5240	1017
5241	935
5242	1120
5243	972
5244	986
5245	943
5246	979
5247	973
5248	949
5249	931
5250	976
5251	958
5252	946
5253	937
5254	932
5255	957
5256	957
5257	897
5258	958
5259	876
5260	985
5261	992
5262	940
5263	908
5264	886
5265	951
5266	901
5267	886
5268	922
5269	898
5270	901
5271	953
5272	882
5273	873
5274	838
5275	855
5276	889
5277	873
5278	850
5279	898
5280	899
5281	870
5282	896
5283	862
5284	905
5285	858
5286	919
5287	813
5288	792
5289	840
5290	875
5291	887
5292	840
5293	801
5294	836
5295	830
5296	893
5297	874
5298	861
5299	880
5300	824
5301	814
5302	859
5303	841
5304	818
5305	824
5306	835
5307	804
5308	828
5309	819
5310	806
5311	751
5312	852
5313	804
5314	781
5315	728
5316	777
5317	779
5318	793
5319	810
5320	785
5321	823
5322	819
5323	810
5324	774
5325	728
5326	800
5327	793
5328	806
5329	773
5330	766
5331	810
5332	739
5333	747
5334	727
5335	797
5336	793
5337	749
5338	800
5339	675
5340	776
5341	706
5342	699
5343	749
5344	748
5345	762
5346	716
5347	711
5348	732
5349	709
5350	723
5351	736
5352	713
5353	721
5354	721
5355	765
5356	720
5357	734
5358	686
5359	709
5360	665
5361	723
5362	719
5363	680
5364	672
5365	681
5366	686
5367	670
5368	723
5369	744
5370	688
5371	660
5372	689
5373	661
5374	687
5375	689
5376	702
5377	721
5378	718
5379	725
5380	623
5381	707
5382	639
5383	662
5384	641
5385	651
5386	668
5387	657
5388	643
5389	692
5390	688
5391	680
5392	649
5393	636
5394	656
5395	636
5396	679
5397	638
5398	635
5399	637
5400	684
5401	604
5402	681
5403	642
5404	638
5405	657
5406	760
5407	645
5408	646
5409	669
5410	631
5411	640
5412	637
5413	645
5414	605
5415	647
5416	659
5417	601
5418	644
5419	639
5420	602
5421	622
5422	647
5423	642
5424	602
5425	645
5426	589
5427	589
5428	607
5429	591
5430	643
5431	639
5432	661
5433	635
5434	635
5435	625
5436	627
5437	617
5438	604
5439	597
5440	570
5441	594
5442	520
5443	615
5444	641
5445	641
5446	626
5447	574
5448	570
5449	571
5450	579
5451	589
5452	643
5453	601
5454	607
5455	606
5456	634
5457	597
5458	617
5459	604
5460	563
5461	562
5462	590
5463	554
5464	562
5465	591
5466	572
5467	608
5468	542
5469	617
5470	605
5471	584
5472	588
5473	559
5474	626
5475	616
5476	600
5477	541
5478	594
5479	602
5480	561
5481	590
5482	572
5483	611
5484	613
5485	582
5486	602
5487	546
5488	572
5489	543
5490	542
5491	541
5492	533
5493	552
5494	535
5495	565
5496	582
5497	581
5498	540
5499	548
5500	578
5501	557
5502	563
5503	588
5504	554
5505	591
5506	613
5507	558
5508	556
5509	554
5510	573
5511	560
5512	517
5513	539
5514	581
5515	534
5516	532
5517	575
5518	565
5519	557
5520	544
5521	573
5522	533
5523	589
5524	536
5525	535
5526	529
5527	552
5528	545
5529	567
5530	511
5531	552
5532	499
5533	544
5534	514
5535	549
5536	522
5537	542
5538	530
5539	555
5540	544
5541	496
5542	517
5543	533
5544	536
5545	519
5546	574
5547	518
5548	524
5549	506
5550	506
5551	517
5552	533
5553	573
5554	511
5555	507
5556	522
5557	529
5558	544
5559	530
5560	539
5561	480
5562	509
5563	540
5564	482
5565	518
5566	509
5567	558
5568	498
5569	540
5570	508
5571	513
5572	503
5573	494
5574	514
5575	491
5576	563
5577	521
5578	555
5579	502
5580	510
5581	472
5582	504
5583	473
5584	500
5585	546
5586	509
5587	489
5588	502
5589	499
5590	526
5591	493
5592	508
5593	507
5594	496
5595	456
5596	487
5597	494
5598	492
5599	477
5600	513
5601	469
5602	503
5603	488
5604	504
5605	467
5606	456
5607	477
5608	471
5609	508
5610	489
5611	507
5612	459
5613	502
5614	477
5615	476
5616	510
5617	463
5618	466
5619	437
5620	456
5621	479
5622	458
5623	477
5624	441
5625	476
5626	473
5627	418
5628	458
5629	450
5630	457
5631	471
5632	465
5633	477
5634	443
5635	452
5636	437
5637	437
5638	458
5639	441
5640	460
5641	469
5642	437
5643	458
5644	455
5645	434
5646	452
5647	435
5648	439
5649	435
5650	414
5651	438
5652	424
5653	413
5654	437
5655	407
5656	448
5657	443
5658	433
5659	452
5660	433
5661	435
5662	445
5663	401
5664	433
5665	411
5666	402
5667	403
5668	462
5669	428
5670	440
5671	438
5672	415
5673	396
5674	375
5675	406
5676	437
5677	384
5678	436
5679	442
5680	391
5681	408
5682	373
5683	404
5684	376
5685	400
5686	371
5687	407
5688	421
5689	380
5690	359
5691	373
5692	401
5693	384
5694	365
5695	360
5696	387
5697	392
5698	380
5699	364
5700	352
5701	377
5702	400
5703	353
5704	369
5705	389
5706	365
5707	380
5708	357
5709	378
5710	360
5711	366
5712	370
5713	361
5714	371
5715	336
5716	347
5717	361
5718	361
5719	383
5720	370
5721	371
5722	370
5723	355
5724	340
5725	361
5726	369
5727	362
5728	352
5729	337
5730	339
5731	351
5732	353
5733	346
5734	356
5735	336
5736	331
5737	331
5738	329
5739	321
5740	339
5741	329
5742	305
5743	325
5744	314
5745	336
5746	318
5747	321
5748	322
5749	305
5750	318
5751	314
5752	333
5753	285
5754	300
5755	323
5756	302
5757	331
5758	361
5759	309
5760	301
5761	310
5762	315
5763	283
5764	292
5765	319
5766	309
5767	312
5768	294
5769	311
5770	303
5771	313
5772	285
5773	323
5774	296
5775	299
5776	282
5777	285
5778	278
5779	293
5780	295
5781	282
5782	279
5783	256
5784	260
5785	268
5786	262
5787	271
5788	307
5789	271
5790	281
5791	264
5792	272
5793	276
5794	258
5795	264
5796	294
5797	262
5798	305
5799	270
5800	252
5801	306
5802	264
5803	256
5804	261
5805	250
5806	263
5807	258
5808	240
5809	265
5810	237
5811	224
5812	232
5813	244
5814	219
5815	231
5816	256
5817	249
5818	270
5819	260
5820	219
5821	258
5822	244
5823	217
5824	254
5825	227
5826	234
5827	231
5828	227
5829	239
5830	232
5831	241
5832	235
5833	252
5834	219
5835	220
5836	233
5837	229
5838	228
5839	229
5840	225
5841	264
5842	236
5843	212
5844	206
5845	221
5846	223
5847	207
5848	227
5849	222
5850	229
5851	230
5852	217
5853	219
5854	196
5855	206
5856	225
5857	211
5858	204
5859	195
5860	193
5861	193
5862	220
5863	223
5864	209
5865	197
5866	198
5867	216
5868	190
5869	216
5870	202
5871	205
5872	225
5873	197
5874	227
5875	215
5876	191
5877	230
5878	212
5879	180
5880	226
5881	208
5882	199
5883	204
5884	197
5885	216
5886	183
5887	209
5888	179
5889	180
5890	203
5891	210
5892	189
5893	174
5894	196
5895	212
5896	191
5897	176
5898	194
5899	199
5900	201
5901	205
5902	194
5903	187
5904	197
5905	177
5906	202
5907	183
5908	171
5909	180
5910	174
5911	189
5912	160
5913	178
5914	172
5915	182
5916	174
5917	188
5918	179
5919	186
5920	170
5921	186
5922	176
5923	191
5924	174
5925	186
5926	164
5927	170
5928	189
5929	181
5930	176
5931	192
5932	172
5933	199
5934	196
5935	177
5936	184
5937	175
5938	191
5939	174
5940	171
5941	176
5942	168
5943	180
5944	185
5945	191
5946	165
5947	165
5948	174
5949	157
5950	172
5951	160
5952	182
5953	178
5954	201
5955	182
5956	172
5957	165
5958	179
5959	174
5960	169
5961	162
5962	149
5963	189
5964	179
5965	164
5966	180
5967	193
5968	175
5969	154
5970	155
5971	162
5972	178
5973	169
5974	163
5975	169
5976	170
5977	145
5978	177
5979	145
5980	185
5981	157
5982	142
5983	163
5984	149
5985	178
5986	143
5987	150
5988	158
5989	158
5990	170
5991	155
5992	160
5993	185
5994	158
5995	164
5996	155
5997	167
5998	159
5999	170
6000	175
6001	153
6002	153
6003	167
6004	148
6005	168
6006	141
6007	160
6008	188
6009	180
6010	148
6011	149
6012	150
6013	157
6014	166
6015	145
6016	156
6017	164
6018	174
6019	158
6020	162
6021	167
6022	160
6023	157
6024	138
6025	169
6026	169
6027	147
6028	136
6029	152
6030	157
6031	167
6032	147
6033	149
6034	157
6035	146
6036	157
6037	153
6038	157
6039	139
6040	153
6041	120
6042	162
6043	169
6044	155
6045	172
6046	144
6047	158
6048	166
6049	142
6050	159
6051	169
6052	174
6053	157
6054	161
6055	140
6056	166
6057	173
6058	159
6059	145
6060	148
6061	136
6062	140
6063	161
6064	155
6065	149
6066	180
6067	174
6068	153
6069	166
6070	154
6071	153
6072	162
6073	141
6074	135
6075	167
6076	156
6077	151
6078	132
6079	166
6080	146
6081	159
6082	169
6083	157
6084	147
6085	151
6086	149
6087	165
6088	144
6089	170
6090	134
6091	136
6092	161
6093	159
6094	149
6095	166
6096	143
6097	174
6098	175
6099	148
6100	150
6101	161
6102	152
6103	161
6104	166
6105	156
6106	164
6107	164
6108	170
6109	167
6110	158
6111	167
6112	161
6113	143
6114	131
6115	149
6116	145
6117	160
6118	141
6119	136
6120	160
6121	153
6122	171
6123	144
6124	150
6125	179
6126	156
6127	165
6128	157
6129	168
6130	161
6131	127
6132	170
6133	150
6134	154
6135	159
6136	169
6137	154
6138	167
6139	144
6140	141
6141	165
6142	157
6143	160
6144	166
6145	160
6146	139
6147	166
6148	161
6149	157
6150	163
6151	155
6152	127
6153	171
6154	150
6155	165
6156	151
6157	163
6158	162
6159	143
6160	184
6161	147
6162	166
6163	170
6164	152
6165	168
6166	136
6167	157
6168	160
6169	174
6170	162
6171	165
6172	145
6173	150
6174	164
6175	129
6176	154
6177	172
6178	156
6179	144
6180	168
6181	159
6182	168
6183	149
6184	169
6185	175
6186	160
6187	162
6188	185
6189	181
6190	144
6191	185
6192	165
6193	170
6194	159
6195	158
6196	179
6197	147
6198	163
6199	163
6200	146
6201	154
6202	155
6203	163
6204	161
6205	154
6206	164
6207	121
6208	174
6209	168
6210	152
6211	155
6212	150
6213	150
6214	178
6215	151
6216	173
6217	160
6218	155
6219	179
6220	188
6221	164
6222	173
6223	197
6224	169
6225	160
6226	161
6227	164
6228	179
6229	170
6230	130
6231	165
6232	147
6233	174
6234	169
6235	168
6236	161
6237	162
6238	168
6239	152
6240	152
6241	166
6242	170
6243	160
6244	156
6245	169
6246	171
6247	162
6248	126
6249	164
6250	149
6251	168
6252	169
6253	169
6254	193
6255	151
6256	158
6257	182
6258	158
6259	164
6260	166
6261	172
6262	172
6263	167
6264	143
6265	155
6266	148
6267	174
6268	141
6269	159
6270	167
6271	176
6272	164
6273	184
6274	179
6275	166
6276	155
6277	158
6278	167
6279	155
6280	175
6281	182
6282	177
6283	135
6284	166
6285	159
6286	158
6287	170
6288	162
6289	165
6290	195
6291	155
6292	172
6293	156
6294	150
6295	132
6296	181
6297	172
6298	146
6299	161
6300	171
6301	156
6302	162
6303	165
6304	170
6305	173
6306	148
6307	163
6308	168
6309	143
6310	146
6311	146
6312	157
6313	165
6314	177
6315	174
6316	173
6317	154
6318	148
6319	188
6320	156
6321	169
6322	143
6323	175
6324	171
6325	163
6326	159
6327	145
6328	169
6329	166
6330	154
6331	146
6332	158
6333	134
6334	152
6335	142
6336	153
6337	166
6338	161
6339	165
6340	151
6341	158
6342	158
6343	148
6344	151
6345	152
6346	170
6347	172
6348	153
6349	151
6350	158
6351	140
6352	151
6353	146
6354	162
6355	132
6356	152
6357	158
6358	154
6359	144
6360	168
6361	146
6362	166
6363	160
6364	122
6365	164
6366	145
6367	174
6368	153
6369	137
6370	132
6371	145
6372	142
6373	140
6374	143
6375	124
6376	182
6377	157
6378	129
6379	143
6380	165
6381	158
6382	142
6383	150
6384	155
6385	141
6386	153
6387	153
6388	157
6389	151
6390	149
6391	141
6392	160
6393	161
6394	151
6395	153
6396	145
6397	158
6398	144
6399	143
6400	127
6401	143
6402	134
6403	123
6404	146
6405	159
6406	143
6407	142
6408	137
6409	151
6410	146
6411	145
6412	135
6413	136
6414	125
6415	144
6416	138
6417	137
6418	144
6419	144
6420	138
6421	147
6422	129
6423	140
6424	124
6425	136
6426	140
6427	114
6428	125
6429	130
6430	101
6431	133
6432	127
6433	148
6434	164
6435	114
6436	127
6437	148
6438	140
6439	158
6440	157
6441	106
6442	117
6443	125
6444	140
6445	121
6446	138
6447	119
6448	126
6449	134
6450	157
6451	115
6452	140
6453	116
6454	128
6455	122
6456	138
6457	123
6458	108
6459	117
6460	116
6461	125
6462	131
6463	135
6464	124
6465	131
6466	109
6467	141
6468	135
6469	106
6470	99
6471	110
6472	145
6473	100
6474	117
6475	101
6476	131
6477	114
6478	147
6479	108
6480	118
6481	141
6482	99
6483	128
6484	113
6485	122
6486	109
6487	117
6488	108
6489	105
6490	102
6491	111
6492	132
6493	121
6494	120
6495	121
6496	115
6497	129
6498	100
6499	98
6500	106
6501	107
6502	120
6503	100
6504	103
6505	123
6506	106
6507	99
6508	107
6509	94
6510	119
6511	90
6512	92
6513	106
6514	113
6515	106
6516	108
6517	90
6518	111
6519	99
6520	107
6521	105
6522	104
6523	93
6524	109
6525	102
6526	107
6527	93
6528	125
6529	113
6530	115
6531	100
6532	104
6533	103
6534	91
6535	90
6536	105
6537	114
6538	119
6539	85
6540	87
6541	101
6542	75
6543	102
6544	96
6545	107
6546	114
6547	100
6548	88
6549	105
6550	102
6551	90
6552	88
6553	86
6554	94
6555	106
6556	104
6557	92
6558	88
6559	94
6560	84
6561	102
6562	103
6563	101
6564	95
6565	83
6566	114
6567	93
6568	92
6569	86
6570	81
6571	98
6572	76
6573	79
6574	79
6575	85
6576	79
6577	102
6578	83
6579	69
6580	78
6581	70
6582	74
6583	81
6584	80
6585	93
6586	74
6587	111
6588	87
6589	78
6590	84
6591	76
6592	68
6593	78
6594	83
6595	72
6596	82
6597	80
6598	71
6599	86
6600	83
6601	77
6602	68
6603	96
6604	81
6605	83
6606	90
6607	84
6608	69
6609	94
6610	80
6611	81
6612	66
6613	75
6614	64
6615	79
6616	79
6617	79
6618	72
6619	80
6620	89
6621	76
6622	67
6623	69
6624	81
6625	68
6626	74
6627	68
6628	72
6629	70
6630	81
6631	76
6632	76
6633	66
6634	72
6635	82
6636	73
6637	66
6638	69
6639	81
6640	78
6641	72
6642	64
6643	71
6644	92
6645	74
6646	64
6647	70
6648	71
6649	64
6650	77
6651	76
6652	68
6653	67
6654	68
6655	67
6656	73
6657	67
6658	69
6659	67
6660	71
6661	61
6662	54
6663	48
6664	66
6665	59
6666	53
6667	64
6668	57
6669	77
6670	59
6671	74
6672	65
6673	70
6674	57
6675	76
6676	75
6677	50
6678	59
6679	61
6680	68
6681	53
6682	70
6683	63
6684	63
6685	69
6686	62
6687	60
6688	68
6689	63
6690	61
6691	59
6692	69
6693	65
6694	59
6695	70
6696	59
6697	55
6698	60
6699	54
6700	61
6701	67
6702	69
6703	62
6704	62
6705	67
6706	65
6707	64
6708	42
6709	57
6710	55
6711	57
6712	61
6713	42
6714	64
6715	57
6716	52
6717	50
6718	59
6719	54
6720	51
6721	49
6722	62
6723	54
6724	56
6725	55
6726	44
6727	60
6728	56
6729	59
6730	57
6731	56
6732	65
6733	69
6734	55
6735	47
6736	44
6737	54
6738	61
6739	60
6740	43
6741	48
6742	52
6743	62
6744	56
6745	63
6746	49
6747	47
6748	48
6749	49
6750	53
6751	53
6752	60
6753	70
6754	49
6755	47
6756	53
6757	44
6758	38
6759	42
6760	47
6761	47
6762	56
6763	52
6764	54
6765	51
6766	53
6767	43
6768	43
6769	52
6770	54
6771	47
6772	47
6773	44
6774	52
6775	44
6776	45
6777	45
6778	54
6779	53
6780	42
6781	46
6782	49
6783	58
6784	49
6785	42
6786	40
6787	46
6788	47
6789	41
6790	41
6791	61
6792	38
6793	38
6794	41
6795	37
6796	30
6797	40
6798	55
6799	61
6800	39
6801	46
6802	46
6803	55
6804	33
6805	49
6806	49
6807	50
6808	35
6809	51
6810	48
6811	46
6812	41
6813	45
6814	45
6815	47
6816	43
6817	45
6818	34
6819	40
6820	42
6821	42
6822	48
6823	40
6824	53
6825	41
6826	52
6827	47
6828	27
6829	48
6830	33
6831	37
6832	33
6833	42
6834	34
6835	37
6836	43
6837	36
6838	53
6839	47
6840	42
6841	42
6842	43
6843	38
6844	36
6845	37
6846	39
6847	43
6848	38
6849	34
6850	40
6851	36
6852	37
6853	50
6854	38
6855	36
6856	44
6857	34
6858	37
6859	56
6860	48
6861	40
6862	40
6863	37
6864	34
6865	28
6866	31
6867	29
6868	44
6869	32
6870	23
6871	42
6872	34
6873	46
6874	44
6875	35
6876	38
6877	38
6878	44
6879	36
6880	35
6881	39
6882	29
6883	44
6884	41
6885	28
6886	46
6887	42
6888	46
6889	41
6890	41
6891	36
6892	40
6893	43
6894	34
6895	24
6896	28
6897	19
6898	25
6899	37
6900	36
6901	34
6902	28
6903	37
6904	35
6905	40
6906	43
6907	32
6908	32
6909	41
6910	32
6911	43
6912	31
6913	43
6914	37
6915	44
6916	45
6917	33
6918	38
6919	41
6920	38
6921	32
6922	32
6923	34
6924	28
6925	46
6926	43
6927	39
6928	35
6929	50
6930	32
6931	47
6932	36
6933	40
6934	31
6935	33
6936	36
6937	31
6938	34
6939	33
6940	40
6941	40
6942	36
6943	40
6944	40
6945	40
6946	16
6947	35
6948	26
6949	39
6950	36
6951	34
6952	24
6953	37
6954	47
6955	42
6956	23
6957	37
6958	34
6959	26
6960	24
6961	32
6962	29
6963	29
6964	45
6965	38
6966	39
6967	30
6968	29
6969	35
6970	37
6971	28
6972	30
6973	24
6974	34
6975	33
6976	33
6977	31
6978	42
6979	31
6980	30
6981	33
6982	32
6983	42
6984	43
6985	23
6986	29
6987	35
6988	35
6989	28
6990	33
6991	33
6992	32
6993	22
6994	31
6995	34
6996	34
6997	30
6998	35
6999	33
7000	37
7001	36
7002	29
7003	36
7004	35
7005	36
7006	35
7007	26
7008	31
7009	43
7010	25
7011	35
7012	36
7013	37
7014	24
7015	32
7016	26
7017	27
7018	19
7019	29
7020	39
7021	46
7022	36
7023	24
7024	28
7025	28
7026	19
7027	29
7028	20
7029	25
7030	27
7031	28
7032	28
7033	25
7034	25
7035	24
7036	35
7037	25
7038	35
7039	24
7040	29
7041	35
7042	39
7043	26
7044	25
7045	39
7046	22
7047	27
7048	25
7049	29
7050	26
7051	29
7052	24
7053	21
7054	31
7055	21
7056	27
7057	30
7058	27
7059	25
7060	33
7061	21
7062	22
7063	27
7064	19
7065	24
7066	32
7067	23
7068	25
7069	36
7070	31
7071	25
7072	27
7073	21
7074	37
7075	20
7076	20
7077	30
7078	33
7079	22
7080	27
7081	27
7082	23
7083	22
7084	32
7085	28
7086	29
7087	28
7088	29
7089	27
7090	33
7091	20
7092	18
7093	27
7094	22
7095	23
7096	17
7097	22
7098	30
7099	26
7100	18
7101	26
7102	22
7103	28
7104	25
7105	25
7106	21
7107	23
7108	24
7109	22
7110	23
7111	16
7112	22
7113	29
7114	29
7115	25
7116	26
7117	14
7118	18
7119	23
7120	22
7121	30
7122	25
7123	29
7124	33
7125	28
7126	27
7127	26
7128	16
7129	15
7130	25
7131	28
7132	25
7133	25
7134	19
7135	16
7136	19
7137	27
7138	22
7139	22
7140	23
7141	24
7142	26
7143	21
7144	28
7145	17
7146	33
7147	23
7148	16
7149	23
7150	23
7151	23
7152	15
7153	18
7154	21
7155	23
7156	28
7157	22
7158	27
7159	32
7160	25
7161	22
7162	22
7163	22
7164	25
7165	19
7166	18
7167	26
7168	26
7169	26
7170	20
7171	24
7172	15
7173	21
7174	14
7175	18
7176	20
7177	22
7178	19
7179	25
7180	23
7181	23
7182	16
7183	27
7184	17
7185	25
7186	18
7187	25
7188	21
7189	25
7190	18
7191	21
7192	19
7193	22
7194	24
7195	21
7196	23
7197	20
7198	20
7199	21
7200	21
7201	19
7202	13
7203	19
7204	20
7205	23
7206	16
7207	15
7208	21
7209	16
7210	27
7211	24
7212	25
7213	14
7214	17
7215	25
7216	17
7217	28
7218	22
7219	14
7220	26
7221	28
7222	19
7223	21
7224	22
7225	24
7226	28
7227	28
7228	27
7229	23
7230	19
7231	18
7232	19
7233	29
7234	13
7235	27
7236	20
7237	19
7238	18
7239	17
7240	17
7241	14
7242	21
7243	18
7244	17
7245	21
7246	8
7247	20
7248	18
7249	19
7250	19
7251	14
7252	25
7253	21
7254	21
7255	18
7256	17
7257	21
7258	21
7259	31
7260	21
7261	18
7262	17
7263	16
7264	18
7265	19
7266	13
7267	23
7268	15
7269	23
7270	17
7271	18
7272	22
7273	22
7274	15
7275	11
7276	23
7277	19
7278	20
7279	14
7280	8
7281	21
7282	15
7283	19
7284	22
7285	20
7286	23
7287	19
7288	17
7289	13
7290	15
7291	14
7292	16
7293	24
7294	27
7295	18
7296	17
7297	8
7298	17
7299	14
7300	23
7301	16
7302	23
7303	19
7304	21
7305	26
7306	24
7307	19
7308	18
7309	13
7310	21
7311	14
7312	18
7313	16
7314	29
7315	20
7316	16
7317	20
7318	24
7319	19
7320	20
7321	15
7322	19
7323	17
7324	20
7325	23
7326	20
7327	15
7328	14
7329	19
7330	16
7331	13
7332	17
7333	18
7334	18
7335	13
7336	21
7337	17
7338	18
7339	17
7340	16
7341	21
7342	13
7343	22
7344	27
7345	16
7346	15
7347	31
7348	9
7349	16
7350	13
7351	9
7352	12
7353	15
7354	19
7355	14
7356	18
7357	15
7358	18
7359	18
7360	21
7361	16
7362	9
7363	18
7364	20
7365	19
7366	17
7367	12
7368	16
7369	14
7370	15
7371	23
7372	23
7373	17
7374	13
7375	20
7376	21
7377	16
7378	18
7379	11
7380	23
7381	20
7382	17
7383	17
7384	17
7385	14
7386	18
7387	13
7388	18
7389	22
7390	17
7391	20
7392	19
7393	17
7394	16
7395	11
7396	12
7397	22
7398	22
7399	13
7400	18
7401	25
7402	13
7403	18
7404	27
7405	10
7406	16
7407	17
7408	17
7409	7
7410	19
7411	21
7412	17
7413	15
7414	21
7415	23
7416	12
7417	18
7418	12
7419	8
7420	17
7421	13
7422	16
7423	11
7424	13
7425	19
7426	12
7427	10
7428	17
7429	15
7430	14
7431	16
7432	15
7433	14
7434	19
7435	14
7436	19
7437	21
7438	18
7439	14
7440	15
7441	11
7442	12
7443	15
7444	18
7445	15
7446	12
7447	16
7448	13
7449	14
7450	10
7451	22
7452	15
7453	14
7454	21
7455	13
7456	20
7457	13
7458	13
7459	16
7460	16
7461	22
7462	21
7463	19
7464	25
7465	16
7466	23
7467	20
7468	11
7469	5
7470	21
7471	12
7472	10
7473	25
7474	16
7475	15
7476	11
7477	18
7478	11
7479	11
7480	13
7481	16
7482	13
7483	12
7484	17
7485	10
7486	9
7487	21
7488	13
7489	9
7490	20
7491	17
7492	11
7493	15
7494	12
7495	16
7496	14
7497	11
7498	26
7499	17
7500	17
7501	12
7502	19
7503	13
7504	21
7505	13
7506	17
7507	13
7508	19
7509	11
7510	13
7511	13
7512	17
7513	16
7514	13
7515	15
7516	6
7517	14
7518	24
7519	11
7520	15
7521	19
7522	17
7523	18
7524	16
7525	9
7526	17
7527	11
7528	17
7529	13
7530	13
7531	20
7532	14
7533	16
7534	14
7535	12
7536	18
7537	10
7538	21
7539	10
7540	12
7541	8
7542	12
7543	16
7544	11
7545	13
7546	18
7547	14
7548	12
7549	9
7550	14
7551	13
7552	14
7553	16
7554	17
7555	15
7556	16
7557	8
7558	15
7559	15
7560	16
7561	10
7562	18
7563	11
7564	20
7565	21
7566	15
7567	15
7568	15
7569	14
7570	11
7571	18
7572	18
7573	10
7574	14
7575	24
7576	15
7577	10
7578	15
7579	18
7580	17
7581	13
7582	14
7583	14
7584	13
7585	10
7586	7
7587	6
7588	12
7589	13
7590	11
7591	11
7592	11
7593	15
7594	18
7595	13
7596	14
7597	13
7598	9
7599	19
7600	17
7601	17
7602	8
7603	11
7604	12
7605	19
7606	12
7607	14
7608	7
7609	6
7610	13
7611	14
7612	14
7613	13
7614	12
7615	11
7616	17
7617	8
7618	9
7619	12
7620	18
7621	13
7622	14
7623	19
7624	12
7625	12
7626	15
7627	20
7628	16
7629	15
7630	10
7631	14
7632	12
7633	14
7634	15
7635	14
7636	20
7637	19
7638	15
7639	13
7640	9
7641	9
7642	14
7643	10
7644	14
7645	12
7646	18
7647	13
7648	15
7649	22
7650	15
7651	18
7652	13
7653	14
7654	9
7655	20
7656	10
7657	6
7658	13
7659	16
7660	21
7661	13
7662	10
7663	10
7664	12
7665	13
7666	10
7667	12
7668	14
7669	12
7670	16
7671	16
7672	17
7673	11
7674	8
7675	12
7676	10
7677	19
7678	10
7679	11
7680	15
7681	18
7682	12
7683	14
7684	10
7685	16
7686	13
7687	9
7688	15
7689	11
7690	13
7691	12
7692	12
7693	11
7694	14
7695	12
7696	6
7697	11
7698	11
7699	13
7700	21
7701	11
7702	12
7703	6
7704	13
7705	7
7706	11
7707	16
7708	8
7709	16
7710	12
7711	15
7712	23
7713	15
7714	13
7715	16
7716	15
7717	14
7718	13
7719	12
7720	10
7721	10
7722	12
7723	15
7724	10
7725	14
7726	21
7727	11
7728	17
7729	12
7730	12
7731	20
7732	13
7733	13
7734	13
7735	16
7736	14
7737	4
7738	20
7739	9
7740	14
7741	14
7742	7
7743	18
7744	9
7745	12
7746	10
7747	16
7748	6
7749	9
7750	17
7751	9
7752	17
7753	13
7754	10
7755	17
7756	13
7757	13
7758	19
7759	12
7760	15
7761	14
7762	23
7763	15
7764	12
7765	12
7766	11
7767	10
7768	11
7769	12
7770	15
7771	19
7772	13
7773	14
7774	15
7775	19
7776	12
7777	13
7778	7
7779	11
7780	13
7781	16
7782	10
7783	13
7784	14
7785	9
7786	8
7787	6
7788	11
7789	10
7790	6
7791	11
7792	9
7793	6
7794	13
7795	8
7796	9
7797	16
7798	6
7799	15
7800	5
7801	13
7802	14
7803	11
7804	16
7805	13
7806	15
7807	16
7808	11
7809	11
7810	13
7811	14
7812	14
7813	13
7814	5
7815	7
7816	10
7817	7
7818	10
7819	11
7820	14
7821	13
7822	16
7823	17
7824	15
7825	12
7826	10
7827	18
7828	11
7829	19
7830	12
7831	19
7832	12
7833	10
7834	11
7835	11
7836	10
7837	10
7838	15
7839	13
7840	13
7841	6
7842	20
7843	9
7844	9
7845	14
7846	9
7847	16
7848	4
7849	6
7850	10
7851	12
7852	15
7853	16
7854	16
7855	18
7856	19
7857	9
7858	9
7859	10
7860	12
7861	6
7862	15
7863	11
7864	5
7865	10
7866	20
7867	5
7868	13
7869	15
7870	19
7871	10
7872	14
7873	14
7874	14
7875	10
7876	9
7877	12
7878	13
7879	13
7880	10
7881	11
7882	15
7883	13
7884	6
7885	13
7886	12
7887	8
7888	18
7889	6
7890	11
7891	6
7892	13
7893	11
7894	13
7895	20
7896	7
7897	9
7898	14
7899	17
7900	9
7901	9
7902	13
7903	12
7904	15
7905	15
7906	13
7907	16
7908	13
7909	13
7910	9
7911	9
7912	7
7913	10
7914	11
7915	14
7916	15
7917	5
7918	13
7919	10
7920	6
7921	14
7922	17
7923	14
7924	10
7925	14
7926	7
7927	11
7928	12
7929	16
7930	9
7931	9
7932	6
7933	12
7934	12
7935	14
7936	14
7937	12
7938	14
7939	16
7940	10
7941	12
7942	5
7943	6
7944	10
7945	15
7946	11
7947	5
7948	10
7949	10
7950	11
7951	9
7952	15
7953	8
7954	16
7955	13
7956	7
7957	5
7958	14
7959	11
7960	15
7961	12
7962	7
7963	12
7964	6
7965	12
7966	13
7967	10
7968	13
7969	15
7970	17
7971	10
7972	9
7973	9
7974	10
7975	8
7976	14
7977	10
7978	13
7979	14
7980	10
7981	14
7982	12
7983	9
7984	12
7985	7
7986	14
7987	11
7988	16
7989	7
7990	15
7991	10
7992	10
7993	8
7994	16
7995	19
7996	16
7997	8
7998	13
7999	8
8000	8
8001	17
8002	6
8003	13
8004	13
8005	12
8006	13
8007	5
8008	10
8009	13
8010	12
8011	14
8012	16
8013	9
8014	9
8015	10
8016	12
8017	16
8018	9
8019	13
8020	9
8021	10
8022	9
8023	11
8024	12
8025	10
8026	15
8027	11
8028	8
8029	10
8030	14
8031	10
8032	11
8033	12
8034	5
8035	11
8036	11
8037	5
8038	9
8039	18
8040	6
8041	11
8042	12
8043	12
8044	5
8045	11
8046	10
8047	3
8048	10
8049	15
8050	10
8051	12
8052	14
8053	9
8054	3
8055	11
8056	10
8057	24
8058	18
8059	8
8060	11
8061	10
8062	13
8063	11
8064	10
8065	11
8066	11
8067	8
8068	7
8069	9
8070	11
8071	9
8072	8
8073	7
8074	16
8075	14
8076	9
8077	9
8078	13
8079	18
8080	7
8081	12
8082	12
8083	10
8084	13
8085	7
8086	5
8087	9
8088	15
8089	8
8090	15
8091	7
8092	6
8093	11
8094	8
8095	13
8096	10
8097	8
8098	7
8099	5
8100	17
8101	6
8102	11
8103	8
8104	7
8105	9
8106	3
8107	6
8108	4
8109	6
8110	4
8111	7
8112	6
8113	7
8114	5
8115	4
8116	7
8117	5
8118	5
8119	5
8120	5
8121	4
8122	1
8123	11
8124	5
8125	5
8126	6
8127	4
8128	1
8129	1
8130	4
8131	4
8132	5
8133	2
8134	1
8135	1
8136	2
8137	2
8138	1
8139	1
8140	2
8141	1
8142	0
8143	0
8144	0
8145	0
8146	1
8147	0
8148	2
8149	0
8150	1
8151	0
8152	0
8153	0
8154	1
8155	0
8156	0
8157	0
8158	0
8159	0
8160	0
8161	0
8162	0
8163	0
8164	0
8165	0
8166	0
8167	0
8168	0
8169	0
8170	0
8171	0
8172	0
8173	0
8174	0
8175	0
8176	0
8177	0
8178	0
8179	0
8180	0
8181	1
8182	0
8183	0
8184	0
8185	0
8186	0
8187	0
8188	0
8189	0
8190	0
8191	0
