0	0
1	0
2	0
3	0
4	0
5	0
6	0
7	0
8	0
9	0
10	0
11	0
12	0
13	0
14	0
15	0
16	0
17	0
18	0
19	0
20	0
21	0
22	0
23	0
24	0
25	1
26	0
27	0
28	0
29	0
30	0
31	0
32	0
33	0
34	0
35	0
36	0
37	0
38	0
39	0
40	0
41	0
42	0
43	0
44	0
45	3
46	1
47	0
48	1
49	5
50	4
51	6
52	5
53	6
54	6
55	10
56	6
57	7
58	12
59	6
60	9
61	5
62	6
63	6
64	10
65	7
66	7
67	10
68	11
69	7
70	2
71	11
72	1
73	3
74	5
75	11
76	1
77	5
78	4
79	3
80	6
81	3
82	1
83	1
84	2
85	10
86	4
87	4
88	4
89	6
90	4
91	5
92	6
93	2
94	2
95	5
96	2
97	4
98	6
99	0
100	0
101	5
102	3
103	1
104	4
105	2
106	1
107	3
108	1
109	7
110	5
111	5
112	4
113	3
114	5
115	2
116	4
117	5
118	4
119	4
120	1
121	1
122	5
123	4
124	0
125	0
126	2
127	2
128	0
129	3
130	2
131	1
132	3
133	4
134	4
135	4
136	2
137	1
138	1
139	4
140	2
141	2
142	3
143	4
144	2
145	3
146	1
147	4
148	2
149	3
150	2
151	3
152	2
153	2
154	1
155	1
156	0
157	6
158	1
159	2
160	0
161	1
162	4
163	1
164	2
165	1
166	1
167	3
168	0
169	3
170	3
171	7
172	1
173	2
174	3
175	2
176	2
177	1
178	1
179	0
180	0
181	1
182	1
183	3
184	3
185	0
186	0
187	2
188	2
189	1
190	4
191	1
192	3
193	1
194	1
195	4
196	2
197	4
198	2
199	2
200	1
201	5
202	0
203	1
204	2
205	1
206	1
207	2
208	3
209	2
210	3
211	0
212	1
213	2
214	5
215	7
216	2
217	2
218	2
219	7
220	1
221	3
222	2
223	0
224	3
225	3
226	1
227	3
228	1
229	2
230	4
231	5
232	0
233	2
234	4
235	3
236	2
237	4
238	1
239	4
240	4
241	3
242	2
243	2
244	3
245	1
246	4
247	3
248	4
249	4
250	3
251	4
252	1
253	1
254	3
255	3
256	2
257	1
258	6
259	4
260	3
261	3
262	5
263	5
264	5
265	2
266	3
267	5
268	4
269	6
270	7
271	2
272	2
273	0
274	5
275	6
276	6
277	6
278	5
279	8
280	5
281	5
282	6
283	5
284	9
285	8
286	3
287	6
288	4
289	2
290	8
291	8
292	5
293	6
294	6
295	7
296	7
297	6
298	10
299	6
300	6
301	9
302	7
303	11
304	5
305	4
306	12
307	8
308	6
309	11
310	13
311	13
312	6
313	10
314	12
315	10
316	10
317	19
318	11
319	9
320	16
321	12
322	19
323	12
324	11
325	22
326	15
327	11
328	16
329	18
330	15
331	14
332	23
333	11
334	17
335	18
336	18
337	12
338	17
339	21
340	24
341	22
342	20
343	12
344	28
345	16
346	27
347	20
348	22
349	28
350	26
351	27
352	22
353	31
354	32
355	21
356	39
357	45
358	38
359	37
360	26
361	28
362	33
363	28
364	38
365	47
366	32
367	34
368	41
369	39
370	50
371	42
372	47
373	52
374	54
375	45
376	51
377	47
378	58
379	61
380	58
381	52
382	55
383	50
384	64
385	65
386	53
387	76
388	59
389	77
390	66
391	63
392	67
393	69
394	61
395	82
396	74
397	71
398	78
399	55
400	77
401	99
402	88
403	88
404	94
405	88
406	89
407	90
408	93
409	77
410	94
411	101
412	103
413	110
414	120
415	110
416	110
417	110
418	100
419	122
420	121
421	107
422	114
423	123
424	140
425	121
426	137
427	118
428	124
429	134
430	144
431	154
432	138
433	139
434	156
435	149
436	167
437	153
438	135
439	165
440	157
441	142
442	160
443	157
444	165
445	142
446	183
447	175
448	174
449	175
450	173
451	165
452	183
453	156
454	195
455	202
456	186
457	191
458	194
459	205
460	186
461	220
462	212
463	199
464	223
465	189
466	205
467	240
468	221
469	207
470	187
471	199
472	215
473	238
474	228
475	217
476	218
477	225
478	257
479	231
480	265
481	223
482	235
483	247
484	243
485	266
486	235
487	256
488	266
489	259
490	245
491	253
492	240
493	246
494	250
495	253
496	259
497	302
498	276
499	245
500	249
501	287
502	254
503	251
504	264
505	278
506	267
507	236
508	277
509	256
510	275
511	294
512	270
513	308
514	270
515	279
516	300
517	279
518	280
519	303
520	282
521	305
522	276
523	285
524	279
525	265
526	299
527	265
528	310
529	329
530	319
531	311
532	291
533	336
534	310
535	338
536	297
537	272
538	294
539	313
540	304
541	317
542	324
543	339
544	285
545	300
546	292
547	291
548	296
549	292
550	315
551	287
552	286
553	345
554	289
555	326
556	292
557	289
558	318
559	311
560	299
561	312
562	299
563	300
564	293
565	302
566	313
567	289
568	307
569	336
570	313
571	324
572	311
573	299
574	308
575	304
576	291
577	278
578	299
579	304
580	348
581	346
582	352
583	303
584	303
585	308
586	342
587	342
588	325
589	308
590	310
591	301
592	318
593	320
594	324
595	301
596	341
597	321
598	325
599	324
600	311
601	314
602	347
603	332
604	301
605	302
606	309
607	319
608	307
609	318
610	343
611	295
612	342
613	304
614	312
615	329
616	348
617	331
618	337
619	342
620	307
621	339
622	345
623	313
624	306
625	317
626	305
627	311
628	322
629	331
630	318
631	309
632	315
633	305
634	307
635	310
636	329
637	309
638	297
639	323
640	299
641	306
642	338
643	318
644	316
645	359
646	307
647	309
648	343
649	313
650	320
651	315
652	328
653	336
654	311
655	315
656	315
657	322
658	309
659	334
660	314
661	321
662	329
663	325
664	323
665	332
666	315
667	310
668	329
669	330
670	308
671	361
672	313
673	329
674	327
675	305
676	336
677	329
678	328
679	311
680	341
681	340
682	301
683	296
684	302
685	329
686	316
687	333
688	320
689	336
690	302
691	337
692	320
693	298
694	318
695	316
696	325
697	313
698	293
699	324
700	333
701	305
702	345
703	315
704	296
705	327
706	313
707	303
708	298
709	298
710	303
711	348
712	291
713	310
714	352
715	319
716	321
717	324
718	333
719	352
720	306
721	322
722	324
723	324
724	319
725	302
726	338
727	325
728	317
729	346
730	328
731	335
732	314
733	330
734	327
735	296
736	352
737	294
738	346
739	326
740	315
741	326
742	342
743	305
744	322
745	298
746	303
747	326
748	311
749	344
750	312
751	346
752	358
753	306
754	309
755	351
756	369
757	321
758	300
759	349
760	338
761	301
762	320
763	320
764	324
765	330
766	320
767	338
768	318
769	333
770	307
771	302
772	339
773	332
774	343
775	322
776	363
777	352
778	297
779	338
780	315
781	288
782	326
783	299
784	336
785	338
786	290
787	307
788	306
789	344
790	320
791	347
792	329
793	320
794	295
795	367
796	296
797	306
798	337
799	320
800	313
801	354
802	308
803	313
804	338
805	330
806	336
807	302
808	306
809	303
810	325
811	304
812	323
813	344
814	343
815	311
816	342
817	322
818	327
819	335
820	361
821	309
822	329
823	326
824	348
825	327
826	352
827	321
828	335
829	338
830	352
831	317
832	319
833	347
834	340
835	321
836	326
837	346
838	329
839	320
840	335
841	334
842	363
843	333
844	340
845	316
846	292
847	330
848	346
849	319
850	330
851	350
852	362
853	321
854	313
855	304
856	365
857	334
858	323
859	330
860	340
861	346
862	325
863	337
864	350
865	293
866	313
867	298
868	329
869	302
870	314
871	338
872	305
873	317
874	340
875	335
876	301
877	334
878	312
879	310
880	313
881	345
882	331
883	348
884	318
885	320
886	355
887	320
888	339
889	322
890	321
891	345
892	353
893	304
894	334
895	316
896	352
897	308
898	334
899	336
900	349
901	338
902	339
903	318
904	317
905	329
906	338
907	309
908	316
909	333
910	342
911	348
912	349
913	318
914	337
915	310
916	308
917	327
918	304
919	319
920	321
921	330
922	322
923	326
924	322
925	323
926	335
927	311
928	308
929	335
930	325
931	314
932	352
933	323
934	322
935	338
936	360
937	337
938	321
939	328
940	334
941	355
942	321
943	291
944	303
945	338
946	340
947	354
948	327
949	338
950	320
951	318
952	325
953	328
954	308
955	337
956	318
957	299
958	311
959	325
960	331
961	351
962	330
963	307
964	318
965	364
966	330
967	298
968	350
969	316
970	360
971	315
972	333
973	340
974	331
975	342
976	320
977	336
978	332
979	341
980	313
981	344
982	322
983	349
984	315
985	336
986	314
987	302
988	326
989	339
990	349
991	335
992	310
993	292
994	342
995	341
996	327
997	325
998	347
999	365
1000	305
1001	373
1002	327
1003	339
1004	313
1005	360
1006	287
1007	353
1008	329
1009	331
1010	334
1011	338
1012	346
1013	364
1014	342
1015	316
1016	335
1017	302
1018	340
1019	341
1020	308
1021	337
1022	334
1023	332
1024	346
1025	336
1026	332
1027	322
1028	345
1029	352
1030	359
1031	350
1032	337
1033	340
1034	353
1035	316
1036	341
1037	319
1038	331
1039	350
1040	339
1041	355
1042	359
1043	352
1044	306
1045	343
1046	358
1047	304
1048	346
1049	338
1050	336
1051	301
1052	315
1053	328
1054	310
1055	338
1056	350
1057	325
1058	347
1059	357
1060	362
1061	335
1062	330
1063	334
1064	347
1065	345
1066	352
1067	330
1068	335
1069	350
1070	372
1071	345
1072	331
1073	346
1074	334
1075	344
1076	364
1077	319
1078	313
1079	272
1080	326
1081	338
1082	321
1083	305
1084	322
1085	341
1086	328
1087	338
1088	293
1089	310
1090	347
1091	367
1092	326
1093	335
1094	345
1095	357
1096	339
1097	367
1098	327
1099	330
1100	351
1101	360
1102	319
1103	334
1104	339
1105	334
1106	383
1107	351
1108	310
1109	350
1110	312
1111	330
1112	331
1113	388
1114	364
1115	373
1116	347
1117	338
1118	336
1119	326
1120	364
1121	341
1122	345
1123	371
1124	357
1125	325
1126	346
1127	327
1128	320
1129	324
1130	337
1131	340
1132	366
1133	334
1134	326
1135	341
1136	331
1137	366
1138	387
1139	349
1140	324
1141	325
1142	371
1143	352
1144	322
1145	331
1146	332
1147	369
1148	330
1149	336
1150	353
1151	359
1152	318
1153	312
1154	359
1155	326
1156	386
1157	363
1158	351
1159	373
1160	359
1161	359
1162	352
1163	318
1164	316
1165	365
1166	336
1167	328
1168	331
1169	353
1170	346
1171	371
1172	340
1173	367
1174	361
1175	324
1176	378
1177	325
1178	359
1179	325
1180	355
1181	386
1182	351
1183	365
1184	345
1185	351
1186	304
1187	321
1188	345
1189	358
1190	320
1191	357
1192	343
1193	329
1194	357
1195	341
1196	346
1197	351
1198	307
1199	336
1200	332
1201	344
1202	355
1203	355
1204	327
1205	322
1206	324
1207	364
1208	330
1209	399
1210	334
1211	329
1212	357
1213	363
1214	315
1215	331
1216	329
1217	380
1218	372
1219	351
1220	326
1221	313
1222	345
1223	319
1224	363
1225	357
1226	324
1227	343
1228	396
1229	347
1230	367
1231	345
1232	340
1233	326
1234	352
1235	349
1236	334
1237	330
1238	324
1239	338
1240	338
1241	343
1242	375
1243	337
1244	341
1245	355
1246	372
1247	351
1248	342
1249	337
1250	351
1251	345
1252	358
1253	313
1254	337
1255	308
1256	365
1257	363
1258	303
1259	356
1260	326
1261	357
1262	346
1263	349
1264	336
1265	348
1266	321
1267	330
1268	348
1269	336
1270	333
1271	319
1272	346
1273	315
1274	331
1275	324
1276	333
1277	371
1278	348
1279	362
1280	319
1281	328
1282	363
1283	350
1284	317
1285	348
1286	338
1287	389
1288	321
1289	386
1290	339
1291	338
1292	331
1293	367
1294	347
1295	313
1296	369
1297	348
1298	330
1299	333
1300	357
1301	292
1302	363
1303	349
1304	343
1305	377
1306	337
1307	337
1308	350
1309	335
1310	306
1311	294
1312	353
1313	333
1314	353
1315	330
1316	333
1317	319
1318	326
1319	335
1320	317
1321	337
1322	324
1323	328
1324	342
1325	363
1326	311
1327	340
1328	317
1329	326
1330	351
1331	367
1332	338
1333	329
1334	326
1335	352
1336	339
1337	345
1338	329
1339	368
1340	339
1341	337
1342	340
1343	341
1344	340
1345	329
1346	370
1347	343
1348	352
1349	309
1350	347
1351	351
1352	349
1353	341
1354	346
1355	343
1356	348
1357	338
1358	313
1359	340
1360	388
1361	334
1362	334
1363	354
1364	355
1365	333
1366	365
1367	364
1368	333
1369	375
1370	355
1371	348
1372	365
1373	346
1374	358
1375	328
1376	320
1377	355
1378	354
1379	323
1380	335
1381	337
1382	329
1383	357
1384	318
1385	346
1386	341
1387	334
1388	323
1389	338
1390	320
1391	341
1392	362
1393	334
1394	336
1395	324
1396	322
1397	329
1398	380
1399	302
1400	345
1401	351
1402	350
1403	351
1404	351
1405	359
1406	307
1407	325
1408	314
1409	319
1410	337
1411	347
1412	348
1413	326
1414	288
1415	327
1416	328
1417	357
1418	371
1419	333
1420	312
1421	315
1422	317
1423	344
1424	351
1425	334
1426	338
1427	354
1428	350
1429	340
1430	304
1431	326
1432	338
1433	350
1434	323
1435	366
1436	336
1437	327
1438	369
1439	335
1440	336
1441	334
1442	330
1443	348
1444	365
1445	334
1446	358
1447	342
1448	349
1449	348
1450	304
1451	319
1452	371
1453	366
1454	378
1455	333
1456	329
1457	371
1458	344
1459	349
1460	332
1461	350
1462	332
1463	325
1464	344
1465	318
1466	328
1467	348
1468	358
1469	344
1470	297
1471	338
1472	345
1473	370
1474	321
1475	364
1476	347
1477	319
1478	364
1479	316
1480	353
1481	342
1482	341
1483	323
1484	356
1485	306
1486	328
1487	340
1488	360
1489	366
1490	312
1491	307
1492	343
1493	353
1494	406
1495	353
1496	370
1497	366
1498	345
1499	381
1500	359
1501	348
1502	363
1503	371
1504	311
1505	347
1506	353
1507	357
1508	362
1509	382
1510	339
1511	339
1512	376
1513	341
1514	351
1515	335
1516	333
1517	356
1518	326
1519	362
1520	320
1521	357
1522	340
1523	299
1524	329
1525	348
1526	376
1527	365
1528	332
1529	333
1530	363
1531	336
1532	345
1533	340
1534	326
1535	309
1536	334
1537	324
1538	337
1539	359
1540	344
1541	381
1542	360
1543	369
1544	340
1545	374
1546	360
1547	404
1548	401
1549	360
1550	350
1551	334
1552	337
1553	342
1554	345
1555	360
1556	349
1557	325
1558	341
1559	321
1560	360
1561	359
1562	350
1563	373
1564	353
1565	384
1566	345
1567	317
1568	341
1569	379
1570	312
1571	385
1572	341
1573	341
1574	371
1575	369
1576	364
1577	357
1578	347
1579	346
1580	309
1581	354
1582	330
1583	337
1584	310
1585	387
1586	328
1587	353
1588	377
1589	357
1590	315
1591	366
1592	355
1593	337
1594	345
1595	383
1596	355
1597	351
1598	353
1599	343
1600	334
1601	367
1602	370
1603	347
1604	360
1605	348
1606	318
1607	349
1608	365
1609	346
1610	348
1611	337
1612	377
1613	354
1614	330
1615	347
1616	374
1617	375
1618	366
1619	343
1620	352
1621	356
1622	366
1623	355
1624	347
1625	376
1626	377
1627	350
1628	348
1629	335
1630	353
1631	340
1632	375
1633	378
1634	384
1635	372
1636	331
1637	318
1638	349
1639	376
1640	352
1641	372
1642	367
1643	358
1644	370
1645	341
1646	369
1647	323
1648	399
1649	342
1650	363
1651	376
1652	361
1653	362
1654	361
1655	356
1656	341
1657	354
1658	356
1659	372
1660	367
1661	341
1662	356
1663	350
1664	366
1665	378
1666	379
1667	391
1668	397
1669	395
1670	349
1671	355
1672	318
1673	364
1674	375
1675	385
1676	362
1677	368
1678	367
1679	348
1680	347
1681	362
1682	337
1683	353
1684	377
1685	338
1686	362
1687	359
1688	338
1689	351
1690	352
1691	325
1692	368
1693	389
1694	348
1695	380
1696	358
1697	361
1698	348
1699	368
1700	361
1701	363
1702	346
1703	371
1704	378
1705	358
1706	362
1707	357
1708	398
1709	351
1710	393
1711	352
1712	365
1713	356
1714	364
1715	348
1716	328
1717	338
1718	373
1719	372
1720	389
1721	350
1722	347
1723	382
1724	369
1725	367
1726	364
1727	375
1728	373
1729	379
1730	373
1731	376
1732	363
1733	351
1734	374
1735	358
1736	375
1737	371
1738	328
1739	369
1740	366
1741	380
1742	331
1743	324
1744	386
1745	344
1746	376
1747	338
1748	382
1749	355
1750	340
1751	356
1752	377
1753	378
1754	353
1755	373
1756	373
1757	358
1758	345
1759	370
1760	381
1761	372
1762	373
1763	361
1764	386
1765	346
1766	366
1767	387
1768	378
1769	407
1770	383
1771	360
1772	369
1773	369
1774	354
1775	379
1776	376
1777	350
1778	352
1779	350
1780	335
1781	384
1782	352
1783	369
1784	366
1785	341
1786	384
1787	395
1788	354
1789	367
1790	381
1791	345
1792	419
1793	382
1794	364
1795	395
1796	350
1797	372
1798	350
1799	382
1800	398
1801	380
1802	359
1803	389
1804	395
1805	362
1806	369
1807	374
1808	359
1809	378
1810	364
1811	356
1812	358
1813	369
1814	355
1815	367
1816	375
1817	401
1818	369
1819	347
1820	359
1821	379
1822	342
1823	365
1824	389
1825	353
1826	366
1827	394
1828	381
1829	376
1830	373
1831	380
1832	391
1833	415
1834	356
1835	358
1836	388
1837	357
1838	380
1839	369
1840	340
1841	355
1842	354
1843	352
1844	385
1845	374
1846	366
1847	355
1848	399
1849	355
1850	347
1851	372
1852	359
1853	394
1854	339
1855	365
1856	360
1857	402
1858	367
1859	383
1860	356
1861	355
1862	391
1863	355
1864	381
1865	376
1866	355
1867	363
1868	395
1869	371
1870	364
1871	393
1872	349
1873	354
1874	365
1875	373
1876	341
1877	376
1878	373
1879	384
1880	384
1881	359
1882	393
1883	349
1884	397
1885	371
1886	407
1887	387
1888	376
1889	366
1890	396
1891	335
1892	387
1893	350
1894	349
1895	400
1896	341
1897	392
1898	365
1899	343
1900	400
1901	351
1902	357
1903	354
1904	394
1905	349
1906	362
1907	352
1908	391
1909	360
1910	388
1911	358
1912	382
1913	366
1914	371
1915	362
1916	356
1917	374
1918	394
1919	352
1920	366
1921	387
1922	418
1923	367
1924	381
1925	363
1926	363
1927	370
1928	346
1929	373
1930	372
1931	360
1932	378
1933	376
1934	377
1935	346
1936	382
1937	406
1938	376
1939	388
1940	375
1941	409
1942	379
1943	393
1944	396
1945	407
1946	392
1947	354
1948	397
1949	368
1950	343
1951	397
1952	386
1953	374
1954	336
1955	355
1956	371
1957	334
1958	390
1959	358
1960	393
1961	385
1962	406
1963	393
1964	377
1965	385
1966	346
1967	377
1968	350
1969	398
1970	361
1971	355
1972	390
1973	381
1974	372
1975	379
1976	352
1977	433
1978	393
1979	367
1980	359
1981	392
1982	376
1983	349
1984	377
1985	394
1986	368
1987	356
1988	387
1989	389
1990	391
1991	368
1992	387
1993	320
1994	379
1995	387
1996	366
1997	371
1998	357
1999	363
2000	371
2001	425
2002	344
2003	362
2004	376
2005	389
2006	368
2007	345
2008	403
2009	396
2010	368
2011	377
2012	361
2013	345
2014	381
2015	369
2016	364
2017	385
2018	389
2019	380
2020	352
2021	367
2022	361
2023	352
2024	386
2025	350
2026	420
2027	361
2028	387
2029	367
2030	375
2031	373
2032	381
2033	368
2034	353
2035	384
2036	408
2037	372
2038	368
2039	382
2040	374
2041	396
2042	393
2043	392
2044	377
2045	378
2046	374
2047	358
2048	385
2049	365
2050	376
2051	355
2052	377
2053	418
2054	351
2055	402
2056	401
2057	339
2058	360
2059	363
2060	365
2061	371
2062	367
2063	408
2064	364
2065	392
2066	360
2067	383
2068	384
2069	386
2070	375
2071	332
2072	396
2073	398
2074	371
2075	390
2076	377
2077	368
2078	376
2079	393
2080	372
2081	400
2082	335
2083	379
2084	392
2085	387
2086	390
2087	389
2088	411
2089	369
2090	388
2091	376
2092	397
2093	408
2094	364
2095	352
2096	385
2097	403
2098	422
2099	368
2100	397
2101	380
2102	420
2103	368
2104	402
2105	389
2106	386
2107	394
2108	398
2109	367
2110	364
2111	378
2112	363
2113	409
2114	356
2115	397
2116	378
2117	380
2118	379
2119	369
2120	380
2121	411
2122	379
2123	397
2124	392
2125	356
2126	375
2127	378
2128	377
2129	405
2130	377
2131	366
2132	430
2133	370
2134	400
2135	392
2136	377
2137	386
2138	412
2139	358
2140	395
2141	413
2142	396
2143	380
2144	397
2145	376
2146	372
2147	385
2148	378
2149	407
2150	404
2151	382
2152	383
2153	370
2154	372
2155	382
2156	404
2157	408
2158	391
2159	365
2160	393
2161	419
2162	360
2163	354
2164	384
2165	364
2166	382
2167	390
2168	371
2169	363
2170	406
2171	372
2172	389
2173	393
2174	378
2175	387
2176	384
2177	371
2178	383
2179	362
2180	376
2181	386
2182	397
2183	356
2184	376
2185	378
2186	388
2187	375
2188	403
2189	362
2190	412
2191	365
2192	423
2193	413
2194	415
2195	359
2196	384
2197	420
2198	388
2199	391
2200	394
2201	409
2202	400
2203	362
2204	350
2205	381
2206	375
2207	396
2208	370
2209	425
2210	393
2211	379
2212	405
2213	373
2214	351
2215	398
2216	364
2217	384
2218	420
2219	372
2220	382
2221	381
2222	353
2223	388
2224	368
2225	399
2226	387
2227	424
2228	374
2229	384
2230	353
2231	368
2232	354
2233	387
2234	341
2235	413
2236	394
2237	397
2238	420
2239	382
2240	396
2241	372
2242	382
2243	386
2244	348
2245	417
2246	366
2247	422
2248	381
2249	378
2250	395
2251	420
2252	390
2253	382
2254	406
2255	384
2256	365
2257	387
2258	389
2259	403
2260	368
2261	383
2262	370
2263	368
2264	422
2265	377
2266	377
2267	357
2268	382
2269	420
2270	392
2271	426
2272	417
2273	419
2274	395
2275	382
2276	373
2277	425
2278	357
2279	403
2280	429
2281	424
2282	395
2283	424
2284	406
2285	392
2286	394
2287	395
2288	400
2289	393
2290	414
2291	401
2292	400
2293	438
2294	400
2295	355
2296	377
2297	395
2298	412
2299	399
2300	388
2301	415
2302	420
2303	414
2304	428
2305	398
2306	430
2307	387
2308	419
2309	356
2310	406
2311	383
2312	376
2313	412
2314	403
2315	375
2316	444
2317	412
2318	400
2319	410
2320	399
2321	442
2322	402
2323	411
2324	436
2325	444
2326	428
2327	425
2328	423
2329	397
2330	373
2331	399
2332	440
2333	416
2334	426
2335	411
2336	437
2337	422
2338	422
2339	415
2340	389
2341	378
2342	437
2343	441
2344	406
2345	412
2346	392
2347	434
2348	429
2349	440
2350	420
2351	454
2352	418
2353	433
2354	427
2355	424
2356	431
2357	434
2358	398
2359	426
2360	462
2361	447
2362	422
2363	432
2364	416
2365	438
2366	394
2367	407
2368	426
2369	447
2370	437
2371	454
2372	417
2373	431
2374	435
2375	438
2376	456
2377	445
2378	417
2379	420
2380	454
2381	483
2382	494
2383	444
2384	422
2385	472
2386	415
2387	418
2388	432
2389	489
2390	432
2391	460
2392	456
2393	446
2394	458
2395	411
2396	420
2397	480
2398	442
2399	439
2400	455
2401	474
2402	463
2403	435
2404	474
2405	462
2406	449
2407	469
2408	459
2409	469
2410	478
2411	458
2412	469
2413	500
2414	490
2415	424
2416	455
2417	475
2418	453
2419	476
2420	440
2421	479
2422	451
2423	472
2424	432
2425	441
2426	501
2427	465
2428	484
2429	483
2430	504
2431	485
2432	506
2433	452
2434	452
2435	444
2436	445
2437	450
2438	480
2439	485
2440	481
2441	433
2442	478
2443	475
2444	508
2445	486
2446	465
2447	503
2448	490
2449	538
2450	505
2451	501
2452	496
2453	482
2454	487
2455	479
2456	469
2457	473
2458	489
2459	516
2460	510
2461	517
2462	439
2463	496
2464	498
2465	535
2466	494
2467	487
2468	495
2469	500
2470	502
2471	476
2472	493
2473	543
2474	503
2475	461
2476	502
2477	488
2478	533
2479	538
2480	520
2481	515
2482	497
2483	547
2484	489
2485	528
2486	467
2487	501
2488	530
2489	512
2490	463
2491	521
2492	502
2493	479
2494	504
2495	544
2496	536
2497	509
2498	513
2499	514
2500	541
2501	544
2502	534
2503	566
2504	527
2505	526
2506	503
2507	551
2508	516
2509	533
2510	541
2511	548
2512	502
2513	488
2514	559
2515	541
2516	571
2517	543
2518	493
2519	532
2520	527
2521	541
2522	565
2523	528
2524	545
2525	538
2526	542
2527	553
2528	530
2529	552
2530	545
2531	534
2532	536
2533	550
2534	537
2535	554
2536	535
2537	536
2538	515
2539	549
2540	532
2541	552
2542	540
2543	521
2544	499
2545	558
2546	559
2547	547
2548	544
2549	550
2550	527
2551	571
2552	550
2553	543
2554	546
2555	538
2556	557
2557	556
2558	541
2559	555
2560	527
2561	509
2562	589
2563	537
2564	530
2565	542
2566	562
2567	597
2568	577
2569	548
2570	509
2571	547
2572	584
2573	557
2574	597
2575	547
2576	575
2577	589
2578	520
2579	547
2580	574
2581	592
2582	569
2583	565
2584	567
2585	544
2586	583
2587	552
2588	566
2589	568
2590	604
2591	531
2592	592
2593	572
2594	551
2595	607
2596	551
2597	540
2598	579
2599	591
2600	531
2601	605
2602	529
2603	574
2604	615
2605	570
2606	567
2607	570
2608	574
2609	558
2610	561
2611	579
2612	541
2613	573
2614	542
2615	530
2616	557
2617	564
2618	599
2619	621
2620	601
2621	549
2622	556
2623	574
2624	567
2625	554
2626	585
2627	576
2628	556
2629	577
2630	613
2631	564
2632	572
2633	558
2634	548
2635	558
2636	596
2637	587
2638	586
2639	534
2640	566
2641	564
2642	584
2643	593
2644	575
2645	567
2646	608
2647	591
2648	565
2649	570
2650	540
2651	647
2652	537
2653	590
2654	563
2655	564
2656	582
2657	531
2658	604
2659	549
2660	548
2661	594
2662	573
2663	557
2664	562
2665	547
2666	571
2667	569
2668	558
2669	611
2670	619
2671	574
2672	568
2673	555
2674	537
2675	544
2676	576
2677	586
2678	585
2679	574
2680	538
2681	585
2682	562
2683	541
2684	604
2685	568
2686	571
2687	525
2688	613
2689	599
2690	554
2691	580
2692	594
2693	536
2694	572
2695	559
2696	534
2697	532
2698	525
2699	544
2700	531
2701	567
2702	569
2703	557
2704	541
2705	596
2706	559
2707	562
2708	563
2709	555
2710	515
2711	582
2712	543
2713	573
2714	517
2715	547
2716	551
2717	592
2718	538
2719	555
2720	507
2721	539
2722	546
2723	561
2724	538
2725	530
2726	546
2727	572
2728	528
2729	553
2730	555
2731	547
2732	542
2733	549
2734	524
2735	533
2736	527
2737	573
2738	505
2739	527
2740	495
2741	529
2742	525
2743	554
2744	525
2745	568
2746	570
2747	528
2748	519
2749	548
2750	527
2751	570
2752	502
2753	515
2754	577
2755	558
2756	524
2757	541
2758	564
2759	499
2760	553
2761	562
2762	571
2763	506
2764	533
2765	505
2766	514
2767	521
2768	533
2769	568
2770	528
2771	526
2772	484
2773	555
2774	486
2775	540
2776	512
2777	544
2778	521
2779	550
2780	524
2781	551
2782	535
2783	504
2784	533
2785	545
2786	540
2787	517
2788	542
2789	510
2790	503
2791	556
2792	516
2793	549
2794	486
2795	517
2796	470
2797	509
2798	535
2799	573
2800	541
2801	542
2802	502
2803	480
2804	525
2805	512
2806	558
2807	549
2808	544
2809	512
2810	574
2811	525
2812	507
2813	562
2814	491
2815	504
2816	544
2817	470
2818	509
2819	495
2820	544
2821	483
2822	496
2823	558
2824	514
2825	495
2826	541
2827	489
2828	542
2829	517
2830	517
2831	542
2832	501
2833	522
2834	518
2835	505
2836	510
2837	517
2838	506
2839	512
2840	471
2841	467
2842	530
2843	502
2844	518
2845	505
2846	507
2847	484
2848	496
2849	546
2850	511
2851	498
2852	541
2853	485
2854	461
2855	488
2856	482
2857	500
2858	490
2859	524
2860	489
2861	490
2862	536
2863	491
2864	517
2865	483
2866	520
2867	504
2868	483
2869	527
2870	522
2871	455
2872	461
2873	456
2874	526
2875	478
2876	483
2877	506
2878	462
2879	513
2880	460
2881	490
2882	469
2883	528
2884	512
2885	500
2886	448
2887	480
2888	510
2889	450
2890	519
2891	503
2892	482
2893	491
2894	514
2895	514
2896	504
2897	496
2898	487
2899	457
2900	500
2901	482
2902	512
2903	520
2904	517
2905	516
2906	461
2907	493
2908	482
2909	478
2910	497
2911	521
2912	494
2913	478
2914	497
2915	493
2916	491
2917	486
2918	509
2919	501
2920	507
2921	480
2922	460
2923	496
2924	502
2925	432
2926	480
2927	464
2928	482
2929	480
2930	476
2931	509
2932	462
2933	496
2934	509
2935	481
2936	494
2937	439
2938	518
2939	508
2940	467
2941	461
2942	452
2943	480
2944	467
2945	485
2946	445
2947	465
2948	471
2949	446
2950	517
2951	503
2952	477
2953	489
2954	479
2955	512
2956	497
2957	462
2958	441
2959	448
2960	474
2961	474
2962	439
2963	469
2964	464
2965	469
2966	476
2967	513
2968	448
2969	443
2970	474
2971	461
2972	452
2973	463
2974	505
2975	444
2976	458
2977	421
2978	457
2979	494
2980	465
2981	460
2982	472
2983	466
2984	512
2985	486
2986	464
2987	459
2988	463
2989	468
2990	501
2991	477
2992	477
2993	499
2994	464
2995	457
2996	451
2997	454
2998	484
2999	476
3000	453
3001	436
3002	429
3003	494
3004	477
3005	443
3006	467
3007	439
3008	485
3009	440
3010	507
3011	457
3012	487
3013	473
3014	451
3015	514
3016	442
3017	474
3018	491
3019	500
3020	477
3021	461
3022	446
3023	458
3024	501
3025	456
3026	457
3027	461
3028	475
3029	448
3030	470
3031	483
3032	422
3033	456
3034	495
3035	464
3036	477
3037	466
3038	485
3039	484
3040	434
3041	437
3042	466
3043	454
3044	469
3045	443
3046	488
3047	494
3048	441
3049	481
3050	456
3051	441
3052	489
3053	506
3054	441
3055	455
3056	455
3057	505
3058	482
3059	468
3060	446
3061	475
3062	463
3063	481
3064	467
3065	491
3066	455
3067	475
3068	500
3069	471
3070	451
3071	482
3072	460
3073	436
3074	447
3075	479
3076	488
3077	468
3078	440
3079	457
3080	435
3081	463
3082	472
3083	480
3084	450
3085	451
3086	485
3087	448
3088	463
3089	411
3090	461
3091	491
3092	429
3093	467
3094	469
3095	444
3096	468
3097	454
3098	457
3099	399
3100	488
3101	466
3102	470
3103	484
3104	450
3105	481
3106	449
3107	433
3108	436
3109	462
3110	451
3111	459
3112	457
3113	460
3114	468
3115	467
3116	474
3117	433
3118	448
3119	453
3120	437
3121	437
3122	468
3123	453
3124	470
3125	453
3126	494
3127	475
3128	463
3129	476
3130	458
3131	489
3132	441
3133	457
3134	424
3135	464
3136	436
3137	476
3138	480
3139	462
3140	473
3141	493
3142	492
3143	450
3144	449
3145	465
3146	413
3147	464
3148	449
3149	446
3150	469
3151	431
3152	424
3153	450
3154	448
3155	439
3156	434
3157	486
3158	500
3159	465
3160	438
3161	439
3162	463
3163	457
3164	445
3165	456
3166	445
3167	443
3168	478
3169	464
3170	438
3171	435
3172	477
3173	446
3174	437
3175	424
3176	466
3177	452
3178	454
3179	432
3180	464
3181	461
3182	455
3183	447
3184	478
3185	422
3186	445
3187	444
3188	448
3189	413
3190	457
3191	421
3192	422
3193	450
3194	464
3195	444
3196	489
3197	413
3198	437
3199	398
3200	447
3201	437
3202	464
3203	419
3204	461
3205	452
3206	473
3207	432
3208	453
3209	424
3210	468
3211	450
3212	425
3213	446
3214	481
3215	480
3216	405
3217	396
3218	446
3219	444
3220	435
3221	416
3222	417
3223	459
3224	447
3225	414
3226	431
3227	471
3228	456
3229	421
3230	423
3231	461
3232	440
3233	433
3234	463
3235	435
3236	431
3237	442
3238	436
3239	451
3240	465
3241	395
3242	427
3243	426
3244	394
3245	440
3246	439
3247	421
3248	391
3249	385
3250	438
3251	482
3252	465
3253	436
3254	469
3255	434
3256	402
3257	421
3258	466
3259	421
3260	475
3261	489
3262	448
3263	454
3264	446
3265	429
3266	412
3267	435
3268	387
3269	472
3270	407
3271	423
3272	430
3273	452
3274	401
3275	432
3276	423
3277	419
3278	453
3279	448
3280	434
3281	419
3282	425
3283	423
3284	430
3285	446
3286	478
3287	416
3288	437
3289	388
3290	424
3291	469
3292	457
3293	410
3294	430
3295	427
3296	411
3297	453
3298	422
3299	442
3300	390
3301	394
3302	416
3303	454
3304	401
3305	484
3306	438
3307	436
3308	422
3309	447
3310	438
3311	427
3312	411
3313	422
3314	402
3315	405
3316	440
3317	417
3318	423
3319	402
3320	444
3321	377
3322	428
3323	423
3324	434
3325	437
3326	405
3327	412
3328	418
3329	442
3330	424
3331	441
3332	416
3333	436
3334	405
3335	384
3336	377
3337	427
3338	422
3339	409
3340	408
3341	403
3342	429
3343	424
3344	408
3345	435
3346	423
3347	423
3348	441
3349	422
3350	418
3351	419
3352	427
3353	410
3354	431
3355	436
3356	426
3357	391
3358	432
3359	413
3360	400
3361	399
3362	432
3363	431
3364	406
3365	426
3366	402
3367	411
3368	386
3369	414
3370	425
3371	406
3372	436
3373	418
3374	411
3375	437
3376	384
3377	414
3378	426
3379	416
3380	413
3381	436
3382	399
3383	397
3384	416
3385	438
3386	412
3387	377
3388	390
3389	446
3390	387
3391	402
3392	402
3393	422
3394	405
3395	445
3396	408
3397	397
3398	442
3399	383
3400	445
3401	367
3402	409
3403	417
3404	419
3405	350
3406	418
3407	401
3408	407
3409	355
3410	380
3411	400
3412	365
3413	408
3414	378
3415	407
3416	402
3417	371
3418	397
3419	395
3420	419
3421	423
3422	350
3423	379
3424	410
3425	420
3426	380
3427	441
3428	392
3429	409
3430	405
3431	372
3432	383
3433	387
3434	405
3435	415
3436	411
3437	397
3438	436
3439	424
3440	394
3441	358
3442	410
3443	404
3444	388
3445	408
3446	388
3447	391
3448	418
3449	411
3450	410
3451	415
3452	379
3453	428
3454	414
3455	415
3456	341
3457	375
3458	410
3459	368
3460	413
3461	406
3462	376
3463	382
3464	389
3465	364
3466	460
3467	389
3468	357
3469	376
3470	380
3471	412
3472	386
3473	399
3474	410
3475	413
3476	392
3477	357
3478	339
3479	373
3480	395
3481	387
3482	362
3483	395
3484	422
3485	398
3486	362
3487	380
3488	387
3489	374
3490	401
3491	426
3492	392
3493	426
3494	438
3495	385
3496	367
3497	365
3498	390
3499	417
3500	391
3501	394
3502	372
3503	384
3504	372
3505	383
3506	377
3507	404
3508	400
3509	399
3510	400
3511	371
3512	393
3513	387
3514	341
3515	400
3516	427
3517	406
3518	343
3519	359
3520	394
3521	390
3522	407
3523	388
3524	358
3525	405
3526	401
3527	415
3528	369
3529	429
3530	382
3531	388
3532	391
3533	375
3534	373
3535	399
3536	373
3537	362
3538	423
3539	400
3540	372
3541	358
3542	399
3543	387
3544	375
3545	394
3546	349
3547	359
3548	385
3549	404
3550	384
3551	370
3552	378
3553	386
3554	398
3555	372
3556	391
3557	371
3558	385
3559	348
3560	358
3561	396
3562	366
3563	373
3564	349
3565	402
3566	362
3567	362
3568	388
3569	367
3570	401
3571	384
3572	362
3573	330
3574	401
3575	409
3576	367
3577	341
3578	373
3579	378
3580	356
3581	373
3582	388
3583	391
3584	365
3585	381
3586	381
3587	378
3588	374
3589	368
3590	366
3591	358
3592	392
3593	357
3594	323
3595	362
3596	357
3597	359
3598	387
3599	391
3600	368
3601	366
3602	386
3603	393
3604	388
3605	330
3606	372
3607	357
3608	352
3609	366
3610	362
3611	393
3612	347
3613	368
3614	377
3615	366
3616	358
3617	380
3618	385
3619	366
3620	370
3621	337
3622	389
3623	380
3624	349
3625	363
3626	344
3627	376
3628	353
3629	385
3630	387
3631	360
3632	368
3633	358
3634	368
3635	364
3636	386
3637	395
3638	377
3639	386
3640	344
3641	386
3642	356
3643	354
3644	367
3645	368
3646	353
3647	336
3648	323
3649	370
3650	367
3651	387
3652	371
3653	367
3654	341
3655	343
3656	356
3657	363
3658	371
3659	392
3660	362
3661	367
3662	349
3663	367
3664	369
3665	392
3666	345
3667	338
3668	386
3669	401
3670	360
3671	376
3672	346
3673	366
3674	357
3675	399
3676	351
3677	373
3678	371
3679	352
3680	350
3681	371
3682	341
3683	380
3684	374
3685	331
3686	354
3687	357
3688	339
3689	331
3690	340
3691	393
3692	343
3693	384
3694	365
3695	359
3696	361
3697	368
3698	375
3699	359
3700	348
3701	333
3702	358
3703	353
3704	323
3705	400
3706	361
3707	355
3708	385
3709	336
3710	366
3711	356
3712	364
3713	361
3714	339
3715	375
3716	348
3717	342
3718	322
3719	382
3720	338
3721	376
3722	338
3723	360
3724	382
3725	335
3726	340
3727	339
3728	351
3729	339
3730	355
3731	359
3732	319
3733	323
3734	361
3735	350
3736	374
3737	348
3738	366
3739	356
3740	366
3741	324
3742	340
3743	355
3744	340
3745	375
3746	316
3747	349
3748	352
3749	347
3750	328
3751	379
3752	335
3753	336
3754	318
3755	366
3756	340
3757	334
3758	322
3759	334
3760	383
3761	344
3762	368
3763	384
3764	335
3765	343
3766	354
3767	337
3768	338
3769	345
3770	341
3771	333
3772	332
3773	368
3774	351
3775	344
3776	327
3777	351
3778	347
3779	355
3780	351
3781	332
3782	375
3783	306
3784	386
3785	368
3786	336
3787	344
3788	356
3789	321
3790	326
3791	333
3792	333
3793	365
3794	351
3795	388
3796	333
3797	339
3798	357
3799	332
3800	337
3801	380
3802	325
3803	343
3804	355
3805	351
3806	353
3807	354
3808	364
3809	348
3810	337
3811	367
3812	368
3813	342
3814	339
3815	334
3816	352
3817	342
3818	314
3819	297
3820	322
3821	315
3822	319
3823	345
3824	356
3825	332
3826	330
3827	324
3828	363
3829	342
3830	345
3831	350
3832	346
3833	360
3834	346
3835	343
3836	323
3837	357
3838	329
3839	336
3840	362
3841	338
3842	332
3843	345
3844	355
3845	344
3846	346
3847	338
3848	298
3849	352
3850	327
3851	352
3852	346
3853	331
3854	363
3855	323
3856	369
3857	336
3858	313
3859	331
3860	359
3861	345
3862	355
3863	332
3864	332
3865	329
3866	360
3867	319
3868	342
3869	359
3870	360
3871	309
3872	325
3873	347
3874	314
3875	322
3876	335
3877	338
3878	332
3879	334
3880	367
3881	370
3882	346
3883	344
3884	316
3885	353
3886	311
3887	357
3888	310
3889	343
3890	302
3891	367
3892	358
3893	311
3894	345
3895	355
3896	346
3897	362
3898	348
3899	329
3900	387
3901	314
3902	321
3903	316
3904	331
3905	316
3906	353
3907	344
3908	345
3909	307
3910	338
3911	334
3912	336
3913	325
3914	367
3915	331
3916	326
3917	328
3918	359
3919	321
3920	331
3921	333
3922	350
3923	352
3924	340
3925	313
3926	312
3927	332
3928	340
3929	359
3930	298
3931	340
3932	301
3933	286
3934	336
3935	341
3936	329
3937	355
3938	365
3939	331
3940	333
3941	322
3942	365
3943	351
3944	350
3945	317
3946	350
3947	322
3948	314
3949	337
3950	337
3951	340
3952	350
3953	313
3954	335
3955	351
3956	306
3957	332
3958	314
3959	324
3960	325
3961	317
3962	342
3963	370
3964	342
3965	363
3966	335
3967	338
3968	320
3969	359
3970	316
3971	330
3972	355
3973	328
3974	340
3975	334
3976	358
3977	296
3978	359
3979	305
3980	330
3981	323
3982	353
3983	361
3984	307
3985	363
3986	325
3987	319
3988	288
3989	336
3990	317
3991	338
3992	334
3993	307
3994	361
3995	360
3996	339
3997	373
3998	302
3999	308
4000	354
4001	338
4002	372
4003	312
4004	311
4005	332
4006	314
4007	296
4008	305
4009	316
4010	322
4011	333
4012	345
4013	318
4014	328
4015	313
4016	345
4017	335
4018	329
4019	315
4020	340
4021	312
4022	355
4023	368
4024	311
4025	336
4026	335
4027	336
4028	343
4029	330
4030	345
4031	341
4032	326
4033	345
4034	320
4035	320
4036	316
4037	342
4038	354
4039	354
4040	348
4041	374
4042	341
4043	342
4044	362
4045	339
4046	293
4047	382
4048	336
4049	348
4050	344
4051	348
4052	338
4053	327
4054	337
4055	333
4056	300
4057	328
4058	331
4059	344
4060	304
4061	310
4062	324
4063	335
4064	351
4065	326
4066	344
4067	321
4068	334
4069	327
4070	313
4071	317
4072	297
4073	313
4074	315
4075	350
4076	320
4077	328
4078	289
4079	331
4080	319
4081	277
4082	312
4083	329
4084	333
4085	347
4086	318
4087	281
4088	325
4089	344
4090	348
4091	304
4092	328
4093	354
4094	358
4095	332
4096	306
4097	339
4098	293
4099	294
4100	329
4101	334
4102	351
4103	320
4104	327
4105	335
4106	301
4107	324
4108	322
4109	352
4110	329
4111	314
4112	340
4113	331
4114	313
4115	347
4116	309
4117	324
4118	317
4119	308
4120	319
4121	348
4122	333
4123	350
4124	296
4125	344
4126	323
4127	310
4128	289
4129	332
4130	325
4131	304
4132	365
4133	318
4134	349
4135	312
4136	336
4137	339
4138	307
4139	355
4140	337
4141	312
4142	334
4143	331
4144	321
4145	327
4146	358
4147	314
4148	331
4149	348
4150	328
4151	307
4152	310
4153	307
4154	349
4155	334
4156	341
4157	351
4158	339
4159	324
4160	349
4161	338
4162	339
4163	317
4164	321
4165	330
4166	311
4167	317
4168	308
4169	311
4170	327
4171	347
4172	306
4173	343
4174	300
4175	331
4176	286
4177	328
4178	309
4179	305
4180	311
4181	343
4182	332
4183	298
4184	312
4185	287
4186	328
4187	368
4188	294
4189	353
4190	326
4191	309
4192	335
4193	343
4194	319
4195	333
4196	324
4197	335
4198	293
4199	277
4200	313
4201	337
4202	308
4203	317
4204	336
4205	366
4206	347
4207	292
4208	337
4209	329
4210	336
4211	310
4212	322
4213	322
4214	334
4215	308
4216	317
4217	337
4218	313
4219	336
4220	304
4221	331
4222	317
4223	321
4224	309
4225	344
4226	363
4227	313
4228	340
4229	342
4230	308
4231	287
4232	313
4233	338
4234	339
4235	346
4236	313
4237	355
4238	336
4239	321
4240	346
4241	342
4242	349
4243	320
4244	315
4245	322
4246	366
4247	325
4248	325
4249	328
4250	330
4251	304
4252	334
4253	336
4254	316
4255	332
4256	339
4257	329
4258	336
4259	333
4260	324
4261	323
4262	327
4263	291
4264	290
4265	328
4266	345
4267	314
4268	314
4269	334
4270	352
4271	309
4272	314
4273	334
4274	353
4275	317
4276	319
4277	325
4278	316
4279	346
4280	357
4281	338
4282	330
4283	328
4284	311
4285	341
4286	331
4287	342
4288	339
4289	358
4290	324
4291	321
4292	338
4293	314
4294	337
4295	345
4296	342
4297	297
4298	282
4299	334
4300	287
4301	302
4302	328
4303	321
4304	312
4305	339
4306	340
4307	322
4308	340
4309	318
4310	319
4311	309
4312	330
4313	334
4314	334
4315	300
4316	330
4317	319
4318	355
4319	306
4320	335
4321	338
4322	289
4323	277
4324	349
4325	346
4326	332
4327	329
4328	316
4329	285
4330	325
4331	321
4332	345
4333	312
4334	318
4335	351
4336	342
4337	333
4338	305
4339	355
4340	302
4341	357
4342	325
4343	321
4344	318
4345	329
4346	314
4347	316
4348	306
4349	351
4350	309
4351	311
4352	337
4353	308
4354	304
4355	318
4356	346
4357	323
4358	358
4359	311
4360	281
4361	320
4362	310
4363	337
4364	317
4365	328
4366	345
4367	298
4368	341
4369	333
4370	327
4371	304
4372	292
4373	360
4374	337
4375	332
4376	348
4377	328
4378	292
4379	326
4380	294
4381	344
4382	361
4383	307
4384	307
4385	346
4386	323
4387	321
4388	321
4389	334
4390	323
4391	332
4392	327
4393	315
4394	326
4395	327
4396	333
4397	333
4398	331
4399	309
4400	304
4401	317
4402	328
4403	336
4404	329
4405	333
4406	318
4407	334
4408	348
4409	320
4410	347
4411	333
4412	330
4413	354
4414	307
4415	301
4416	310
4417	314
4418	321
4419	319
4420	322
4421	357
4422	308
4423	313
4424	330
4425	338
4426	341
4427	328
4428	342
4429	320
4430	272
4431	311
4432	335
4433	300
4434	326
4435	331
4436	319
4437	310
4438	348
4439	324
4440	328
4441	329
4442	311
4443	307
4444	331
4445	311
4446	335
4447	314
4448	284
4449	338
4450	287
4451	288
4452	324
4453	336
4454	342
4455	298
4456	301
4457	335
4458	318
4459	318
4460	336
4461	307
4462	359
4463	336
4464	341
4465	327
4466	347
4467	325
4468	345
4469	331
4470	344
4471	314
4472	307
4473	302
4474	321
4475	335
4476	313
4477	302
4478	313
4479	332
4480	331
4481	304
4482	332
4483	294
4484	329
4485	332
4486	302
4487	313
4488	330
4489	315
4490	311
4491	307
4492	322
4493	300
4494	306
4495	294
4496	303
4497	339
4498	312
4499	309
4500	306
4501	302
4502	313
4503	311
4504	315
4505	287
4506	333
4507	362
4508	297
4509	325
4510	323
4511	312
4512	299
4513	305
4514	312
4515	313
4516	290
4517	310
4518	303
4519	299
4520	326
4521	294
4522	322
4523	305
4524	315
4525	305
4526	310
4527	286
4528	301
4529	356
4530	329
4531	317
4532	351
4533	306
4534	322
4535	303
4536	345
4537	297
4538	307
4539	334
4540	291
4541	315
4542	284
4543	342
4544	326
4545	342
4546	330
4547	328
4548	319
4549	311
4550	317
4551	294
4552	299
4553	309
4554	283
4555	307
4556	333
4557	347
4558	294
4559	268
4560	329
4561	321
4562	266
4563	306
4564	314
4565	285
4566	309
4567	317
4568	288
4569	335
4570	293
4571	300
4572	288
4573	299
4574	347
4575	318
4576	306
4577	320
4578	301
4579	312
4580	295
4581	301
4582	303
4583	308
4584	306
4585	309
4586	284
4587	296
4588	320
4589	305
4590	310
4591	282
4592	315
4593	320
4594	284
4595	299
4596	290
4597	299
4598	311
4599	269
4600	308
4601	326
4602	308
4603	265
4604	277
4605	318
4606	286
4607	303
4608	275
4609	294
4610	290
4611	302
4612	296
4613	286
4614	278
4615	260
4616	310
4617	304
4618	306
4619	292
4620	313
4621	308
4622	283
4623	282
4624	298
4625	302
4626	292
4627	276
4628	260
4629	319
4630	291
4631	302
4632	280
4633	280
4634	310
4635	273
4636	285
4637	266
4638	291
4639	282
4640	294
4641	288
4642	277
4643	294
4644	298
4645	302
4646	284
4647	253
4648	300
4649	318
4650	281
4651	290
4652	276
4653	268
4654	278
4655	290
4656	268
4657	270
4658	294
4659	275
4660	264
4661	295
4662	301
4663	270
4664	265
4665	281
4666	274
4667	269
4668	295
4669	298
4670	298
4671	289
4672	285
4673	276
4674	286
4675	276
4676	277
4677	262
4678	249
4679	309
4680	267
4681	290
4682	283
4683	271
4684	321
4685	263
4686	265
4687	286
4688	275
4689	248
4690	234
4691	286
4692	267
4693	279
4694	257
4695	274
4696	261
4697	268
4698	248
4699	265
4700	267
4701	279
4702	278
4703	300
4704	267
4705	284
4706	271
4707	274
4708	273
4709	254
4710	273
4711	267
4712	247
4713	263
4714	258
4715	286
4716	263
4717	239
4718	280
4719	271
4720	248
4721	281
4722	272
4723	232
4724	246
4725	254
4726	307
4727	286
4728	248
4729	251
4730	283
4731	250
4732	254
4733	257
4734	282
4735	240
4736	229
4737	243
4738	279
4739	292
4740	252
4741	272
4742	263
4743	272
4744	258
4745	256
4746	262
4747	290
4748	287
4749	261
4750	246
4751	235
4752	248
4753	261
4754	257
4755	265
4756	255
4757	255
4758	243
4759	252
4760	285
4761	261
4762	246
4763	265
4764	246
4765	253
4766	248
4767	243
4768	244
4769	263
4770	245
4771	225
4772	256
4773	215
4774	232
4775	222
4776	248
4777	273
4778	285
4779	254
4780	239
4781	260
4782	243
4783	236
4784	253
4785	198
4786	225
4787	226
4788	218
4789	263
4790	228
4791	252
4792	232
4793	241
4794	221
4795	223
4796	234
4797	240
4798	220
4799	242
4800	216
4801	246
4802	265
4803	268
4804	235
4805	214
4806	216
4807	210
4808	211
4809	248
4810	225
4811	231
4812	211
4813	209
4814	246
4815	236
4816	247
4817	218
4818	208
4819	233
4820	226
4821	207
4822	194
4823	232
4824	228
4825	212
4826	248
4827	188
4828	241
4829	209
4830	226
4831	212
4832	246
4833	210
4834	230
4835	212
4836	242
4837	221
4838	219
4839	220
4840	221
4841	232
4842	212
4843	231
4844	193
4845	206
4846	206
4847	242
4848	228
4849	223
4850	212
4851	207
4852	225
4853	219
4854	211
4855	207
4856	195
4857	202
4858	195
4859	231
4860	201
4861	247
4862	204
4863	206
4864	207
4865	197
4866	193
4867	228
4868	190
4869	217
4870	183
4871	191
4872	220
4873	201
4874	192
4875	194
4876	230
4877	195
4878	185
4879	195
4880	214
4881	236
4882	183
4883	211
4884	211
4885	201
4886	187
4887	202
4888	216
4889	185
4890	222
4891	213
4892	220
4893	206
4894	190
4895	204
4896	196
4897	217
4898	175
4899	196
4900	172
4901	204
4902	192
4903	191
4904	198
4905	174
4906	183
4907	199
4908	202
4909	212
4910	201
4911	187
4912	213
4913	183
4914	170
4915	189
4916	198
4917	198
4918	175
4919	196
4920	203
4921	187
4922	187
4923	177
4924	189
4925	201
4926	180
4927	184
4928	183
4929	156
4930	178
4931	190
4932	194
4933	185
4934	181
4935	173
4936	176
4937	182
4938	163
4939	198
4940	208
4941	194
4942	188
4943	187
4944	187
4945	181
4946	179
4947	177
4948	200
4949	175
4950	161
4951	165
4952	192
4953	180
4954	187
4955	171
4956	210
4957	200
4958	179
4959	170
4960	204
4961	171
4962	180
4963	174
4964	202
4965	153
4966	171
4967	169
4968	164
4969	182
4970	175
4971	172
4972	174
4973	185
4974	165
4975	186
4976	182
4977	173
4978	176
4979	185
4980	192
4981	150
4982	176
4983	184
4984	186
4985	174
4986	170
4987	184
4988	166
4989	184
4990	188
4991	175
4992	193
4993	157
4994	154
4995	157
4996	184
4997	170
4998	175
4999	194
5000	175
5001	168
5002	174
5003	160
5004	168
5005	184
5006	158
5007	150
5008	174
5009	193
5010	153
5011	160
5012	160
5013	153
5014	187
5015	168
5016	161
5017	172
5018	171
5019	134
5020	163
5021	156
5022	188
5023	155
5024	148
5025	165
5026	159
5027	168
5028	164
5029	177
5030	180
5031	179
5032	173
5033	163
5034	173
5035	170
5036	177
5037	157
5038	158
5039	157
5040	164
5041	168
5042	169
5043	191
5044	166
5045	147
5046	152
5047	132
5048	177
5049	173
5050	165
5051	144
5052	163
5053	169
5054	157
5055	156
5056	173
5057	183
5058	152
5059	159
5060	154
5061	168
5062	162
5063	141
5064	164
5065	177
5066	152
5067	173
5068	152
5069	159
5070	150
5071	173
5072	148
5073	156
5074	179
5075	138
5076	158
5077	145
5078	161
5079	161
5080	170
5081	160
5082	193
5083	155
5084	165
5085	150
5086	170
5087	158
5088	183
5089	170
5090	165
5091	171
5092	158
5093	144
5094	173
5095	175
5096	152
5097	157
5098	167
5099	138
5100	147
5101	168
5102	150
5103	161
5104	126
5105	165
5106	174
5107	164
5108	144
5109	159
5110	149
5111	149
5112	161
5113	156
5114	148
5115	157
5116	159
5117	156
5118	164
5119	154
5120	159
5121	142
5122	151
5123	124
5124	165
5125	149
5126	163
5127	137
5128	133
5129	154
5130	158
5131	137
5132	145
5133	156
5134	144
5135	151
5136	160
5137	169
5138	139
5139	164
5140	155
5141	157
5142	152
5143	152
5144	122
5145	147
5146	143
5147	150
5148	141
5149	124
5150	142
5151	134
5152	156
5153	142
5154	153
5155	157
5156	152
5157	156
5158	145
5159	128
5160	150
5161	153
5162	136
5163	149
5164	163
5165	146
5166	153
5167	134
5168	173
5169	141
5170	138
5171	138
5172	144
5173	156
5174	140
5175	143
5176	160
5177	149
5178	143
5179	147
5180	146
5181	146
5182	146
5183	148
5184	140
5185	145
5186	150
5187	159
5188	146
5189	170
5190	138
5191	150
5192	150
5193	142
5194	133
5195	128
5196	153
5197	149
5198	123
5199	150
5200	150
5201	140
5202	136
5203	133
5204	125
5205	140
5206	138
5207	137
5208	130
5209	147
5210	135
5211	148
5212	139
5213	158
5214	132
5215	120
5216	159
5217	148
5218	158
5219	132
5220	127
5221	134
5222	161
5223	122
5224	148
5225	141
5226	123
5227	144
5228	138
5229	125
5230	130
5231	146
5232	148
5233	140
5234	118
5235	129
5236	143
5237	139
5238	150
5239	165
5240	129
5241	130
5242	133
5243	150
5244	147
5245	151
5246	143
5247	143
5248	134
5249	137
5250	132
5251	124
5252	135
5253	142
5254	127
5255	122
5256	154
5257	129
5258	135
5259	124
5260	112
5261	146
5262	131
5263	126
5264	128
5265	160
5266	131
5267	146
5268	143
5269	129
5270	132
5271	155
5272	132
5273	145
5274	137
5275	138
5276	128
5277	130
5278	155
5279	120
5280	149
5281	135
5282	138
5283	133
5284	127
5285	137
5286	126
5287	134
5288	152
5289	123
5290	151
5291	120
5292	126
5293	151
5294	149
5295	140
5296	133
5297	129
5298	138
5299	122
5300	116
5301	118
5302	115
5303	118
5304	135
5305	127
5306	116
5307	118
5308	137
5309	137
5310	133
5311	122
5312	126
5313	121
5314	153
5315	167
5316	160
5317	124
5318	120
5319	137
5320	117
5321	151
5322	139
5323	136
5324	127
5325	159
5326	147
5327	130
5328	133
5329	130
5330	117
5331	128
5332	136
5333	117
5334	138
5335	126
5336	133
5337	117
5338	132
5339	124
5340	133
5341	129
5342	127
5343	127
5344	122
5345	145
5346	109
5347	132
5348	128
5349	113
5350	129
5351	142
5352	131
5353	141
5354	144
5355	125
5356	132
5357	134
5358	124
5359	129
5360	122
5361	134
5362	131
5363	113
5364	124
5365	144
5366	142
5367	118
5368	128
5369	129
5370	127
5371	142
5372	126
5373	124
5374	137
5375	128
5376	129
5377	132
5378	120
5379	126
5380	118
5381	136
5382	131
5383	131
5384	136
5385	122
5386	117
5387	128
5388	116
5389	121
5390	127
5391	101
5392	128
5393	118
5394	128
5395	135
5396	128
5397	118
5398	132
5399	119
5400	123
5401	118
5402	132
5403	112
5404	119
5405	142
5406	111
5407	112
5408	128
5409	128
5410	115
5411	137
5412	112
5413	108
5414	107
5415	125
5416	137
5417	125
5418	144
5419	141
5420	118
5421	119
5422	138
5423	110
5424	132
5425	126
5426	120
5427	109
5428	111
5429	104
5430	104
5431	128
5432	127
5433	87
5434	116
5435	122
5436	119
5437	119
5438	131
5439	138
5440	137
5441	131
5442	128
5443	104
5444	127
5445	122
5446	115
5447	116
5448	142
5449	142
5450	130
5451	117
5452	109
5453	140
5454	118
5455	138
5456	137
5457	114
5458	135
5459	138
5460	121
5461	130
5462	122
5463	99
5464	124
5465	133
5466	133
5467	101
5468	140
5469	116
5470	132
5471	129
5472	123
5473	103
5474	107
5475	138
5476	117
5477	115
5478	112
5479	111
5480	133
5481	127
5482	124
5483	135
5484	117
5485	124
5486	128
5487	133
5488	136
5489	108
5490	118
5491	121
5492	143
5493	116
5494	124
5495	134
5496	121
5497	137
5498	104
5499	120
5500	127
5501	120
5502	109
5503	108
5504	94
5505	122
5506	134
5507	121
5508	113
5509	111
5510	119
5511	97
5512	127
5513	143
5514	114
5515	136
5516	112
5517	125
5518	118
5519	130
5520	110
5521	122
5522	96
5523	125
5524	131
5525	130
5526	127
5527	121
5528	124
5529	107
5530	122
5531	113
5532	110
5533	109
5534	115
5535	98
5536	117
5537	125
5538	124
5539	114
5540	115
5541	120
5542	116
5543	110
5544	125
5545	132
5546	108
5547	120
5548	119
5549	103
5550	121
5551	149
5552	109
5553	148
5554	107
5555	114
5556	120
5557	110
5558	120
5559	98
5560	132
5561	110
5562	114
5563	116
5564	118
5565	131
5566	115
5567	132
5568	109
5569	123
5570	114
5571	112
5572	112
5573	105
5574	131
5575	120
5576	123
5577	134
5578	131
5579	102
5580	107
5581	116
5582	111
5583	119
5584	122
5585	119
5586	120
5587	126
5588	129
5589	124
5590	125
5591	114
5592	120
5593	137
5594	118
5595	113
5596	101
5597	95
5598	131
5599	114
5600	124
5601	118
5602	124
5603	109
5604	110
5605	103
5606	104
5607	128
5608	113
5609	108
5610	120
5611	108
5612	122
5613	127
5614	113
5615	123
5616	116
5617	94
5618	125
5619	107
5620	125
5621	110
5622	120
5623	129
5624	118
5625	127
5626	125
5627	114
5628	116
5629	118
5630	121
5631	104
5632	113
5633	125
5634	120
5635	98
5636	91
5637	134
5638	128
5639	118
5640	111
5641	121
5642	107
5643	114
5644	105
5645	116
5646	106
5647	145
5648	102
5649	120
5650	121
5651	141
5652	110
5653	117
5654	112
5655	121
5656	117
5657	119
5658	116
5659	122
5660	92
5661	119
5662	110
5663	95
5664	97
5665	113
5666	105
5667	115
5668	124
5669	121
5670	114
5671	91
5672	88
5673	132
5674	107
5675	121
5676	122
5677	132
5678	118
5679	114
5680	119
5681	113
5682	115
5683	119
5684	109
5685	92
5686	131
5687	112
5688	118
5689	122
5690	126
5691	123
5692	101
5693	99
5694	113
5695	102
5696	111
5697	106
5698	109
5699	112
5700	120
5701	92
5702	111
5703	118
5704	123
5705	114
5706	118
5707	94
5708	109
5709	124
5710	148
5711	110
5712	121
5713	101
5714	117
5715	94
5716	102
5717	114
5718	113
5719	108
5720	116
5721	104
5722	118
5723	111
5724	120
5725	110
5726	134
5727	113
5728	113
5729	121
5730	120
5731	127
5732	119
5733	118
5734	111
5735	119
5736	133
5737	121
5738	115
5739	123
5740	102
5741	107
5742	119
5743	115
5744	107
5745	105
5746	127
5747	96
5748	112
5749	120
5750	115
5751	126
5752	113
5753	91
5754	130
5755	134
5756	92
5757	96
5758	108
5759	117
5760	116
5761	81
5762	104
5763	103
5764	111
5765	119
5766	100
5767	116
5768	119
5769	119
5770	108
5771	113
5772	97
5773	119
5774	120
5775	111
5776	83
5777	111
5778	109
5779	105
5780	107
5781	105
5782	109
5783	106
5784	113
5785	102
5786	131
5787	114
5788	112
5789	103
5790	111
5791	106
5792	125
5793	118
5794	92
5795	94
5796	104
5797	120
5798	121
5799	113
5800	127
5801	97
5802	100
5803	107
5804	111
5805	101
5806	111
5807	112
5808	98
5809	96
5810	112
5811	113
5812	111
5813	98
5814	135
5815	131
5816	117
5817	108
5818	99
5819	88
5820	116
5821	97
5822	109
5823	117
5824	103
5825	86
5826	124
5827	85
5828	121
5829	98
5830	133
5831	120
5832	110
5833	107
5834	103
5835	116
5836	92
5837	109
5838	111
5839	103
5840	98
5841	128
5842	121
5843	102
5844	100
5845	112
5846	107
5847	96
5848	110
5849	103
5850	128
5851	110
5852	113
5853	111
5854	122
5855	98
5856	105
5857	121
5858	113
5859	110
5860	129
5861	108
5862	116
5863	88
5864	122
5865	110
5866	118
5867	99
5868	96
5869	135
5870	106
5871	94
5872	103
5873	104
5874	111
5875	127
5876	126
5877	106
5878	110
5879	109
5880	106
5881	108
5882	110
5883	99
5884	115
5885	105
5886	87
5887	103
5888	98
5889	98
5890	95
5891	107
5892	130
5893	122
5894	115
5895	97
5896	99
5897	108
5898	102
5899	101
5900	113
5901	96
5902	113
5903	95
5904	109
5905	103
5906	101
5907	104
5908	98
5909	100
5910	120
5911	113
5912	88
5913	91
5914	99
5915	97
5916	93
5917	98
5918	110
5919	92
5920	114
5921	109
5922	107
5923	118
5924	109
5925	109
5926	110
5927	92
5928	96
5929	107
5930	96
5931	110
5932	118
5933	101
5934	89
5935	115
5936	115
5937	119
5938	101
5939	93
5940	101
5941	105
5942	105
5943	104
5944	115
5945	102
5946	88
5947	101
5948	110
5949	103
5950	102
5951	113
5952	115
5953	117
5954	90
5955	84
5956	107
5957	130
5958	95
5959	109
5960	126
5961	109
5962	103
5963	98
5964	114
5965	101
5966	113
5967	123
5968	116
5969	119
5970	80
5971	111
5972	94
5973	85
5974	105
5975	96
5976	110
5977	107
5978	104
5979	110
5980	118
5981	96
5982	113
5983	106
5984	112
5985	121
5986	100
5987	98
5988	117
5989	99
5990	113
5991	99
5992	119
5993	104
5994	115
5995	101
5996	108
5997	104
5998	122
5999	109
6000	80
6001	97
6002	97
6003	106
6004	101
6005	96
6006	101
6007	86
6008	126
6009	122
6010	109
6011	116
6012	110
6013	112
6014	97
6015	114
6016	95
6017	96
6018	112
6019	105
6020	103
6021	114
6022	119
6023	104
6024	112
6025	113
6026	121
6027	113
6028	102
6029	114
6030	110
6031	107
6032	106
6033	85
6034	99
6035	100
6036	86
6037	119
6038	105
6039	129
6040	105
6041	108
6042	100
6043	104
6044	116
6045	104
6046	110
6047	114
6048	119
6049	96
6050	103
6051	112
6052	113
6053	106
6054	101
6055	103
6056	107
6057	121
6058	111
6059	103
6060	107
6061	92
6062	93
6063	116
6064	111
6065	121
6066	95
6067	100
6068	108
6069	101
6070	103
6071	113
6072	104
6073	129
6074	109
6075	117
6076	120
6077	108
6078	108
6079	106
6080	97
6081	119
6082	100
6083	97
6084	101
6085	104
6086	104
6087	130
6088	94
6089	110
6090	96
6091	100
6092	122
6093	103
6094	94
6095	118
6096	105
6097	93
6098	120
6099	110
6100	110
6101	96
6102	117
6103	117
6104	112
6105	103
6106	117
6107	99
6108	100
6109	125
6110	101
6111	107
6112	97
6113	119
6114	123
6115	103
6116	99
6117	106
6118	89
6119	113
6120	88
6121	92
6122	119
6123	100
6124	110
6125	86
6126	106
6127	102
6128	101
6129	119
6130	107
6131	99
6132	101
6133	107
6134	116
6135	104
6136	115
6137	109
6138	107
6139	105
6140	94
6141	94
6142	107
6143	77
6144	100
6145	107
6146	110
6147	85
6148	104
6149	112
6150	102
6151	92
6152	104
6153	102
6154	103
6155	96
6156	106
6157	97
6158	131
6159	101
6160	108
6161	104
6162	108
6163	111
6164	126
6165	97
6166	116
6167	120
6168	91
6169	107
6170	84
6171	99
6172	137
6173	107
6174	119
6175	96
6176	99
6177	109
6178	121
6179	89
6180	113
6181	102
6182	101
6183	122
6184	102
6185	105
6186	102
6187	110
6188	106
6189	131
6190	102
6191	100
6192	89
6193	128
6194	115
6195	80
6196	95
6197	121
6198	93
6199	105
6200	105
6201	122
6202	101
6203	96
6204	87
6205	106
6206	94
6207	108
6208	94
6209	91
6210	103
6211	100
6212	87
6213	104
6214	99
6215	111
6216	106
6217	100
6218	98
6219	127
6220	103
6221	112
6222	88
6223	103
6224	87
6225	98
6226	107
6227	98
6228	110
6229	117
6230	108
6231	116
6232	94
6233	103
6234	114
6235	103
6236	115
6237	104
6238	94
6239	113
6240	105
6241	117
6242	106
6243	109
6244	101
6245	120
6246	113
6247	110
6248	116
6249	98
6250	112
6251	107
6252	93
6253	98
6254	96
6255	105
6256	128
6257	108
6258	108
6259	106
6260	107
6261	112
6262	102
6263	111
6264	109
6265	105
6266	102
6267	106
6268	105
6269	79
6270	103
6271	104
6272	122
6273	118
6274	117
6275	96
6276	119
6277	116
6278	126
6279	83
6280	94
6281	98
6282	97
6283	101
6284	110
6285	98
6286	126
6287	122
6288	98
6289	98
6290	121
6291	119
6292	112
6293	104
6294	101
6295	114
6296	92
6297	107
6298	109
6299	116
6300	130
6301	113
6302	104
6303	91
6304	90
6305	107
6306	101
6307	120
6308	102
6309	105
6310	96
6311	93
6312	109
6313	101
6314	116
6315	110
6316	92
6317	108
6318	97
6319	102
6320	92
6321	108
6322	99
6323	107
6324	92
6325	103
6326	99
6327	113
6328	114
6329	94
6330	115
6331	117
6332	118
6333	87
6334	104
6335	126
6336	92
6337	88
6338	107
6339	114
6340	104
6341	101
6342	121
6343	109
6344	93
6345	100
6346	107
6347	111
6348	81
6349	122
6350	126
6351	106
6352	112
6353	90
6354	108
6355	102
6356	84
6357	115
6358	91
6359	95
6360	122
6361	133
6362	116
6363	106
6364	108
6365	118
6366	91
6367	127
6368	98
6369	108
6370	103
6371	116
6372	115
6373	108
6374	98
6375	102
6376	129
6377	107
6378	91
6379	103
6380	108
6381	119
6382	112
6383	124
6384	108
6385	104
6386	129
6387	104
6388	103
6389	97
6390	90
6391	107
6392	128
6393	137
6394	115
6395	94
6396	116
6397	104
6398	125
6399	104
6400	113
6401	119
6402	112
6403	105
6404	116
6405	125
6406	111
6407	130
6408	112
6409	128
6410	115
6411	118
6412	119
6413	96
6414	116
6415	107
6416	105
6417	115
6418	99
6419	105
6420	130
6421	124
6422	128
6423	101
6424	145
6425	110
6426	107
6427	102
6428	117
6429	132
6430	116
6431	97
6432	135
6433	102
6434	106
6435	111
6436	121
6437	108
6438	114
6439	104
6440	102
6441	129
6442	107
6443	124
6444	118
6445	127
6446	109
6447	101
6448	137
6449	129
6450	112
6451	115
6452	105
6453	119
6454	121
6455	127
6456	123
6457	109
6458	134
6459	115
6460	131
6461	125
6462	132
6463	104
6464	126
6465	144
6466	121
6467	110
6468	120
6469	130
6470	135
6471	123
6472	132
6473	134
6474	132
6475	143
6476	137
6477	98
6478	131
6479	110
6480	124
6481	121
6482	113
6483	109
6484	116
6485	154
6486	138
6487	115
6488	111
6489	116
6490	111
6491	120
6492	132
6493	149
6494	121
6495	130
6496	125
6497	115
6498	134
6499	133
6500	121
6501	102
6502	128
6503	126
6504	126
6505	124
6506	122
6507	123
6508	137
6509	125
6510	132
6511	132
6512	132
6513	116
6514	108
6515	126
6516	146
6517	126
6518	128
6519	137
6520	153
6521	127
6522	113
6523	139
6524	138
6525	132
6526	140
6527	124
6528	111
6529	129
6530	136
6531	130
6532	140
6533	135
6534	118
6535	142
6536	133
6537	111
6538	143
6539	138
6540	132
6541	121
6542	134
6543	110
6544	141
6545	128
6546	133
6547	134
6548	144
6549	149
6550	131
6551	151
6552	129
6553	120
6554	133
6555	148
6556	144
6557	134
6558	134
6559	149
6560	137
6561	144
6562	147
6563	133
6564	140
6565	146
6566	157
6567	142
6568	155
6569	124
6570	143
6571	152
6572	155
6573	146
6574	167
6575	146
6576	133
6577	139
6578	152
6579	160
6580	138
6581	146
6582	150
6583	147
6584	151
6585	141
6586	150
6587	159
6588	154
6589	147
6590	163
6591	186
6592	163
6593	144
6594	138
6595	172
6596	131
6597	162
6598	148
6599	162
6600	160
6601	128
6602	183
6603	161
6604	178
6605	164
6606	165
6607	153
6608	166
6609	160
6610	146
6611	153
6612	153
6613	142
6614	152
6615	184
6616	170
6617	160
6618	171
6619	166
6620	156
6621	183
6622	184
6623	169
6624	145
6625	150
6626	186
6627	192
6628	161
6629	176
6630	161
6631	166
6632	189
6633	189
6634	188
6635	177
6636	166
6637	211
6638	158
6639	156
6640	186
6641	188
6642	154
6643	186
6644	170
6645	168
6646	171
6647	197
6648	203
6649	186
6650	187
6651	177
6652	192
6653	208
6654	180
6655	196
6656	203
6657	213
6658	176
6659	197
6660	186
6661	177
6662	190
6663	214
6664	212
6665	206
6666	213
6667	185
6668	216
6669	210
6670	204
6671	207
6672	218
6673	212
6674	202
6675	225
6676	202
6677	224
6678	195
6679	236
6680	229
6681	222
6682	212
6683	237
6684	203
6685	227
6686	212
6687	250
6688	247
6689	213
6690	211
6691	206
6692	246
6693	240
6694	254
6695	203
6696	239
6697	229
6698	240
6699	258
6700	222
6701	238
6702	251
6703	251
6704	232
6705	214
6706	245
6707	245
6708	242
6709	239
6710	267
6711	277
6712	244
6713	233
6714	229
6715	233
6716	250
6717	245
6718	230
6719	259
6720	272
6721	261
6722	265
6723	248
6724	270
6725	270
6726	247
6727	265
6728	287
6729	301
6730	233
6731	271
6732	285
6733	268
6734	278
6735	246
6736	257
6737	267
6738	279
6739	299
6740	289
6741	294
6742	284
6743	285
6744	296
6745	293
6746	349
6747	262
6748	293
6749	298
6750	271
6751	316
6752	295
6753	320
6754	314
6755	339
6756	324
6757	355
6758	350
6759	358
6760	303
6761	359
6762	332
6763	351
6764	316
6765	345
6766	345
6767	341
6768	346
6769	372
6770	346
6771	349
6772	359
6773	332
6774	315
6775	374
6776	351
6777	325
6778	317
6779	322
6780	357
6781	342
6782	322
6783	378
6784	343
6785	383
6786	364
6787	353
6788	372
6789	403
6790	370
6791	355
6792	405
6793	366
6794	409
6795	396
6796	368
6797	390
6798	420
6799	381
6800	393
6801	404
6802	406
6803	451
6804	405
6805	426
6806	409
6807	411
6808	472
6809	412
6810	419
6811	446
6812	454
6813	425
6814	440
6815	453
6816	477
6817	464
6818	432
6819	456
6820	459
6821	430
6822	458
6823	477
6824	495
6825	467
6826	467
6827	450
6828	476
6829	432
6830	468
6831	460
6832	448
6833	498
6834	486
6835	516
6836	501
6837	507
6838	474
6839	538
6840	517
6841	493
6842	475
6843	466
6844	517
6845	566
6846	535
6847	593
6848	535
6849	539
6850	533
6851	524
6852	546
6853	535
6854	523
6855	566
6856	555
6857	561
6858	545
6859	525
6860	553
6861	565
6862	574
6863	573
6864	559
6865	611
6866	596
6867	562
6868	588
6869	584
6870	604
6871	541
6872	584
6873	630
6874	579
6875	601
6876	565
6877	617
6878	614
6879	612
6880	655
6881	613
6882	635
6883	617
6884	662
6885	621
6886	611
6887	612
6888	623
6889	645
6890	656
6891	669
6892	620
6893	712
6894	705
6895	682
6896	702
6897	732
6898	620
6899	710
6900	698
6901	717
6902	695
6903	701
6904	745
6905	691
6906	714
6907	711
6908	670
6909	717
6910	708
6911	760
6912	728
6913	777
6914	782
6915	804
6916	782
6917	740
6918	731
6919	750
6920	777
6921	791
6922	785
6923	816
6924	783
6925	782
6926	760
6927	809
6928	829
6929	820
6930	827
6931	840
6932	792
6933	769
6934	786
6935	775
6936	870
6937	846
6938	925
6939	833
6940	858
6941	834
6942	849
6943	882
6944	790
6945	882
6946	881
6947	890
6948	882
6949	873
6950	891
6951	850
6952	875
6953	919
6954	865
6955	949
6956	941
6957	933
6958	956
6959	951
6960	951
6961	925
6962	913
6963	911
6964	926
6965	979
6966	978
6967	976
6968	972
6969	1026
6970	967
6971	1021
6972	972
6973	1017
6974	990
6975	1018
6976	968
6977	1003
6978	1025
6979	991
6980	1062
6981	1009
6982	1050
6983	997
6984	1020
6985	1024
6986	1018
6987	1047
6988	1109
6989	1119
6990	1094
6991	1136
6992	1077
6993	1069
6994	1082
6995	1141
6996	1048
6997	1103
6998	1130
6999	1153
7000	1153
7001	1080
7002	1111
7003	1122
7004	1168
7005	1195
7006	1139
7007	1203
7008	1159
7009	1223
7010	1172
7011	1190
7012	1199
7013	1212
7014	1230
7015	1145
7016	1224
7017	1214
7018	1230
7019	1230
7020	1256
7021	1236
7022	1195
7023	1164
7024	1311
7025	1225
7026	1226
7027	1308
7028	1236
7029	1312
7030	1262
7031	1276
7032	1276
7033	1321
7034	1234
7035	1300
7036	1309
7037	1267
7038	1308
7039	1324
7040	1222
7041	1352
7042	1277
7043	1286
7044	1315
7045	1385
7046	1304
7047	1324
7048	1359
7049	1322
7050	1424
7051	1372
7052	1395
7053	1405
7054	1296
7055	1371
7056	1400
7057	1428
7058	1435
7059	1358
7060	1369
7061	1411
7062	1449
7063	1478
7064	1437
7065	1400
7066	1453
7067	1501
7068	1459
7069	1473
7070	1481
7071	1541
7072	1415
7073	1500
7074	1444
7075	1454
7076	1528
7077	1463
7078	1545
7079	1522
7080	1480
7081	1442
7082	1494
7083	1512
7084	1502
7085	1504
7086	1553
7087	1569
7088	1543
7089	1532
7090	1521
7091	1525
7092	1611
7093	1586
7094	1602
7095	1606
7096	1655
7097	1598
7098	1602
7099	1568
7100	1591
7101	1573
7102	1661
7103	1670
7104	1723
7105	1601
7106	1660
7107	1640
7108	1585
7109	1671
7110	1645
7111	1601
7112	1625
7113	1693
7114	1737
7115	1630
7116	1635
7117	1667
7118	1695
7119	1683
7120	1691
7121	1689
7122	1646
7123	1756
7124	1768
7125	1695
7126	1692
7127	1749
7128	1729
7129	1717
7130	1766
7131	1713
7132	1784
7133	1748
7134	1790
7135	1775
7136	1742
7137	1757
7138	1762
7139	1790
7140	1768
7141	1788
7142	1769
7143	1803
7144	1807
7145	1734
7146	1787
7147	1727
7148	1809
7149	1808
7150	1858
7151	1816
7152	1817
7153	1837
7154	1841
7155	1820
7156	1829
7157	1854
7158	1928
7159	1864
7160	1796
7161	1849
7162	1846
7163	1854
7164	1847
7165	1896
7166	1869
7167	1804
7168	1884
7169	1880
7170	1942
7171	1922
7172	1872
7173	1887
7174	1957
7175	1917
7176	1878
7177	1970
7178	1955
7179	1928
7180	1843
7181	1826
7182	1881
7183	1915
7184	1923
7185	1975
7186	2006
7187	1910
7188	1886
7189	1875
7190	1914
7191	1963
7192	1924
7193	1972
7194	1998
7195	1966
7196	2023
7197	1963
7198	1982
7199	2047
7200	1974
7201	2065
7202	1967
7203	1946
7204	1970
7205	1928
7206	2062
7207	2023
7208	1985
7209	2068
7210	1950
7211	1984
7212	2008
7213	1924
7214	2010
7215	1919
7216	2002
7217	2005
7218	1994
7219	1974
7220	1958
7221	1904
7222	2014
7223	1986
7224	2076
7225	1964
7226	2035
7227	1951
7228	2035
7229	2106
7230	2042
7231	2057
7232	2016
7233	2023
7234	2058
7235	2036
7236	2017
7237	2087
7238	2107
7239	2009
7240	1899
7241	2108
7242	2032
7243	1990
7244	2043
7245	2045
7246	2030
7247	2025
7248	2096
7249	1996
7250	2009
7251	2108
7252	2094
7253	2098
7254	1976
7255	2078
7256	2142
7257	2105
7258	2178
7259	2109
7260	2075
7261	2037
7262	2050
7263	2090
7264	2041
7265	2085
7266	1996
7267	2150
7268	2037
7269	2106
7270	2029
7271	2101
7272	2023
7273	2036
7274	2085
7275	2127
7276	2107
7277	2038
7278	2028
7279	2142
7280	2058
7281	2056
7282	2044
7283	2034
7284	2062
7285	2146
7286	2094
7287	1984
7288	2147
7289	2040
7290	1994
7291	2098
7292	2142
7293	2146
7294	2117
7295	2089
7296	2044
7297	2017
7298	2088
7299	2090
7300	2089
7301	2054
7302	2061
7303	2097
7304	2015
7305	2069
7306	2081
7307	1966
7308	2031
7309	2068
7310	2021
7311	2100
7312	2035
7313	2149
7314	2083
7315	2133
7316	2056
7317	2083
7318	2104
7319	2068
7320	2003
7321	2032
7322	2006
7323	2020
7324	2050
7325	1979
7326	1975
7327	1902
7328	1987
7329	2012
7330	2016
7331	1976
7332	1986
7333	2033
7334	1980
7335	2074
7336	2053
7337	2005
7338	1926
7339	2039
7340	1939
7341	1957
7342	1940
7343	2012
7344	1955
7345	2028
7346	2026
7347	1931
7348	1935
7349	1931
7350	1964
7351	1949
7352	1980
7353	1943
7354	1979
7355	1948
7356	1938
7357	1981
7358	1813
7359	1872
7360	2014
7361	1910
7362	1907
7363	2045
7364	1965
7365	1915
7366	1942
7367	1886
7368	1906
7369	1866
7370	1814
7371	1826
7372	2002
7373	1903
7374	1882
7375	1886
7376	1901
7377	1833
7378	1824
7379	1855
7380	1866
7381	1806
7382	1846
7383	1928
7384	1872
7385	1873
7386	1885
7387	1912
7388	1855
7389	1907
7390	1832
7391	1909
7392	1902
7393	1795
7394	1861
7395	1762
7396	1917
7397	1834
7398	1804
7399	1789
7400	1793
7401	1733
7402	1793
7403	1842
7404	1799
7405	1872
7406	1803
7407	1817
7408	1781
7409	1812
7410	1766
7411	1755
7412	1766
7413	1716
7414	1737
7415	1759
7416	1692
7417	1684
7418	1756
7419	1726
7420	1785
7421	1687
7422	1766
7423	1760
7424	1666
7425	1704
7426	1698
7427	1699
7428	1678
7429	1639
7430	1714
7431	1586
7432	1704
7433	1704
7434	1681
7435	1624
7436	1629
7437	1667
7438	1645
7439	1649
7440	1653
7441	1582
7442	1659
7443	1627
7444	1626
7445	1593
7446	1627
7447	1595
7448	1586
7449	1552
7450	1531
7451	1560
7452	1507
7453	1573
7454	1558
7455	1608
7456	1552
7457	1595
7458	1474
7459	1527
7460	1525
7461	1515
7462	1542
7463	1528
7464	1475
7465	1548
7466	1475
7467	1490
7468	1448
7469	1444
7470	1534
7471	1472
7472	1415
7473	1519
7474	1459
7475	1384
7476	1404
7477	1440
7478	1426
7479	1462
7480	1490
7481	1445
7482	1434
7483	1501
7484	1360
7485	1359
7486	1422
7487	1383
7488	1392
7489	1423
7490	1352
7491	1343
7492	1392
7493	1397
7494	1399
7495	1311
7496	1344
7497	1333
7498	1318
7499	1333
7500	1312
7501	1314
7502	1296
7503	1384
7504	1334
7505	1308
7506	1298
7507	1269
7508	1253
7509	1211
7510	1255
7511	1320
7512	1317
7513	1262
7514	1268
7515	1300
7516	1256
7517	1254
7518	1249
7519	1177
7520	1200
7521	1229
7522	1189
7523	1283
7524	1262
7525	1197
7526	1244
7527	1170
7528	1188
7529	1170
7530	1167
7531	1274
7532	1120
7533	1135
7534	1146
7535	1132
7536	1099
7537	1105
7538	1098
7539	1113
7540	1114
7541	1076
7542	1136
7543	1118
7544	1082
7545	1086
7546	1057
7547	1109
7548	1053
7549	1093
7550	1096
7551	1060
7552	1020
7553	1078
7554	1037
7555	1043
7556	1021
7557	1048
7558	1070
7559	1075
7560	1018
7561	1009
7562	996
7563	1054
7564	952
7565	991
7566	1022
7567	957
7568	925
7569	914
7570	976
7571	948
7572	1009
7573	994
7574	926
7575	930
7576	980
7577	930
7578	921
7579	923
7580	899
7581	904
7582	866
7583	929
7584	928
7585	898
7586	903
7587	873
7588	877
7589	859
7590	887
7591	802
7592	868
7593	866
7594	859
7595	820
7596	836
7597	878
7598	832
7599	771
7600	864
7601	838
7602	794
7603	808
7604	791
7605	826
7606	794
7607	794
7608	774
7609	827
7610	776
7611	808
7612	748
7613	759
7614	753
7615	758
7616	776
7617	775
7618	735
7619	710
7620	773
7621	731
7622	750
7623	718
7624	735
7625	750
7626	702
7627	715
7628	724
7629	680
7630	701
7631	636
7632	729
7633	716
7634	666
7635	677
7636	611
7637	654
7638	670
7639	643
7640	654
7641	668
7642	627
7643	645
7644	641
7645	654
7646	601
7647	616
7648	601
7649	601
7650	559
7651	631
7652	622
7653	602
7654	603
7655	575
7656	565
7657	603
7658	565
7659	559
7660	552
7661	537
7662	566
7663	562
7664	552
7665	569
7666	559
7667	581
7668	516
7669	561
7670	527
7671	530
7672	549
7673	538
7674	507
7675	504
7676	451
7677	495
7678	477
7679	497
7680	487
7681	497
7682	505
7683	485
7684	479
7685	475
7686	453
7687	471
7688	488
7689	485
7690	470
7691	478
7692	471
7693	418
7694	487
7695	443
7696	469
7697	484
7698	438
7699	483
7700	432
7701	447
7702	385
7703	419
7704	429
7705	407
7706	418
7707	417
7708	396
7709	393
7710	383
7711	434
7712	378
7713	402
7714	433
7715	402
7716	379
7717	392
7718	390
7719	383
7720	381
7721	377
7722	382
7723	372
7724	367
7725	367
7726	338
7727	371
7728	397
7729	369
7730	331
7731	379
7732	329
7733	358
7734	337
7735	353
7736	339
7737	336
7738	337
7739	330
7740	356
7741	313
7742	324
7743	311
7744	325
7745	288
7746	306
7747	316
7748	295
7749	311
7750	280
7751	327
7752	324
7753	289
7754	289
7755	289
7756	299
7757	266
7758	280
7759	290
7760	283
7761	290
7762	284
7763	270
7764	309
7765	251
7766	265
7767	271
7768	293
7769	291
7770	266
7771	260
7772	287
7773	253
7774	228
7775	272
7776	268
7777	259
7778	261
7779	275
7780	266
7781	220
7782	265
7783	229
7784	244
7785	277
7786	235
7787	225
7788	239
7789	240
7790	256
7791	195
7792	228
7793	222
7794	239
7795	225
7796	212
7797	234
7798	215
7799	237
7800	207
7801	217
7802	231
7803	205
7804	184
7805	229
7806	214
7807	216
7808	196
7809	222
7810	207
7811	211
7812	214
7813	196
7814	192
7815	201
7816	203
7817	213
7818	206
7819	207
7820	205
7821	213
7822	188
7823	205
7824	189
7825	196
7826	201
7827	196
7828	189
7829	188
7830	183
7831	159
7832	220
7833	177
7834	192
7835	188
7836	167
7837	162
7838	179
7839	178
7840	175
7841	172
7842	178
7843	168
7844	153
7845	186
7846	149
7847	122
7848	147
7849	168
7850	151
7851	167
7852	145
7853	158
7854	149
7855	164
7856	164
7857	159
7858	168
7859	158
7860	142
7861	138
7862	164
7863	138
7864	153
7865	169
7866	144
7867	153
7868	135
7869	139
7870	138
7871	145
7872	145
7873	148
7874	141
7875	132
7876	140
7877	135
7878	133
7879	133
7880	147
7881	144
7882	130
7883	107
7884	146
7885	140
7886	147
7887	126
7888	139
7889	125
7890	129
7891	116
7892	137
7893	105
7894	109
7895	131
7896	92
7897	110
7898	134
7899	121
7900	120
7901	117
7902	117
7903	109
7904	117
7905	116
7906	132
7907	114
7908	122
7909	119
7910	118
7911	119
7912	116
7913	124
7914	111
7915	120
7916	114
7917	124
7918	116
7919	88
7920	111
7921	104
7922	111
7923	143
7924	108
7925	103
7926	108
7927	118
7928	95
7929	101
7930	111
7931	120
7932	120
7933	101
7934	106
7935	118
7936	92
7937	104
7938	120
7939	102
7940	104
7941	90
7942	103
7943	109
7944	113
7945	111
7946	104
7947	107
7948	115
7949	105
7950	92
7951	97
7952	107
7953	113
7954	98
7955	113
7956	92
7957	102
7958	104
7959	119
7960	107
7961	105
7962	125
7963	117
7964	90
7965	88
7966	86
7967	95
7968	97
7969	109
7970	109
7971	97
7972	87
7973	109
7974	111
7975	80
7976	99
7977	95
7978	91
7979	91
7980	97
7981	99
7982	93
7983	87
7984	95
7985	83
7986	90
7987	99
7988	102
7989	94
7990	87
7991	97
7992	87
7993	90
7994	70
7995	94
7996	101
7997	91
7998	87
7999	91
8000	99
8001	100
8002	88
8003	85
8004	97
8005	91
8006	92
8007	92
8008	85
8009	80
8010	91
8011	108
8012	99
8013	93
8014	98
8015	87
8016	96
8017	93
8018	92
8019	77
8020	89
8021	97
8022	90
8023	84
8024	73
8025	95
8026	63
8027	91
8028	85
8029	101
8030	96
8031	96
8032	75
8033	90
8034	89
8035	97
8036	89
8037	97
8038	87
8039	81
8040	89
8041	79
8042	78
8043	94
8044	84
8045	83
8046	85
8047	95
8048	89
8049	92
8050	101
8051	90
8052	73
8053	71
8054	88
8055	89
8056	85
8057	97
8058	83
8059	79
8060	88
8061	97
8062	73
8063	93
8064	77
8065	86
8066	88
8067	79
8068	83
8069	87
8070	87
8071	76
8072	83
8073	83
8074	75
8075	90
8076	89
8077	78
8078	74
8079	90
8080	83
8081	88
8082	87
8083	67
8084	79
8085	87
8086	69
8087	63
8088	80
8089	79
8090	77
8091	78
8092	89
8093	83
8094	84
8095	87
8096	43
8097	22
8098	16
8099	23
8100	26
8101	11
8102	12
8103	23
8104	13
8105	17
8106	10
8107	12
8108	13
8109	19
8110	12
8111	12
8112	16
8113	10
8114	9
8115	10
8116	9
8117	7
8118	10
8119	10
8120	5
8121	8
8122	5
8123	5
8124	4
8125	5
8126	5
8127	4
8128	2
8129	2
8130	4
8131	4
8132	1
8133	4
8134	2
8135	2
8136	0
8137	1
8138	6
8139	4
8140	0
8141	1
8142	4
8143	0
8144	1
8145	1
8146	1
8147	1
8148	4
8149	1
8150	0
8151	1
8152	1
8153	1
8154	1
8155	2
8156	0
8157	2
8158	3
8159	2
8160	2
8161	3
8162	1
8163	1
8164	3
8165	0
8166	1
8167	1
8168	1
8169	1
8170	0
8171	0
8172	1
8173	0
8174	0
8175	0
8176	0
8177	0
8178	0
8179	0
8180	0
8181	1
8182	0
8183	1
8184	0
8185	0
8186	0
8187	0
8188	0
8189	0
8190	0
8191	0
