0	0
1	0
2	0
3	0
4	0
5	0
6	0
7	0
8	0
9	0
10	0
11	0
12	0
13	0
14	0
15	0
16	0
17	0
18	0
19	0
20	0
21	0
22	0
23	0
24	0
25	0
26	0
27	0
28	0
29	0
30	0
31	0
32	0
33	0
34	0
35	0
36	0
37	0
38	0
39	0
40	0
41	0
42	0
43	0
44	0
45	0
46	0
47	0
48	0
49	0
50	0
51	0
52	1
53	2
54	0
55	0
56	2
57	0
58	2
59	4
60	3
61	0
62	2
63	0
64	2
65	4
66	0
67	2
68	1
69	1
70	3
71	0
72	0
73	0
74	2
75	1
76	2
77	1
78	1
79	1
80	0
81	1
82	1
83	0
84	0
85	0
86	0
87	0
88	1
89	1
90	0
91	0
92	0
93	1
94	0
95	0
96	0
97	0
98	1
99	1
100	1
101	0
102	0
103	0
104	0
105	1
106	1
107	0
108	0
109	0
110	0
111	0
112	0
113	0
114	0
115	1
116	1
117	0
118	0
119	0
120	0
121	0
122	0
123	2
124	1
125	1
126	0
127	0
128	2
129	0
130	0
131	0
132	2
133	0
134	0
135	1
136	0
137	0
138	1
139	1
140	0
141	0
142	0
143	0
144	0
145	1
146	1
147	0
148	0
149	1
150	0
151	1
152	1
153	0
154	0
155	1
156	0
157	1
158	0
159	0
160	0
161	0
162	0
163	0
164	0
165	1
166	1
167	1
168	0
169	0
170	0
171	0
172	0
173	0
174	0
175	0
176	0
177	0
178	0
179	0
180	0
181	1
182	0
183	0
184	0
185	0
186	0
187	0
188	0
189	0
190	0
191	0
192	0
193	0
194	0
195	1
196	0
197	0
198	1
199	0
200	0
201	0
202	0
203	1
204	0
205	0
206	0
207	1
208	0
209	0
210	0
211	0
212	0
213	0
214	0
215	0
216	0
217	2
218	0
219	0
220	1
221	1
222	0
223	0
224	0
225	1
226	0
227	0
228	0
229	0
230	0
231	0
232	0
233	0
234	0
235	0
236	0
237	0
238	0
239	0
240	0
241	0
242	0
243	0
244	1
245	0
246	0
247	0
248	0
249	0
250	1
251	0
252	0
253	0
254	0
255	0
256	0
257	0
258	0
259	0
260	0
261	0
262	0
263	2
264	1
265	0
266	0
267	0
268	0
269	0
270	0
271	0
272	0
273	0
274	0
275	0
276	0
277	0
278	1
279	0
280	0
281	0
282	0
283	0
284	0
285	0
286	1
287	0
288	1
289	0
290	1
291	2
292	0
293	1
294	0
295	0
296	0
297	0
298	0
299	0
300	0
301	0
302	0
303	0
304	1
305	1
306	1
307	0
308	2
309	0
310	1
311	0
312	0
313	0
314	0
315	0
316	0
317	0
318	0
319	0
320	0
321	0
322	1
323	0
324	0
325	1
326	0
327	0
328	0
329	0
330	1
331	1
332	0
333	1
334	0
335	0
336	0
337	0
338	0
339	0
340	0
341	0
342	0
343	0
344	0
345	0
346	0
347	0
348	0
349	0
350	0
351	0
352	0
353	0
354	0
355	0
356	0
357	1
358	0
359	0
360	0
361	0
362	0
363	1
364	0
365	1
366	1
367	0
368	0
369	1
370	0
371	0
372	0
373	0
374	0
375	0
376	0
377	0
378	0
379	1
380	0
381	1
382	1
383	0
384	1
385	0
386	0
387	0
388	0
389	0
390	0
391	1
392	0
393	0
394	1
395	0
396	0
397	0
398	1
399	1
400	0
401	1
402	1
403	0
404	0
405	0
406	0
407	0
408	1
409	0
410	1
411	1
412	0
413	0
414	0
415	0
416	1
417	0
418	0
419	0
420	0
421	0
422	0
423	0
424	1
425	0
426	1
427	2
428	1
429	0
430	0
431	0
432	0
433	1
434	1
435	1
436	0
437	0
438	0
439	0
440	2
441	0
442	0
443	1
444	0
445	0
446	0
447	0
448	0
449	0
450	0
451	1
452	0
453	0
454	0
455	0
456	0
457	0
458	0
459	0
460	1
461	0
462	0
463	0
464	0
465	0
466	0
467	0
468	0
469	0
470	1
471	1
472	0
473	1
474	0
475	1
476	1
477	0
478	1
479	0
480	0
481	0
482	0
483	0
484	1
485	0
486	0
487	0
488	0
489	0
490	0
491	1
492	0
493	1
494	0
495	1
496	0
497	0
498	1
499	1
500	1
501	0
502	0
503	1
504	0
505	0
506	0
507	1
508	1
509	0
510	0
511	1
512	0
513	0
514	0
515	0
516	0
517	0
518	0
519	2
520	3
521	0
522	0
523	0
524	0
525	0
526	0
527	1
528	1
529	0
530	0
531	1
532	0
533	0
534	1
535	0
536	1
537	0
538	0
539	0
540	0
541	0
542	0
543	0
544	0
545	1
546	1
547	0
548	0
549	0
550	1
551	1
552	0
553	0
554	2
555	1
556	0
557	0
558	0
559	0
560	0
561	1
562	0
563	0
564	0
565	0
566	1
567	0
568	0
569	0
570	1
571	0
572	0
573	1
574	0
575	0
576	0
577	0
578	0
579	0
580	0
581	0
582	0
583	0
584	1
585	0
586	0
587	0
588	0
589	0
590	0
591	0
592	0
593	0
594	0
595	0
596	1
597	0
598	0
599	0
600	0
601	0
602	0
603	0
604	0
605	0
606	0
607	0
608	0
609	2
610	0
611	0
612	0
613	0
614	0
615	0
616	0
617	0
618	0
619	0
620	0
621	0
622	0
623	0
624	0
625	0
626	0
627	1
628	0
629	0
630	0
631	1
632	1
633	0
634	0
635	0
636	0
637	0
638	1
639	0
640	0
641	0
642	0
643	1
644	0
645	0
646	0
647	1
648	1
649	0
650	0
651	0
652	0
653	0
654	0
655	0
656	0
657	0
658	0
659	0
660	0
661	0
662	0
663	0
664	0
665	0
666	0
667	0
668	0
669	0
670	0
671	0
672	0
673	0
674	0
675	0
676	0
677	0
678	0
679	0
680	2
681	1
682	0
683	0
684	0
685	0
686	0
687	1
688	1
689	0
690	0
691	0
692	1
693	1
694	1
695	0
696	0
697	0
698	0
699	1
700	0
701	1
702	0
703	0
704	0
705	1
706	0
707	1
708	0
709	0
710	0
711	0
712	1
713	0
714	0
715	0
716	0
717	0
718	0
719	0
720	0
721	0
722	0
723	0
724	0
725	0
726	0
727	0
728	1
729	0
730	0
731	0
732	0
733	0
734	1
735	0
736	0
737	0
738	0
739	0
740	1
741	0
742	0
743	0
744	0
745	0
746	0
747	1
748	2
749	0
750	1
751	0
752	0
753	0
754	0
755	0
756	0
757	0
758	0
759	1
760	1
761	0
762	0
763	0
764	0
765	0
766	1
767	0
768	0
769	0
770	0
771	1
772	0
773	0
774	0
775	0
776	0
777	1
778	0
779	0
780	1
781	0
782	1
783	0
784	0
785	0
786	1
787	0
788	0
789	0
790	0
791	0
792	0
793	0
794	0
795	0
796	0
797	0
798	0
799	0
800	1
801	0
802	0
803	0
804	0
805	0
806	0
807	1
808	1
809	0
810	0
811	0
812	0
813	0
814	0
815	0
816	0
817	1
818	0
819	0
820	0
821	0
822	0
823	0
824	0
825	0
826	0
827	0
828	0
829	0
830	0
831	0
832	1
833	1
834	0
835	0
836	0
837	0
838	0
839	1
840	0
841	0
842	0
843	1
844	1
845	0
846	0
847	0
848	1
849	0
850	0
851	0
852	0
853	0
854	0
855	0
856	0
857	0
858	0
859	1
860	2
861	0
862	0
863	0
864	0
865	0
866	0
867	0
868	0
869	1
870	0
871	0
872	1
873	0
874	0
875	1
876	0
877	0
878	0
879	0
880	1
881	1
882	0
883	0
884	0
885	0
886	0
887	0
888	0
889	0
890	0
891	0
892	0
893	0
894	0
895	1
896	0
897	0
898	1
899	0
900	1
901	0
902	0
903	0
904	0
905	1
906	1
907	1
908	0
909	1
910	0
911	1
912	0
913	0
914	0
915	1
916	0
917	0
918	0
919	0
920	0
921	0
922	0
923	0
924	0
925	0
926	1
927	0
928	0
929	0
930	0
931	1
932	0
933	0
934	0
935	0
936	0
937	0
938	0
939	0
940	1
941	0
942	0
943	0
944	0
945	0
946	1
947	0
948	0
949	0
950	0
951	0
952	0
953	0
954	1
955	0
956	0
957	0
958	0
959	0
960	0
961	0
962	1
963	0
964	0
965	1
966	1
967	0
968	0
969	0
970	0
971	0
972	0
973	0
974	0
975	0
976	0
977	1
978	0
979	0
980	1
981	0
982	0
983	1
984	0
985	1
986	0
987	2
988	0
989	0
990	0
991	0
992	0
993	1
994	0
995	0
996	0
997	1
998	0
999	0
1000	0
1001	0
1002	2
1003	0
1004	1
1005	0
1006	0
1007	0
1008	0
1009	0
1010	1
1011	1
1012	0
1013	0
1014	1
1015	0
1016	0
1017	0
1018	0
1019	0
1020	0
1021	0
1022	0
1023	0
1024	0
1025	0
1026	0
1027	0
1028	0
1029	1
1030	0
1031	0
1032	1
1033	0
1034	1
1035	1
1036	0
1037	2
1038	0
1039	0
1040	0
1041	0
1042	0
1043	0
1044	0
1045	0
1046	0
1047	0
1048	0
1049	1
1050	0
1051	1
1052	0
1053	0
1054	0
1055	0
1056	0
1057	0
1058	0
1059	0
1060	0
1061	0
1062	0
1063	1
1064	1
1065	0
1066	3
1067	1
1068	0
1069	0
1070	0
1071	0
1072	1
1073	0
1074	1
1075	1
1076	0
1077	0
1078	0
1079	0
1080	0
1081	0
1082	1
1083	1
1084	0
1085	0
1086	0
1087	1
1088	0
1089	2
1090	0
1091	0
1092	0
1093	1
1094	0
1095	0
1096	0
1097	0
1098	0
1099	1
1100	0
1101	0
1102	0
1103	0
1104	0
1105	0
1106	0
1107	0
1108	0
1109	0
1110	0
1111	0
1112	0
1113	1
1114	1
1115	0
1116	0
1117	0
1118	0
1119	1
1120	0
1121	0
1122	0
1123	0
1124	1
1125	2
1126	0
1127	1
1128	0
1129	0
1130	1
1131	0
1132	0
1133	0
1134	1
1135	1
1136	0
1137	0
1138	1
1139	0
1140	0
1141	0
1142	0
1143	0
1144	0
1145	0
1146	0
1147	0
1148	0
1149	0
1150	0
1151	0
1152	1
1153	0
1154	0
1155	0
1156	0
1157	0
1158	0
1159	0
1160	0
1161	0
1162	0
1163	2
1164	0
1165	1
1166	1
1167	0
1168	0
1169	0
1170	1
1171	1
1172	0
1173	2
1174	1
1175	0
1176	1
1177	0
1178	0
1179	1
1180	1
1181	0
1182	0
1183	0
1184	0
1185	0
1186	0
1187	0
1188	0
1189	0
1190	0
1191	1
1192	0
1193	0
1194	0
1195	0
1196	0
1197	2
1198	1
1199	0
1200	0
1201	1
1202	0
1203	1
1204	0
1205	1
1206	2
1207	0
1208	0
1209	1
1210	0
1211	0
1212	0
1213	0
1214	0
1215	0
1216	0
1217	0
1218	0
1219	1
1220	0
1221	0
1222	1
1223	0
1224	1
1225	0
1226	0
1227	0
1228	0
1229	0
1230	0
1231	0
1232	0
1233	2
1234	0
1235	0
1236	0
1237	0
1238	0
1239	1
1240	0
1241	1
1242	1
1243	1
1244	0
1245	0
1246	0
1247	0
1248	1
1249	0
1250	1
1251	1
1252	0
1253	0
1254	0
1255	1
1256	0
1257	0
1258	1
1259	0
1260	1
1261	0
1262	0
1263	0
1264	0
1265	1
1266	0
1267	0
1268	0
1269	0
1270	0
1271	1
1272	0
1273	0
1274	4
1275	0
1276	0
1277	0
1278	0
1279	1
1280	0
1281	2
1282	0
1283	1
1284	0
1285	0
1286	1
1287	0
1288	0
1289	0
1290	0
1291	0
1292	0
1293	0
1294	0
1295	0
1296	0
1297	0
1298	0
1299	0
1300	0
1301	0
1302	0
1303	0
1304	0
1305	0
1306	0
1307	0
1308	0
1309	0
1310	1
1311	0
1312	0
1313	0
1314	0
1315	0
1316	1
1317	0
1318	0
1319	0
1320	0
1321	0
1322	0
1323	0
1324	0
1325	0
1326	0
1327	0
1328	0
1329	0
1330	1
1331	0
1332	0
1333	0
1334	0
1335	0
1336	0
1337	1
1338	0
1339	0
1340	0
1341	0
1342	1
1343	0
1344	1
1345	0
1346	0
1347	0
1348	0
1349	1
1350	0
1351	0
1352	1
1353	1
1354	0
1355	0
1356	2
1357	0
1358	2
1359	0
1360	0
1361	0
1362	1
1363	0
1364	0
1365	0
1366	0
1367	0
1368	0
1369	0
1370	0
1371	1
1372	1
1373	0
1374	0
1375	2
1376	0
1377	0
1378	1
1379	0
1380	0
1381	0
1382	0
1383	0
1384	0
1385	0
1386	0
1387	1
1388	0
1389	0
1390	1
1391	0
1392	0
1393	0
1394	0
1395	0
1396	1
1397	0
1398	1
1399	0
1400	0
1401	0
1402	2
1403	0
1404	0
1405	0
1406	0
1407	0
1408	1
1409	0
1410	2
1411	0
1412	0
1413	0
1414	1
1415	1
1416	0
1417	0
1418	0
1419	0
1420	0
1421	0
1422	0
1423	0
1424	0
1425	1
1426	1
1427	0
1428	0
1429	0
1430	0
1431	0
1432	0
1433	0
1434	0
1435	0
1436	0
1437	0
1438	2
1439	1
1440	0
1441	1
1442	1
1443	1
1444	0
1445	2
1446	1
1447	0
1448	1
1449	0
1450	1
1451	1
1452	1
1453	0
1454	0
1455	0
1456	0
1457	0
1458	0
1459	0
1460	1
1461	2
1462	0
1463	0
1464	0
1465	0
1466	0
1467	0
1468	0
1469	0
1470	0
1471	0
1472	0
1473	0
1474	0
1475	1
1476	1
1477	1
1478	0
1479	0
1480	0
1481	0
1482	0
1483	2
1484	0
1485	0
1486	1
1487	0
1488	3
1489	0
1490	1
1491	1
1492	0
1493	0
1494	2
1495	0
1496	0
1497	1
1498	0
1499	0
1500	0
1501	0
1502	1
1503	0
1504	0
1505	0
1506	0
1507	1
1508	0
1509	0
1510	0
1511	0
1512	2
1513	0
1514	1
1515	1
1516	0
1517	0
1518	0
1519	1
1520	0
1521	0
1522	1
1523	0
1524	1
1525	0
1526	1
1527	0
1528	0
1529	1
1530	0
1531	1
1532	0
1533	0
1534	0
1535	0
1536	0
1537	0
1538	1
1539	1
1540	1
1541	0
1542	0
1543	0
1544	0
1545	1
1546	0
1547	0
1548	0
1549	1
1550	1
1551	1
1552	0
1553	2
1554	0
1555	1
1556	1
1557	2
1558	1
1559	4
1560	0
1561	2
1562	0
1563	0
1564	0
1565	0
1566	1
1567	0
1568	0
1569	0
1570	1
1571	0
1572	0
1573	0
1574	0
1575	0
1576	2
1577	0
1578	0
1579	0
1580	0
1581	0
1582	1
1583	0
1584	0
1585	0
1586	0
1587	0
1588	0
1589	1
1590	0
1591	1
1592	0
1593	0
1594	0
1595	0
1596	0
1597	2
1598	0
1599	1
1600	1
1601	2
1602	0
1603	0
1604	1
1605	1
1606	0
1607	0
1608	0
1609	1
1610	0
1611	0
1612	0
1613	0
1614	1
1615	1
1616	1
1617	0
1618	1
1619	0
1620	1
1621	0
1622	1
1623	1
1624	0
1625	0
1626	1
1627	0
1628	0
1629	0
1630	0
1631	0
1632	0
1633	0
1634	0
1635	2
1636	0
1637	1
1638	1
1639	0
1640	1
1641	0
1642	0
1643	0
1644	1
1645	0
1646	0
1647	0
1648	0
1649	0
1650	0
1651	1
1652	0
1653	0
1654	1
1655	1
1656	1
1657	0
1658	0
1659	0
1660	0
1661	0
1662	3
1663	2
1664	1
1665	1
1666	0
1667	0
1668	0
1669	1
1670	0
1671	0
1672	0
1673	0
1674	1
1675	1
1676	2
1677	0
1678	0
1679	1
1680	0
1681	0
1682	0
1683	1
1684	1
1685	0
1686	0
1687	0
1688	2
1689	2
1690	0
1691	0
1692	2
1693	1
1694	0
1695	0
1696	0
1697	0
1698	0
1699	2
1700	0
1701	1
1702	0
1703	0
1704	1
1705	1
1706	2
1707	0
1708	0
1709	0
1710	1
1711	0
1712	0
1713	2
1714	0
1715	1
1716	0
1717	0
1718	0
1719	0
1720	0
1721	2
1722	1
1723	0
1724	0
1725	1
1726	0
1727	3
1728	1
1729	0
1730	0
1731	1
1732	0
1733	0
1734	0
1735	0
1736	0
1737	0
1738	0
1739	0
1740	0
1741	0
1742	0
1743	0
1744	0
1745	0
1746	0
1747	0
1748	2
1749	0
1750	0
1751	1
1752	1
1753	0
1754	0
1755	2
1756	1
1757	0
1758	0
1759	0
1760	0
1761	0
1762	1
1763	1
1764	0
1765	0
1766	0
1767	0
1768	0
1769	0
1770	1
1771	1
1772	0
1773	0
1774	1
1775	0
1776	0
1777	0
1778	1
1779	0
1780	0
1781	1
1782	0
1783	0
1784	0
1785	0
1786	1
1787	1
1788	0
1789	1
1790	0
1791	0
1792	0
1793	1
1794	0
1795	1
1796	1
1797	1
1798	1
1799	1
1800	2
1801	1
1802	0
1803	0
1804	1
1805	0
1806	0
1807	1
1808	0
1809	1
1810	0
1811	1
1812	0
1813	0
1814	1
1815	0
1816	2
1817	1
1818	1
1819	0
1820	0
1821	0
1822	0
1823	0
1824	1
1825	0
1826	1
1827	0
1828	0
1829	0
1830	0
1831	0
1832	0
1833	1
1834	2
1835	0
1836	0
1837	0
1838	0
1839	0
1840	2
1841	0
1842	1
1843	0
1844	1
1845	1
1846	2
1847	0
1848	1
1849	0
1850	0
1851	1
1852	0
1853	1
1854	0
1855	0
1856	0
1857	0
1858	0
1859	1
1860	0
1861	0
1862	1
1863	0
1864	0
1865	2
1866	0
1867	2
1868	2
1869	1
1870	1
1871	0
1872	0
1873	1
1874	1
1875	3
1876	2
1877	0
1878	1
1879	1
1880	1
1881	0
1882	1
1883	0
1884	1
1885	0
1886	1
1887	2
1888	1
1889	1
1890	0
1891	1
1892	1
1893	1
1894	0
1895	1
1896	0
1897	0
1898	0
1899	0
1900	1
1901	0
1902	0
1903	0
1904	0
1905	0
1906	0
1907	0
1908	0
1909	0
1910	0
1911	0
1912	1
1913	1
1914	1
1915	2
1916	0
1917	0
1918	1
1919	1
1920	0
1921	0
1922	0
1923	0
1924	0
1925	0
1926	0
1927	2
1928	0
1929	2
1930	1
1931	1
1932	1
1933	0
1934	0
1935	0
1936	0
1937	0
1938	1
1939	0
1940	1
1941	0
1942	1
1943	0
1944	0
1945	0
1946	0
1947	0
1948	1
1949	0
1950	0
1951	1
1952	0
1953	1
1954	0
1955	0
1956	2
1957	1
1958	2
1959	0
1960	0
1961	1
1962	3
1963	0
1964	2
1965	0
1966	0
1967	0
1968	1
1969	0
1970	0
1971	0
1972	1
1973	0
1974	0
1975	1
1976	1
1977	2
1978	1
1979	0
1980	1
1981	0
1982	1
1983	0
1984	1
1985	0
1986	1
1987	1
1988	0
1989	0
1990	0
1991	0
1992	0
1993	0
1994	0
1995	1
1996	0
1997	0
1998	0
1999	0
2000	0
2001	0
2002	1
2003	0
2004	0
2005	0
2006	1
2007	1
2008	2
2009	0
2010	0
2011	0
2012	0
2013	1
2014	0
2015	0
2016	0
2017	0
2018	0
2019	1
2020	1
2021	1
2022	0
2023	0
2024	0
2025	1
2026	0
2027	1
2028	0
2029	0
2030	0
2031	0
2032	0
2033	0
2034	1
2035	1
2036	0
2037	0
2038	0
2039	3
2040	1
2041	0
2042	0
2043	0
2044	0
2045	2
2046	1
2047	0
2048	0
2049	1
2050	0
2051	1
2052	0
2053	0
2054	0
2055	0
2056	0
2057	1
2058	0
2059	1
2060	0
2061	1
2062	1
2063	0
2064	0
2065	1
2066	1
2067	0
2068	0
2069	0
2070	0
2071	1
2072	1
2073	1
2074	1
2075	0
2076	0
2077	1
2078	0
2079	0
2080	0
2081	0
2082	1
2083	1
2084	0
2085	2
2086	0
2087	0
2088	1
2089	0
2090	0
2091	0
2092	0
2093	2
2094	0
2095	2
2096	1
2097	4
2098	0
2099	0
2100	1
2101	0
2102	0
2103	0
2104	1
2105	0
2106	1
2107	2
2108	1
2109	0
2110	0
2111	0
2112	0
2113	0
2114	0
2115	1
2116	1
2117	0
2118	0
2119	0
2120	1
2121	1
2122	0
2123	2
2124	0
2125	2
2126	0
2127	2
2128	1
2129	2
2130	0
2131	2
2132	0
2133	0
2134	0
2135	1
2136	1
2137	0
2138	0
2139	0
2140	1
2141	0
2142	0
2143	0
2144	0
2145	0
2146	1
2147	1
2148	1
2149	0
2150	1
2151	1
2152	0
2153	2
2154	0
2155	1
2156	0
2157	0
2158	0
2159	0
2160	0
2161	0
2162	1
2163	0
2164	0
2165	2
2166	0
2167	2
2168	0
2169	0
2170	1
2171	0
2172	0
2173	0
2174	0
2175	2
2176	1
2177	2
2178	1
2179	1
2180	0
2181	0
2182	0
2183	1
2184	1
2185	0
2186	3
2187	0
2188	0
2189	1
2190	0
2191	0
2192	1
2193	0
2194	1
2195	1
2196	1
2197	1
2198	0
2199	1
2200	0
2201	0
2202	0
2203	0
2204	0
2205	0
2206	1
2207	0
2208	1
2209	2
2210	2
2211	0
2212	0
2213	0
2214	0
2215	0
2216	0
2217	0
2218	0
2219	0
2220	1
2221	2
2222	1
2223	0
2224	0
2225	0
2226	0
2227	0
2228	1
2229	0
2230	0
2231	0
2232	0
2233	1
2234	2
2235	1
2236	2
2237	1
2238	0
2239	1
2240	1
2241	0
2242	1
2243	0
2244	0
2245	1
2246	2
2247	1
2248	3
2249	0
2250	0
2251	1
2252	0
2253	1
2254	1
2255	0
2256	3
2257	0
2258	0
2259	1
2260	1
2261	0
2262	0
2263	1
2264	2
2265	1
2266	0
2267	1
2268	0
2269	0
2270	0
2271	1
2272	2
2273	0
2274	0
2275	0
2276	1
2277	1
2278	0
2279	0
2280	0
2281	2
2282	0
2283	0
2284	0
2285	0
2286	0
2287	1
2288	2
2289	0
2290	0
2291	3
2292	1
2293	0
2294	0
2295	1
2296	2
2297	2
2298	1
2299	0
2300	1
2301	0
2302	1
2303	1
2304	0
2305	2
2306	2
2307	0
2308	1
2309	1
2310	0
2311	1
2312	0
2313	1
2314	0
2315	1
2316	1
2317	0
2318	0
2319	1
2320	1
2321	0
2322	0
2323	1
2324	0
2325	0
2326	1
2327	2
2328	2
2329	0
2330	0
2331	0
2332	0
2333	1
2334	0
2335	1
2336	0
2337	0
2338	3
2339	1
2340	1
2341	0
2342	0
2343	1
2344	0
2345	0
2346	2
2347	0
2348	1
2349	0
2350	0
2351	1
2352	1
2353	1
2354	2
2355	0
2356	0
2357	1
2358	0
2359	1
2360	0
2361	0
2362	0
2363	1
2364	0
2365	0
2366	0
2367	0
2368	0
2369	2
2370	1
2371	1
2372	0
2373	0
2374	1
2375	1
2376	0
2377	0
2378	1
2379	2
2380	1
2381	2
2382	3
2383	0
2384	1
2385	0
2386	1
2387	2
2388	1
2389	0
2390	1
2391	1
2392	0
2393	0
2394	0
2395	0
2396	0
2397	2
2398	0
2399	0
2400	2
2401	0
2402	0
2403	0
2404	1
2405	1
2406	0
2407	0
2408	1
2409	1
2410	2
2411	0
2412	0
2413	1
2414	1
2415	1
2416	2
2417	1
2418	0
2419	0
2420	1
2421	0
2422	0
2423	0
2424	2
2425	0
2426	2
2427	0
2428	0
2429	4
2430	1
2431	1
2432	0
2433	2
2434	2
2435	1
2436	2
2437	1
2438	0
2439	0
2440	1
2441	0
2442	1
2443	0
2444	0
2445	1
2446	1
2447	1
2448	1
2449	1
2450	1
2451	2
2452	0
2453	0
2454	0
2455	0
2456	1
2457	0
2458	2
2459	1
2460	0
2461	0
2462	3
2463	0
2464	1
2465	0
2466	0
2467	1
2468	2
2469	0
2470	2
2471	0
2472	1
2473	0
2474	1
2475	0
2476	0
2477	0
2478	0
2479	0
2480	2
2481	0
2482	0
2483	1
2484	0
2485	0
2486	0
2487	1
2488	0
2489	0
2490	0
2491	2
2492	0
2493	1
2494	0
2495	1
2496	0
2497	1
2498	2
2499	1
2500	0
2501	2
2502	2
2503	1
2504	1
2505	3
2506	0
2507	1
2508	2
2509	3
2510	1
2511	1
2512	1
2513	0
2514	1
2515	1
2516	2
2517	1
2518	1
2519	0
2520	0
2521	1
2522	1
2523	1
2524	1
2525	1
2526	2
2527	1
2528	1
2529	1
2530	1
2531	2
2532	0
2533	0
2534	1
2535	1
2536	0
2537	0
2538	1
2539	0
2540	0
2541	1
2542	0
2543	1
2544	0
2545	0
2546	1
2547	1
2548	0
2549	0
2550	1
2551	1
2552	0
2553	0
2554	3
2555	2
2556	3
2557	0
2558	1
2559	1
2560	1
2561	2
2562	3
2563	1
2564	1
2565	0
2566	1
2567	1
2568	0
2569	0
2570	0
2571	0
2572	1
2573	0
2574	0
2575	0
2576	2
2577	1
2578	1
2579	0
2580	2
2581	0
2582	1
2583	2
2584	0
2585	1
2586	1
2587	1
2588	1
2589	1
2590	3
2591	1
2592	2
2593	1
2594	2
2595	2
2596	3
2597	0
2598	0
2599	0
2600	2
2601	0
2602	0
2603	0
2604	0
2605	2
2606	0
2607	1
2608	0
2609	3
2610	0
2611	0
2612	0
2613	0
2614	0
2615	1
2616	0
2617	1
2618	2
2619	2
2620	0
2621	0
2622	2
2623	1
2624	1
2625	0
2626	3
2627	2
2628	1
2629	1
2630	0
2631	0
2632	2
2633	1
2634	1
2635	0
2636	2
2637	2
2638	2
2639	0
2640	0
2641	0
2642	2
2643	0
2644	0
2645	1
2646	1
2647	1
2648	1
2649	0
2650	2
2651	1
2652	0
2653	0
2654	1
2655	1
2656	0
2657	0
2658	2
2659	0
2660	1
2661	1
2662	0
2663	1
2664	1
2665	0
2666	4
2667	1
2668	1
2669	0
2670	0
2671	0
2672	1
2673	1
2674	0
2675	0
2676	3
2677	0
2678	0
2679	0
2680	0
2681	4
2682	1
2683	2
2684	1
2685	0
2686	2
2687	1
2688	1
2689	0
2690	0
2691	1
2692	1
2693	1
2694	0
2695	0
2696	1
2697	2
2698	0
2699	2
2700	3
2701	0
2702	0
2703	0
2704	2
2705	1
2706	0
2707	0
2708	0
2709	2
2710	1
2711	0
2712	2
2713	0
2714	0
2715	0
2716	4
2717	1
2718	0
2719	1
2720	1
2721	2
2722	0
2723	1
2724	1
2725	1
2726	0
2727	1
2728	1
2729	2
2730	3
2731	0
2732	0
2733	0
2734	3
2735	0
2736	0
2737	0
2738	1
2739	0
2740	2
2741	1
2742	1
2743	2
2744	2
2745	0
2746	1
2747	0
2748	0
2749	0
2750	1
2751	0
2752	1
2753	2
2754	1
2755	3
2756	1
2757	0
2758	1
2759	0
2760	1
2761	2
2762	2
2763	1
2764	1
2765	1
2766	2
2767	1
2768	0
2769	0
2770	0
2771	1
2772	3
2773	1
2774	1
2775	0
2776	1
2777	0
2778	3
2779	1
2780	2
2781	2
2782	0
2783	0
2784	0
2785	2
2786	0
2787	0
2788	2
2789	1
2790	4
2791	1
2792	3
2793	0
2794	0
2795	2
2796	0
2797	0
2798	2
2799	1
2800	1
2801	1
2802	0
2803	2
2804	1
2805	0
2806	2
2807	1
2808	5
2809	2
2810	0
2811	2
2812	0
2813	0
2814	0
2815	0
2816	0
2817	0
2818	2
2819	1
2820	2
2821	1
2822	1
2823	2
2824	0
2825	1
2826	2
2827	0
2828	1
2829	0
2830	2
2831	2
2832	0
2833	1
2834	2
2835	1
2836	0
2837	0
2838	1
2839	1
2840	2
2841	1
2842	2
2843	0
2844	1
2845	0
2846	1
2847	1
2848	1
2849	0
2850	1
2851	1
2852	1
2853	2
2854	0
2855	0
2856	1
2857	1
2858	1
2859	2
2860	0
2861	2
2862	0
2863	2
2864	0
2865	0
2866	1
2867	0
2868	0
2869	2
2870	0
2871	0
2872	0
2873	2
2874	0
2875	0
2876	0
2877	0
2878	0
2879	1
2880	2
2881	1
2882	1
2883	0
2884	0
2885	1
2886	0
2887	0
2888	1
2889	1
2890	2
2891	3
2892	1
2893	2
2894	1
2895	3
2896	1
2897	2
2898	1
2899	2
2900	0
2901	0
2902	2
2903	1
2904	0
2905	1
2906	1
2907	1
2908	0
2909	1
2910	0
2911	1
2912	0
2913	0
2914	1
2915	2
2916	0
2917	1
2918	2
2919	1
2920	1
2921	0
2922	0
2923	1
2924	0
2925	0
2926	0
2927	0
2928	1
2929	0
2930	0
2931	1
2932	1
2933	2
2934	0
2935	1
2936	0
2937	1
2938	1
2939	2
2940	0
2941	0
2942	3
2943	3
2944	0
2945	2
2946	2
2947	1
2948	1
2949	0
2950	1
2951	2
2952	1
2953	0
2954	0
2955	0
2956	0
2957	1
2958	0
2959	0
2960	1
2961	0
2962	1
2963	0
2964	0
2965	0
2966	2
2967	2
2968	1
2969	1
2970	2
2971	0
2972	0
2973	0
2974	0
2975	2
2976	1
2977	2
2978	0
2979	1
2980	1
2981	0
2982	0
2983	0
2984	3
2985	1
2986	1
2987	1
2988	0
2989	0
2990	1
2991	0
2992	1
2993	3
2994	0
2995	1
2996	1
2997	1
2998	1
2999	1
3000	2
3001	0
3002	2
3003	0
3004	1
3005	1
3006	1
3007	3
3008	1
3009	1
3010	0
3011	1
3012	0
3013	0
3014	0
3015	0
3016	2
3017	0
3018	0
3019	0
3020	1
3021	2
3022	1
3023	2
3024	1
3025	0
3026	2
3027	1
3028	0
3029	2
3030	0
3031	2
3032	0
3033	0
3034	0
3035	1
3036	3
3037	0
3038	1
3039	2
3040	1
3041	5
3042	1
3043	0
3044	1
3045	2
3046	1
3047	0
3048	2
3049	1
3050	1
3051	1
3052	1
3053	2
3054	1
3055	2
3056	0
3057	1
3058	1
3059	0
3060	1
3061	0
3062	1
3063	1
3064	2
3065	0
3066	1
3067	1
3068	0
3069	3
3070	0
3071	0
3072	0
3073	0
3074	2
3075	0
3076	0
3077	1
3078	1
3079	3
3080	0
3081	0
3082	0
3083	1
3084	2
3085	0
3086	0
3087	0
3088	0
3089	0
3090	0
3091	1
3092	0
3093	1
3094	1
3095	0
3096	1
3097	2
3098	3
3099	1
3100	0
3101	0
3102	1
3103	2
3104	1
3105	1
3106	1
3107	0
3108	3
3109	1
3110	0
3111	1
3112	0
3113	0
3114	1
3115	6
3116	1
3117	1
3118	0
3119	2
3120	1
3121	0
3122	2
3123	1
3124	3
3125	0
3126	0
3127	0
3128	1
3129	0
3130	0
3131	2
3132	0
3133	1
3134	1
3135	1
3136	1
3137	0
3138	0
3139	0
3140	1
3141	0
3142	2
3143	0
3144	0
3145	0
3146	0
3147	0
3148	1
3149	3
3150	0
3151	1
3152	0
3153	1
3154	1
3155	0
3156	2
3157	1
3158	3
3159	1
3160	1
3161	0
3162	0
3163	1
3164	1
3165	1
3166	1
3167	1
3168	1
3169	2
3170	0
3171	3
3172	0
3173	3
3174	1
3175	1
3176	1
3177	0
3178	1
3179	2
3180	0
3181	0
3182	1
3183	0
3184	0
3185	0
3186	3
3187	0
3188	1
3189	1
3190	0
3191	2
3192	2
3193	0
3194	1
3195	2
3196	1
3197	1
3198	0
3199	2
3200	1
3201	0
3202	0
3203	0
3204	2
3205	1
3206	0
3207	0
3208	0
3209	0
3210	2
3211	0
3212	2
3213	2
3214	1
3215	2
3216	0
3217	1
3218	0
3219	1
3220	1
3221	2
3222	2
3223	1
3224	2
3225	2
3226	1
3227	1
3228	1
3229	0
3230	1
3231	1
3232	2
3233	2
3234	1
3235	0
3236	0
3237	0
3238	1
3239	0
3240	0
3241	0
3242	0
3243	1
3244	1
3245	0
3246	1
3247	1
3248	3
3249	1
3250	1
3251	0
3252	1
3253	1
3254	1
3255	0
3256	0
3257	0
3258	1
3259	1
3260	0
3261	0
3262	1
3263	1
3264	1
3265	0
3266	3
3267	0
3268	1
3269	1
3270	0
3271	1
3272	1
3273	1
3274	1
3275	1
3276	0
3277	1
3278	0
3279	3
3280	1
3281	0
3282	0
3283	1
3284	2
3285	1
3286	2
3287	1
3288	0
3289	1
3290	0
3291	2
3292	3
3293	1
3294	0
3295	0
3296	1
3297	0
3298	1
3299	1
3300	0
3301	0
3302	1
3303	1
3304	3
3305	1
3306	0
3307	0
3308	4
3309	2
3310	1
3311	1
3312	3
3313	0
3314	1
3315	1
3316	0
3317	0
3318	0
3319	1
3320	2
3321	1
3322	2
3323	1
3324	0
3325	1
3326	1
3327	0
3328	0
3329	1
3330	1
3331	0
3332	2
3333	2
3334	1
3335	0
3336	2
3337	0
3338	0
3339	2
3340	2
3341	0
3342	1
3343	1
3344	3
3345	1
3346	1
3347	0
3348	0
3349	1
3350	1
3351	1
3352	0
3353	1
3354	1
3355	1
3356	1
3357	0
3358	0
3359	3
3360	1
3361	1
3362	1
3363	2
3364	1
3365	1
3366	0
3367	0
3368	0
3369	1
3370	1
3371	1
3372	2
3373	1
3374	1
3375	2
3376	1
3377	1
3378	0
3379	2
3380	1
3381	0
3382	1
3383	0
3384	1
3385	0
3386	1
3387	1
3388	1
3389	0
3390	0
3391	1
3392	2
3393	0
3394	0
3395	1
3396	1
3397	1
3398	1
3399	0
3400	0
3401	0
3402	0
3403	1
3404	0
3405	0
3406	1
3407	0
3408	0
3409	1
3410	1
3411	0
3412	0
3413	0
3414	2
3415	1
3416	0
3417	0
3418	0
3419	0
3420	0
3421	0
3422	0
3423	1
3424	1
3425	3
3426	0
3427	2
3428	0
3429	1
3430	0
3431	0
3432	1
3433	1
3434	1
3435	2
3436	1
3437	2
3438	0
3439	0
3440	3
3441	1
3442	2
3443	0
3444	0
3445	1
3446	2
3447	1
3448	0
3449	3
3450	0
3451	0
3452	0
3453	0
3454	1
3455	0
3456	1
3457	2
3458	0
3459	2
3460	1
3461	1
3462	1
3463	1
3464	3
3465	0
3466	0
3467	1
3468	1
3469	0
3470	0
3471	1
3472	0
3473	1
3474	2
3475	0
3476	0
3477	0
3478	0
3479	1
3480	0
3481	0
3482	1
3483	1
3484	1
3485	1
3486	1
3487	0
3488	1
3489	2
3490	0
3491	1
3492	1
3493	2
3494	1
3495	0
3496	0
3497	2
3498	2
3499	1
3500	2
3501	0
3502	1
3503	1
3504	1
3505	2
3506	2
3507	0
3508	1
3509	1
3510	1
3511	1
3512	0
3513	0
3514	1
3515	1
3516	0
3517	2
3518	0
3519	1
3520	1
3521	0
3522	0
3523	0
3524	0
3525	2
3526	1
3527	0
3528	0
3529	1
3530	1
3531	0
3532	0
3533	0
3534	1
3535	0
3536	0
3537	0
3538	0
3539	2
3540	0
3541	0
3542	2
3543	2
3544	1
3545	0
3546	1
3547	0
3548	0
3549	1
3550	1
3551	1
3552	2
3553	1
3554	1
3555	1
3556	4
3557	1
3558	1
3559	1
3560	0
3561	0
3562	1
3563	0
3564	1
3565	2
3566	0
3567	0
3568	0
3569	2
3570	1
3571	1
3572	0
3573	0
3574	1
3575	0
3576	1
3577	1
3578	1
3579	1
3580	0
3581	0
3582	1
3583	1
3584	2
3585	2
3586	0
3587	0
3588	1
3589	1
3590	1
3591	1
3592	0
3593	1
3594	0
3595	1
3596	0
3597	0
3598	1
3599	1
3600	2
3601	0
3602	1
3603	0
3604	0
3605	1
3606	0
3607	1
3608	3
3609	0
3610	0
3611	0
3612	1
3613	1
3614	2
3615	0
3616	0
3617	1
3618	1
3619	1
3620	0
3621	1
3622	0
3623	0
3624	2
3625	0
3626	0
3627	0
3628	1
3629	0
3630	0
3631	0
3632	0
3633	1
3634	0
3635	1
3636	1
3637	1
3638	0
3639	0
3640	1
3641	0
3642	1
3643	0
3644	0
3645	1
3646	2
3647	0
3648	1
3649	3
3650	2
3651	1
3652	0
3653	0
3654	2
3655	1
3656	1
3657	2
3658	0
3659	1
3660	3
3661	1
3662	0
3663	1
3664	0
3665	1
3666	1
3667	1
3668	0
3669	1
3670	1
3671	1
3672	0
3673	0
3674	0
3675	2
3676	0
3677	2
3678	0
3679	0
3680	1
3681	0
3682	1
3683	0
3684	0
3685	1
3686	1
3687	1
3688	0
3689	0
3690	0
3691	1
3692	1
3693	1
3694	0
3695	1
3696	1
3697	0
3698	2
3699	0
3700	0
3701	2
3702	0
3703	0
3704	2
3705	1
3706	1
3707	1
3708	0
3709	1
3710	1
3711	0
3712	0
3713	0
3714	0
3715	2
3716	0
3717	1
3718	2
3719	1
3720	0
3721	1
3722	0
3723	1
3724	0
3725	1
3726	0
3727	0
3728	2
3729	0
3730	1
3731	2
3732	1
3733	0
3734	0
3735	1
3736	1
3737	0
3738	1
3739	0
3740	1
3741	2
3742	0
3743	0
3744	1
3745	1
3746	1
3747	0
3748	1
3749	1
3750	0
3751	1
3752	0
3753	0
3754	1
3755	1
3756	0
3757	0
3758	3
3759	0
3760	0
3761	1
3762	1
3763	0
3764	0
3765	1
3766	0
3767	1
3768	0
3769	2
3770	0
3771	2
3772	1
3773	1
3774	2
3775	0
3776	1
3777	0
3778	0
3779	3
3780	0
3781	0
3782	0
3783	1
3784	0
3785	0
3786	0
3787	0
3788	1
3789	1
3790	1
3791	0
3792	0
3793	1
3794	1
3795	3
3796	2
3797	0
3798	0
3799	1
3800	2
3801	0
3802	0
3803	2
3804	1
3805	0
3806	0
3807	2
3808	0
3809	0
3810	0
3811	1
3812	0
3813	0
3814	0
3815	0
3816	1
3817	2
3818	0
3819	1
3820	0
3821	0
3822	1
3823	0
3824	2
3825	2
3826	0
3827	0
3828	0
3829	1
3830	0
3831	2
3832	0
3833	0
3834	0
3835	0
3836	0
3837	1
3838	1
3839	1
3840	0
3841	1
3842	1
3843	0
3844	0
3845	1
3846	2
3847	1
3848	1
3849	1
3850	1
3851	1
3852	0
3853	0
3854	2
3855	2
3856	0
3857	1
3858	1
3859	0
3860	0
3861	0
3862	0
3863	1
3864	1
3865	1
3866	0
3867	1
3868	1
3869	1
3870	1
3871	0
3872	0
3873	1
3874	0
3875	0
3876	0
3877	0
3878	0
3879	1
3880	0
3881	1
3882	0
3883	0
3884	0
3885	0
3886	1
3887	2
3888	0
3889	1
3890	2
3891	1
3892	1
3893	2
3894	0
3895	1
3896	0
3897	1
3898	2
3899	0
3900	1
3901	0
3902	0
3903	1
3904	0
3905	1
3906	0
3907	0
3908	0
3909	1
3910	1
3911	1
3912	1
3913	1
3914	1
3915	0
3916	0
3917	0
3918	1
3919	1
3920	0
3921	0
3922	1
3923	3
3924	0
3925	2
3926	1
3927	0
3928	0
3929	0
3930	0
3931	1
3932	0
3933	1
3934	1
3935	0
3936	3
3937	1
3938	0
3939	0
3940	0
3941	1
3942	0
3943	0
3944	0
3945	0
3946	2
3947	0
3948	0
3949	2
3950	2
3951	0
3952	0
3953	0
3954	0
3955	0
3956	1
3957	1
3958	0
3959	2
3960	2
3961	1
3962	1
3963	1
3964	1
3965	0
3966	0
3967	0
3968	0
3969	1
3970	0
3971	1
3972	0
3973	0
3974	0
3975	2
3976	0
3977	1
3978	0
3979	0
3980	1
3981	0
3982	2
3983	1
3984	1
3985	0
3986	1
3987	0
3988	1
3989	1
3990	1
3991	1
3992	0
3993	1
3994	1
3995	2
3996	0
3997	0
3998	0
3999	0
4000	1
4001	0
4002	0
4003	1
4004	0
4005	1
4006	1
4007	0
4008	0
4009	0
4010	0
4011	1
4012	0
4013	0
4014	0
4015	0
4016	1
4017	1
4018	1
4019	0
4020	0
4021	0
4022	0
4023	2
4024	1
4025	0
4026	0
4027	0
4028	0
4029	0
4030	3
4031	0
4032	1
4033	2
4034	1
4035	0
4036	0
4037	0
4038	0
4039	0
4040	2
4041	1
4042	1
4043	1
4044	0
4045	0
4046	0
4047	0
4048	0
4049	0
4050	3
4051	0
4052	0
4053	3
4054	0
4055	0
4056	0
4057	0
4058	0
4059	1
4060	0
4061	1
4062	0
4063	2
4064	0
4065	1
4066	1
4067	0
4068	1
4069	2
4070	1
4071	0
4072	1
4073	0
4074	0
4075	1
4076	1
4077	0
4078	1
4079	0
4080	0
4081	1
4082	0
4083	0
4084	0
4085	1
4086	0
4087	0
4088	0
4089	2
4090	0
4091	1
4092	1
4093	1
4094	0
4095	1
4096	0
4097	0
4098	1
4099	1
4100	0
4101	0
4102	0
4103	0
4104	1
4105	0
4106	2
4107	1
4108	1
4109	1
4110	1
4111	0
4112	1
4113	2
4114	1
4115	0
4116	1
4117	1
4118	0
4119	0
4120	2
4121	0
4122	0
4123	1
4124	0
4125	0
4126	2
4127	0
4128	0
4129	2
4130	0
4131	1
4132	0
4133	0
4134	0
4135	0
4136	1
4137	1
4138	1
4139	0
4140	1
4141	1
4142	0
4143	0
4144	1
4145	0
4146	1
4147	0
4148	1
4149	0
4150	1
4151	1
4152	0
4153	0
4154	0
4155	1
4156	2
4157	0
4158	1
4159	1
4160	1
4161	1
4162	0
4163	1
4164	2
4165	0
4166	0
4167	0
4168	1
4169	0
4170	0
4171	2
4172	2
4173	0
4174	0
4175	1
4176	1
4177	1
4178	0
4179	2
4180	2
4181	0
4182	0
4183	0
4184	1
4185	0
4186	0
4187	2
4188	0
4189	1
4190	1
4191	0
4192	0
4193	0
4194	0
4195	0
4196	0
4197	0
4198	0
4199	1
4200	0
4201	0
4202	1
4203	0
4204	0
4205	0
4206	0
4207	1
4208	0
4209	0
4210	2
4211	1
4212	0
4213	0
4214	1
4215	0
4216	0
4217	0
4218	1
4219	1
4220	0
4221	0
4222	2
4223	0
4224	1
4225	2
4226	0
4227	0
4228	1
4229	0
4230	0
4231	1
4232	1
4233	0
4234	1
4235	0
4236	1
4237	0
4238	1
4239	2
4240	0
4241	0
4242	0
4243	0
4244	1
4245	0
4246	0
4247	1
4248	1
4249	0
4250	0
4251	0
4252	0
4253	0
4254	1
4255	1
4256	1
4257	1
4258	1
4259	2
4260	2
4261	0
4262	2
4263	2
4264	0
4265	0
4266	1
4267	1
4268	0
4269	0
4270	1
4271	0
4272	1
4273	1
4274	0
4275	0
4276	0
4277	3
4278	1
4279	2
4280	0
4281	0
4282	0
4283	0
4284	1
4285	0
4286	1
4287	3
4288	0
4289	0
4290	0
4291	0
4292	1
4293	1
4294	0
4295	0
4296	0
4297	0
4298	0
4299	1
4300	1
4301	1
4302	0
4303	0
4304	2
4305	1
4306	1
4307	0
4308	1
4309	2
4310	1
4311	0
4312	2
4313	0
4314	0
4315	1
4316	0
4317	0
4318	0
4319	0
4320	2
4321	0
4322	1
4323	0
4324	0
4325	0
4326	1
4327	1
4328	2
4329	1
4330	1
4331	1
4332	1
4333	1
4334	1
4335	0
4336	2
4337	1
4338	0
4339	0
4340	0
4341	3
4342	0
4343	0
4344	1
4345	2
4346	0
4347	1
4348	2
4349	1
4350	0
4351	0
4352	1
4353	0
4354	1
4355	0
4356	0
4357	1
4358	0
4359	1
4360	0
4361	2
4362	1
4363	1
4364	0
4365	0
4366	0
4367	0
4368	1
4369	1
4370	2
4371	0
4372	1
4373	1
4374	1
4375	0
4376	1
4377	1
4378	1
4379	0
4380	0
4381	0
4382	1
4383	0
4384	1
4385	1
4386	0
4387	1
4388	3
4389	2
4390	0
4391	1
4392	0
4393	2
4394	1
4395	3
4396	1
4397	0
4398	0
4399	1
4400	1
4401	1
4402	0
4403	1
4404	0
4405	1
4406	0
4407	1
4408	0
4409	1
4410	0
4411	0
4412	1
4413	0
4414	0
4415	0
4416	1
4417	0
4418	1
4419	2
4420	0
4421	1
4422	1
4423	0
4424	0
4425	0
4426	1
4427	1
4428	0
4429	0
4430	1
4431	1
4432	0
4433	0
4434	0
4435	0
4436	0
4437	0
4438	1
4439	0
4440	0
4441	0
4442	0
4443	0
4444	1
4445	0
4446	2
4447	0
4448	1
4449	0
4450	1
4451	1
4452	0
4453	1
4454	0
4455	1
4456	0
4457	0
4458	0
4459	0
4460	1
4461	0
4462	1
4463	0
4464	1
4465	1
4466	0
4467	0
4468	2
4469	1
4470	2
4471	0
4472	0
4473	1
4474	0
4475	0
4476	0
4477	0
4478	0
4479	0
4480	1
4481	0
4482	2
4483	0
4484	1
4485	0
4486	1
4487	0
4488	0
4489	0
4490	0
4491	1
4492	0
4493	1
4494	0
4495	2
4496	0
4497	0
4498	1
4499	1
4500	0
4501	1
4502	0
4503	0
4504	0
4505	1
4506	0
4507	0
4508	0
4509	1
4510	1
4511	1
4512	2
4513	0
4514	0
4515	1
4516	0
4517	0
4518	0
4519	1
4520	1
4521	0
4522	0
4523	0
4524	3
4525	3
4526	1
4527	0
4528	0
4529	2
4530	0
4531	0
4532	1
4533	0
4534	1
4535	1
4536	2
4537	0
4538	0
4539	0
4540	1
4541	0
4542	0
4543	1
4544	1
4545	0
4546	2
4547	0
4548	1
4549	0
4550	0
4551	0
4552	2
4553	1
4554	0
4555	0
4556	1
4557	1
4558	1
4559	1
4560	1
4561	0
4562	1
4563	1
4564	0
4565	0
4566	0
4567	1
4568	0
4569	0
4570	0
4571	1
4572	0
4573	1
4574	0
4575	0
4576	0
4577	0
4578	1
4579	0
4580	1
4581	0
4582	0
4583	0
4584	0
4585	0
4586	1
4587	1
4588	1
4589	0
4590	1
4591	0
4592	1
4593	0
4594	0
4595	0
4596	0
4597	0
4598	0
4599	2
4600	0
4601	0
4602	1
4603	2
4604	1
4605	1
4606	1
4607	0
4608	0
4609	0
4610	0
4611	0
4612	0
4613	0
4614	1
4615	0
4616	0
4617	0
4618	1
4619	0
4620	1
4621	1
4622	0
4623	0
4624	1
4625	0
4626	0
4627	0
4628	0
4629	0
4630	0
4631	2
4632	0
4633	1
4634	1
4635	0
4636	0
4637	0
4638	0
4639	0
4640	1
4641	0
4642	0
4643	2
4644	2
4645	0
4646	0
4647	0
4648	1
4649	0
4650	0
4651	1
4652	0
4653	1
4654	0
4655	0
4656	0
4657	0
4658	0
4659	0
4660	0
4661	0
4662	0
4663	0
4664	2
4665	0
4666	3
4667	1
4668	1
4669	1
4670	1
4671	0
4672	2
4673	3
4674	0
4675	0
4676	1
4677	0
4678	1
4679	1
4680	0
4681	1
4682	0
4683	2
4684	1
4685	0
4686	0
4687	0
4688	1
4689	1
4690	1
4691	0
4692	0
4693	0
4694	0
4695	0
4696	0
4697	0
4698	0
4699	0
4700	1
4701	1
4702	0
4703	0
4704	0
4705	0
4706	0
4707	1
4708	1
4709	0
4710	1
4711	0
4712	0
4713	0
4714	1
4715	1
4716	1
4717	1
4718	0
4719	0
4720	1
4721	1
4722	0
4723	0
4724	0
4725	0
4726	0
4727	0
4728	1
4729	0
4730	0
4731	0
4732	1
4733	1
4734	1
4735	0
4736	0
4737	0
4738	0
4739	0
4740	3
4741	0
4742	1
4743	2
4744	1
4745	1
4746	0
4747	1
4748	3
4749	0
4750	0
4751	2
4752	0
4753	0
4754	0
4755	2
4756	0
4757	0
4758	0
4759	0
4760	1
4761	2
4762	0
4763	0
4764	0
4765	0
4766	0
4767	0
4768	0
4769	0
4770	2
4771	0
4772	0
4773	0
4774	0
4775	0
4776	1
4777	1
4778	0
4779	0
4780	2
4781	1
4782	0
4783	1
4784	0
4785	0
4786	0
4787	0
4788	1
4789	1
4790	0
4791	0
4792	0
4793	0
4794	0
4795	0
4796	1
4797	0
4798	0
4799	0
4800	1
4801	0
4802	0
4803	0
4804	0
4805	0
4806	0
4807	0
4808	2
4809	0
4810	0
4811	1
4812	0
4813	0
4814	0
4815	0
4816	0
4817	0
4818	1
4819	0
4820	1
4821	0
4822	1
4823	0
4824	0
4825	0
4826	0
4827	2
4828	1
4829	0
4830	1
4831	1
4832	0
4833	1
4834	2
4835	0
4836	0
4837	0
4838	0
4839	0
4840	0
4841	1
4842	0
4843	2
4844	1
4845	1
4846	0
4847	0
4848	1
4849	1
4850	1
4851	0
4852	0
4853	1
4854	1
4855	1
4856	1
4857	0
4858	0
4859	1
4860	0
4861	0
4862	0
4863	0
4864	1
4865	0
4866	0
4867	1
4868	0
4869	0
4870	1
4871	2
4872	0
4873	0
4874	0
4875	1
4876	2
4877	0
4878	0
4879	2
4880	0
4881	1
4882	0
4883	1
4884	0
4885	2
4886	0
4887	0
4888	1
4889	0
4890	0
4891	0
4892	0
4893	0
4894	0
4895	1
4896	0
4897	1
4898	2
4899	0
4900	0
4901	0
4902	0
4903	1
4904	0
4905	0
4906	0
4907	0
4908	0
4909	0
4910	0
4911	0
4912	0
4913	0
4914	0
4915	0
4916	2
4917	0
4918	0
4919	0
4920	0
4921	1
4922	2
4923	0
4924	0
4925	0
4926	0
4927	0
4928	0
4929	0
4930	0
4931	1
4932	1
4933	0
4934	1
4935	1
4936	0
4937	0
4938	0
4939	1
4940	1
4941	2
4942	2
4943	0
4944	1
4945	0
4946	0
4947	0
4948	0
4949	0
4950	0
4951	0
4952	0
4953	0
4954	1
4955	0
4956	0
4957	0
4958	0
4959	0
4960	1
4961	1
4962	1
4963	0
4964	1
4965	1
4966	0
4967	0
4968	1
4969	0
4970	0
4971	0
4972	0
4973	0
4974	0
4975	0
4976	0
4977	0
4978	0
4979	0
4980	0
4981	0
4982	0
4983	0
4984	1
4985	0
4986	0
4987	0
4988	1
4989	0
4990	1
4991	0
4992	0
4993	1
4994	1
4995	0
4996	0
4997	0
4998	0
4999	1
5000	0
5001	0
5002	0
5003	0
5004	1
5005	0
5006	0
5007	0
5008	1
5009	1
5010	1
5011	1
5012	0
5013	0
5014	0
5015	0
5016	0
5017	0
5018	0
5019	1
5020	0
5021	1
5022	0
5023	0
5024	0
5025	0
5026	1
5027	0
5028	0
5029	0
5030	0
5031	0
5032	0
5033	0
5034	0
5035	0
5036	2
5037	1
5038	0
5039	0
5040	0
5041	0
5042	1
5043	0
5044	0
5045	0
5046	0
5047	0
5048	0
5049	0
5050	0
5051	1
5052	1
5053	0
5054	0
5055	1
5056	1
5057	1
5058	0
5059	1
5060	1
5061	0
5062	0
5063	1
5064	0
5065	0
5066	0
5067	0
5068	0
5069	0
5070	0
5071	0
5072	2
5073	0
5074	0
5075	0
5076	0
5077	0
5078	0
5079	0
5080	0
5081	1
5082	0
5083	0
5084	1
5085	0
5086	0
5087	0
5088	1
5089	0
5090	0
5091	0
5092	0
5093	0
5094	0
5095	0
5096	1
5097	0
5098	0
5099	0
5100	0
5101	0
5102	0
5103	0
5104	0
5105	1
5106	2
5107	1
5108	1
5109	0
5110	1
5111	0
5112	0
5113	0
5114	0
5115	0
5116	0
5117	0
5118	0
5119	0
5120	1
5121	0
5122	0
5123	0
5124	1
5125	1
5126	0
5127	1
5128	0
5129	0
5130	1
5131	0
5132	0
5133	0
5134	1
5135	0
5136	2
5137	2
5138	0
5139	0
5140	0
5141	0
5142	0
5143	1
5144	0
5145	0
5146	0
5147	0
5148	0
5149	0
5150	0
5151	0
5152	0
5153	0
5154	0
5155	0
5156	0
5157	1
5158	1
5159	0
5160	0
5161	0
5162	0
5163	1
5164	0
5165	0
5166	0
5167	0
5168	0
5169	1
5170	1
5171	0
5172	0
5173	0
5174	0
5175	1
5176	0
5177	0
5178	1
5179	0
5180	1
5181	0
5182	0
5183	0
5184	0
5185	1
5186	0
5187	0
5188	0
5189	0
5190	0
5191	1
5192	0
5193	0
5194	0
5195	0
5196	1
5197	0
5198	0
5199	0
5200	0
5201	0
5202	1
5203	0
5204	1
5205	0
5206	0
5207	0
5208	1
5209	1
5210	2
5211	0
5212	0
5213	0
5214	2
5215	0
5216	0
5217	0
5218	2
5219	0
5220	0
5221	0
5222	0
5223	0
5224	0
5225	0
5226	2
5227	2
5228	0
5229	0
5230	0
5231	0
5232	1
5233	0
5234	1
5235	0
5236	0
5237	0
5238	0
5239	0
5240	0
5241	0
5242	1
5243	2
5244	1
5245	1
5246	0
5247	0
5248	1
5249	0
5250	0
5251	0
5252	0
5253	0
5254	1
5255	0
5256	0
5257	0
5258	1
5259	0
5260	1
5261	0
5262	0
5263	0
5264	0
5265	0
5266	0
5267	0
5268	1
5269	0
5270	0
5271	0
5272	0
5273	1
5274	1
5275	0
5276	1
5277	0
5278	1
5279	0
5280	0
5281	2
5282	0
5283	0
5284	0
5285	2
5286	0
5287	1
5288	0
5289	0
5290	0
5291	1
5292	0
5293	0
5294	0
5295	0
5296	0
5297	0
5298	0
5299	0
5300	1
5301	0
5302	1
5303	0
5304	1
5305	0
5306	1
5307	0
5308	0
5309	0
5310	0
5311	1
5312	0
5313	0
5314	0
5315	0
5316	0
5317	0
5318	0
5319	0
5320	0
5321	1
5322	0
5323	0
5324	0
5325	0
5326	0
5327	0
5328	0
5329	0
5330	0
5331	2
5332	1
5333	0
5334	0
5335	1
5336	0
5337	0
5338	0
5339	0
5340	0
5341	0
5342	0
5343	0
5344	0
5345	0
5346	1
5347	0
5348	0
5349	0
5350	0
5351	0
5352	0
5353	0
5354	0
5355	1
5356	0
5357	1
5358	1
5359	0
5360	0
5361	0
5362	1
5363	0
5364	0
5365	0
5366	0
5367	2
5368	1
5369	0
5370	2
5371	0
5372	0
5373	1
5374	0
5375	0
5376	0
5377	0
5378	0
5379	0
5380	0
5381	0
5382	0
5383	0
5384	0
5385	1
5386	0
5387	0
5388	1
5389	0
5390	1
5391	0
5392	0
5393	0
5394	0
5395	0
5396	1
5397	0
5398	0
5399	0
5400	0
5401	0
5402	0
5403	1
5404	0
5405	0
5406	0
5407	0
5408	0
5409	0
5410	0
5411	1
5412	0
5413	0
5414	1
5415	0
5416	0
5417	0
5418	0
5419	0
5420	0
5421	0
5422	0
5423	0
5424	0
5425	0
5426	0
5427	1
5428	0
5429	0
5430	0
5431	0
5432	0
5433	0
5434	0
5435	0
5436	1
5437	0
5438	1
5439	0
5440	0
5441	0
5442	0
5443	1
5444	0
5445	1
5446	0
5447	1
5448	1
5449	0
5450	1
5451	0
5452	0
5453	0
5454	0
5455	0
5456	1
5457	0
5458	0
5459	0
5460	0
5461	0
5462	1
5463	0
5464	0
5465	1
5466	0
5467	0
5468	0
5469	0
5470	0
5471	0
5472	0
5473	0
5474	0
5475	0
5476	0
5477	0
5478	1
5479	0
5480	0
5481	0
5482	0
5483	1
5484	1
5485	2
5486	0
5487	0
5488	0
5489	1
5490	0
5491	0
5492	0
5493	0
5494	0
5495	0
5496	0
5497	0
5498	0
5499	1
5500	0
5501	0
5502	0
5503	2
5504	0
5505	1
5506	0
5507	0
5508	1
5509	0
5510	0
5511	0
5512	1
5513	1
5514	0
5515	0
5516	0
5517	1
5518	0
5519	0
5520	0
5521	0
5522	0
5523	0
5524	1
5525	2
5526	0
5527	0
5528	0
5529	0
5530	0
5531	0
5532	0
5533	0
5534	0
5535	0
5536	0
5537	0
5538	0
5539	0
5540	1
5541	0
5542	0
5543	0
5544	0
5545	0
5546	0
5547	0
5548	0
5549	0
5550	1
5551	0
5552	0
5553	1
5554	1
5555	0
5556	0
5557	0
5558	1
5559	0
5560	0
5561	0
5562	0
5563	0
5564	0
5565	0
5566	0
5567	1
5568	0
5569	0
5570	0
5571	0
5572	0
5573	0
5574	0
5575	0
5576	1
5577	0
5578	0
5579	0
5580	0
5581	0
5582	0
5583	0
5584	1
5585	0
5586	0
5587	0
5588	0
5589	1
5590	0
5591	0
5592	0
5593	0
5594	0
5595	0
5596	0
5597	0
5598	0
5599	0
5600	0
5601	0
5602	0
5603	0
5604	0
5605	1
5606	0
5607	0
5608	1
5609	0
5610	0
5611	0
5612	0
5613	0
5614	1
5615	0
5616	0
5617	0
5618	1
5619	0
5620	1
5621	0
5622	0
5623	0
5624	0
5625	0
5626	0
5627	1
5628	0
5629	0
5630	1
5631	0
5632	0
5633	0
5634	0
5635	0
5636	0
5637	0
5638	0
5639	1
5640	0
5641	0
5642	0
5643	0
5644	1
5645	0
5646	0
5647	1
5648	0
5649	1
5650	0
5651	0
5652	0
5653	0
5654	1
5655	0
5656	0
5657	1
5658	1
5659	0
5660	0
5661	0
5662	0
5663	0
5664	2
5665	1
5666	1
5667	0
5668	1
5669	0
5670	0
5671	0
5672	0
5673	0
5674	0
5675	0
5676	0
5677	0
5678	0
5679	0
5680	0
5681	0
5682	0
5683	0
5684	0
5685	0
5686	0
5687	0
5688	0
5689	0
5690	0
5691	0
5692	0
5693	0
5694	0
5695	0
5696	0
5697	0
5698	0
5699	0
5700	0
5701	0
5702	1
5703	0
5704	1
5705	0
5706	0
5707	0
5708	0
5709	1
5710	0
5711	0
5712	0
5713	0
5714	0
5715	0
5716	1
5717	0
5718	0
5719	0
5720	1
5721	0
5722	0
5723	0
5724	0
5725	0
5726	1
5727	0
5728	0
5729	1
5730	2
5731	0
5732	0
5733	0
5734	0
5735	0
5736	0
5737	2
5738	0
5739	0
5740	0
5741	0
5742	2
5743	0
5744	0
5745	1
5746	0
5747	0
5748	0
5749	0
5750	0
5751	0
5752	0
5753	0
5754	0
5755	0
5756	0
5757	0
5758	1
5759	0
5760	0
5761	1
5762	0
5763	0
5764	0
5765	1
5766	1
5767	0
5768	1
5769	0
5770	0
5771	0
5772	0
5773	0
5774	0
5775	0
5776	0
5777	1
5778	0
5779	0
5780	0
5781	0
5782	0
5783	0
5784	0
5785	1
5786	0
5787	0
5788	1
5789	0
5790	0
5791	0
5792	0
5793	0
5794	0
5795	0
5796	0
5797	0
5798	0
5799	0
5800	0
5801	0
5802	1
5803	0
5804	1
5805	0
5806	0
5807	0
5808	0
5809	0
5810	0
5811	0
5812	1
5813	0
5814	0
5815	0
5816	0
5817	0
5818	0
5819	0
5820	1
5821	0
5822	0
5823	0
5824	0
5825	0
5826	0
5827	0
5828	0
5829	1
5830	0
5831	0
5832	1
5833	0
5834	0
5835	0
5836	0
5837	0
5838	1
5839	0
5840	0
5841	0
5842	1
5843	0
5844	0
5845	0
5846	0
5847	0
5848	0
5849	0
5850	0
5851	0
5852	0
5853	0
5854	0
5855	0
5856	0
5857	0
5858	0
5859	0
5860	1
5861	0
5862	0
5863	0
5864	0
5865	0
5866	0
5867	1
5868	0
5869	0
5870	0
5871	0
5872	0
5873	0
5874	0
5875	1
5876	0
5877	0
5878	0
5879	0
5880	0
5881	0
5882	2
5883	0
5884	0
5885	0
5886	0
5887	0
5888	0
5889	0
5890	0
5891	0
5892	0
5893	0
5894	0
5895	0
5896	0
5897	1
5898	1
5899	0
5900	1
5901	0
5902	0
5903	0
5904	0
5905	0
5906	0
5907	3
5908	0
5909	0
5910	0
5911	0
5912	0
5913	0
5914	0
5915	0
5916	0
5917	0
5918	0
5919	1
5920	0
5921	0
5922	0
5923	0
5924	0
5925	0
5926	0
5927	1
5928	0
5929	0
5930	0
5931	0
5932	0
5933	0
5934	0
5935	0
5936	0
5937	1
5938	0
5939	1
5940	0
5941	0
5942	1
5943	0
5944	0
5945	0
5946	0
5947	0
5948	1
5949	0
5950	1
5951	0
5952	1
5953	0
5954	1
5955	1
5956	0
5957	0
5958	0
5959	1
5960	0
5961	1
5962	0
5963	0
5964	0
5965	0
5966	0
5967	0
5968	1
5969	0
5970	0
5971	0
5972	0
5973	0
5974	0
5975	0
5976	0
5977	0
5978	2
5979	0
5980	0
5981	0
5982	0
5983	1
5984	0
5985	0
5986	0
5987	0
5988	0
5989	0
5990	0
5991	1
5992	0
5993	2
5994	0
5995	1
5996	0
5997	0
5998	0
5999	0
6000	0
6001	0
6002	0
6003	1
6004	0
6005	0
6006	1
6007	1
6008	0
6009	0
6010	1
6011	0
6012	0
6013	0
6014	0
6015	1
6016	0
6017	1
6018	0
6019	0
6020	1
6021	0
6022	0
6023	0
6024	0
6025	1
6026	1
6027	0
6028	1
6029	0
6030	0
6031	0
6032	1
6033	0
6034	0
6035	0
6036	1
6037	0
6038	1
6039	0
6040	0
6041	0
6042	0
6043	0
6044	0
6045	0
6046	0
6047	0
6048	0
6049	1
6050	0
6051	0
6052	0
6053	0
6054	0
6055	0
6056	0
6057	0
6058	0
6059	0
6060	1
6061	1
6062	0
6063	0
6064	0
6065	1
6066	1
6067	0
6068	0
6069	0
6070	0
6071	0
6072	0
6073	0
6074	0
6075	1
6076	0
6077	0
6078	0
6079	0
6080	0
6081	0
6082	0
6083	0
6084	0
6085	0
6086	0
6087	0
6088	0
6089	1
6090	0
6091	1
6092	1
6093	0
6094	0
6095	0
6096	1
6097	1
6098	0
6099	0
6100	0
6101	0
6102	0
6103	0
6104	0
6105	1
6106	0
6107	0
6108	0
6109	0
6110	0
6111	0
6112	0
6113	0
6114	0
6115	1
6116	0
6117	0
6118	0
6119	0
6120	0
6121	0
6122	1
6123	1
6124	0
6125	0
6126	0
6127	0
6128	0
6129	0
6130	0
6131	0
6132	0
6133	0
6134	0
6135	0
6136	1
6137	0
6138	0
6139	1
6140	1
6141	0
6142	0
6143	2
6144	4
6145	0
6146	0
6147	0
6148	0
6149	1
6150	0
6151	0
6152	0
6153	1
6154	0
6155	0
6156	0
6157	0
6158	2
6159	2
6160	0
6161	0
6162	0
6163	0
6164	1
6165	0
6166	0
6167	0
6168	0
6169	1
6170	0
6171	0
6172	0
6173	0
6174	0
6175	0
6176	0
6177	0
6178	0
6179	0
6180	0
6181	0
6182	0
6183	0
6184	0
6185	0
6186	0
6187	0
6188	0
6189	0
6190	0
6191	0
6192	0
6193	0
6194	0
6195	1
6196	0
6197	0
6198	1
6199	0
6200	0
6201	0
6202	0
6203	0
6204	0
6205	0
6206	0
6207	1
6208	0
6209	0
6210	0
6211	0
6212	0
6213	0
6214	0
6215	1
6216	0
6217	1
6218	0
6219	1
6220	1
6221	0
6222	1
6223	0
6224	2
6225	1
6226	1
6227	0
6228	0
6229	0
6230	0
6231	1
6232	0
6233	0
6234	0
6235	1
6236	0
6237	2
6238	0
6239	0
6240	0
6241	1
6242	1
6243	0
6244	1
6245	0
6246	0
6247	0
6248	0
6249	1
6250	0
6251	0
6252	0
6253	0
6254	0
6255	0
6256	0
6257	0
6258	0
6259	1
6260	1
6261	1
6262	0
6263	0
6264	1
6265	0
6266	0
6267	0
6268	0
6269	1
6270	0
6271	0
6272	0
6273	0
6274	0
6275	1
6276	0
6277	0
6278	1
6279	0
6280	0
6281	0
6282	0
6283	1
6284	0
6285	0
6286	1
6287	2
6288	0
6289	0
6290	0
6291	0
6292	0
6293	0
6294	0
6295	1
6296	0
6297	1
6298	0
6299	0
6300	0
6301	1
6302	0
6303	0
6304	0
6305	0
6306	0
6307	0
6308	0
6309	0
6310	0
6311	2
6312	0
6313	0
6314	0
6315	0
6316	0
6317	0
6318	1
6319	0
6320	0
6321	0
6322	0
6323	1
6324	0
6325	0
6326	0
6327	0
6328	0
6329	0
6330	0
6331	0
6332	0
6333	0
6334	0
6335	0
6336	0
6337	0
6338	0
6339	0
6340	0
6341	0
6342	0
6343	0
6344	0
6345	1
6346	0
6347	1
6348	0
6349	0
6350	1
6351	0
6352	0
6353	0
6354	2
6355	0
6356	1
6357	0
6358	0
6359	1
6360	1
6361	0
6362	0
6363	0
6364	0
6365	0
6366	0
6367	1
6368	0
6369	0
6370	0
6371	1
6372	0
6373	1
6374	0
6375	1
6376	0
6377	0
6378	0
6379	0
6380	0
6381	0
6382	0
6383	0
6384	0
6385	1
6386	0
6387	0
6388	0
6389	0
6390	0
6391	0
6392	0
6393	1
6394	1
6395	0
6396	0
6397	0
6398	0
6399	1
6400	0
6401	0
6402	0
6403	0
6404	0
6405	0
6406	1
6407	1
6408	1
6409	0
6410	0
6411	0
6412	0
6413	0
6414	0
6415	1
6416	0
6417	0
6418	0
6419	0
6420	0
6421	0
6422	0
6423	1
6424	0
6425	0
6426	0
6427	0
6428	0
6429	0
6430	0
6431	1
6432	0
6433	0
6434	0
6435	0
6436	0
6437	0
6438	1
6439	0
6440	1
6441	1
6442	0
6443	1
6444	0
6445	1
6446	0
6447	0
6448	0
6449	0
6450	0
6451	0
6452	0
6453	0
6454	1
6455	0
6456	0
6457	0
6458	0
6459	0
6460	0
6461	0
6462	0
6463	0
6464	0
6465	0
6466	0
6467	0
6468	0
6469	0
6470	0
6471	0
6472	1
6473	1
6474	0
6475	2
6476	0
6477	1
6478	0
6479	0
6480	0
6481	0
6482	1
6483	0
6484	0
6485	0
6486	1
6487	0
6488	0
6489	0
6490	0
6491	1
6492	1
6493	0
6494	0
6495	0
6496	0
6497	0
6498	0
6499	0
6500	0
6501	0
6502	0
6503	0
6504	0
6505	0
6506	0
6507	1
6508	0
6509	0
6510	1
6511	0
6512	1
6513	1
6514	0
6515	0
6516	1
6517	0
6518	0
6519	0
6520	0
6521	0
6522	0
6523	1
6524	0
6525	1
6526	1
6527	0
6528	0
6529	1
6530	0
6531	0
6532	0
6533	0
6534	0
6535	0
6536	0
6537	0
6538	0
6539	0
6540	0
6541	1
6542	1
6543	0
6544	0
6545	0
6546	0
6547	0
6548	0
6549	0
6550	1
6551	0
6552	0
6553	0
6554	0
6555	1
6556	0
6557	0
6558	2
6559	0
6560	1
6561	1
6562	1
6563	1
6564	1
6565	0
6566	0
6567	0
6568	0
6569	0
6570	0
6571	0
6572	1
6573	0
6574	0
6575	0
6576	2
6577	0
6578	1
6579	2
6580	1
6581	1
6582	0
6583	0
6584	0
6585	1
6586	0
6587	0
6588	0
6589	1
6590	0
6591	1
6592	0
6593	0
6594	0
6595	0
6596	0
6597	0
6598	2
6599	1
6600	1
6601	0
6602	0
6603	0
6604	0
6605	0
6606	0
6607	0
6608	0
6609	1
6610	1
6611	0
6612	0
6613	0
6614	0
6615	0
6616	0
6617	0
6618	1
6619	0
6620	0
6621	1
6622	0
6623	0
6624	0
6625	1
6626	1
6627	0
6628	1
6629	0
6630	0
6631	0
6632	0
6633	0
6634	1
6635	2
6636	1
6637	1
6638	0
6639	0
6640	0
6641	1
6642	0
6643	0
6644	0
6645	0
6646	0
6647	0
6648	0
6649	0
6650	1
6651	0
6652	1
6653	1
6654	0
6655	0
6656	1
6657	1
6658	0
6659	1
6660	1
6661	0
6662	2
6663	0
6664	0
6665	0
6666	0
6667	0
6668	1
6669	0
6670	0
6671	0
6672	0
6673	0
6674	0
6675	0
6676	0
6677	0
6678	0
6679	1
6680	1
6681	1
6682	0
6683	1
6684	0
6685	1
6686	1
6687	1
6688	0
6689	2
6690	0
6691	0
6692	0
6693	0
6694	3
6695	0
6696	1
6697	0
6698	0
6699	0
6700	0
6701	0
6702	1
6703	0
6704	1
6705	0
6706	1
6707	0
6708	3
6709	0
6710	0
6711	1
6712	0
6713	0
6714	0
6715	0
6716	1
6717	0
6718	0
6719	1
6720	1
6721	0
6722	0
6723	0
6724	2
6725	2
6726	2
6727	2
6728	1
6729	1
6730	0
6731	4
6732	1
6733	0
6734	2
6735	1
6736	1
6737	4
6738	5
6739	4
6740	1
6741	6
6742	6
6743	9
6744	19
6745	57
6746	125
6747	182
6748	232
6749	234
6750	246
6751	225
6752	240
6753	237
6754	227
6755	272
6756	243
6757	269
6758	283
6759	269
6760	293
6761	294
6762	259
6763	275
6764	282
6765	258
6766	274
6767	288
6768	298
6769	273
6770	285
6771	317
6772	308
6773	300
6774	293
6775	297
6776	311
6777	325
6778	296
6779	314
6780	340
6781	314
6782	299
6783	393
6784	303
6785	317
6786	302
6787	312
6788	337
6789	313
6790	346
6791	336
6792	343
6793	333
6794	338
6795	372
6796	304
6797	389
6798	386
6799	338
6800	350
6801	379
6802	385
6803	380
6804	344
6805	364
6806	401
6807	376
6808	383
6809	370
6810	392
6811	394
6812	363
6813	399
6814	394
6815	402
6816	374
6817	386
6818	413
6819	395
6820	433
6821	403
6822	426
6823	370
6824	423
6825	418
6826	432
6827	427
6828	405
6829	444
6830	416
6831	436
6832	439
6833	467
6834	470
6835	465
6836	464
6837	488
6838	425
6839	462
6840	433
6841	475
6842	407
6843	438
6844	433
6845	484
6846	422
6847	487
6848	446
6849	505
6850	480
6851	466
6852	527
6853	502
6854	489
6855	507
6856	463
6857	499
6858	517
6859	498
6860	503
6861	483
6862	523
6863	512
6864	509
6865	513
6866	546
6867	549
6868	520
6869	518
6870	560
6871	546
6872	541
6873	533
6874	493
6875	534
6876	561
6877	538
6878	554
6879	588
6880	549
6881	570
6882	561
6883	582
6884	592
6885	583
6886	576
6887	585
6888	637
6889	608
6890	601
6891	604
6892	605
6893	615
6894	637
6895	603
6896	602
6897	631
6898	602
6899	645
6900	615
6901	638
6902	656
6903	649
6904	670
6905	644
6906	664
6907	666
6908	650
6909	687
6910	636
6911	639
6912	660
6913	693
6914	680
6915	683
6916	678
6917	699
6918	724
6919	673
6920	703
6921	692
6922	718
6923	742
6924	728
6925	707
6926	752
6927	753
6928	720
6929	701
6930	729
6931	736
6932	742
6933	673
6934	731
6935	770
6936	733
6937	770
6938	776
6939	752
6940	776
6941	778
6942	763
6943	772
6944	778
6945	733
6946	768
6947	773
6948	794
6949	749
6950	802
6951	766
6952	839
6953	839
6954	754
6955	825
6956	823
6957	838
6958	777
6959	848
6960	835
6961	844
6962	930
6963	873
6964	918
6965	793
6966	835
6967	937
6968	878
6969	857
6970	853
6971	885
6972	951
6973	911
6974	914
6975	860
6976	937
6977	965
6978	908
6979	905
6980	911
6981	940
6982	939
6983	934
6984	957
6985	981
6986	934
6987	944
6988	993
6989	911
6990	974
6991	992
6992	942
6993	968
6994	966
6995	979
6996	989
6997	994
6998	995
6999	973
7000	983
7001	991
7002	1029
7003	1050
7004	1010
7005	1015
7006	1071
7007	1079
7008	1001
7009	1087
7010	1029
7011	955
7012	1028
7013	1058
7014	1048
7015	1064
7016	1058
7017	1078
7018	1085
7019	1112
7020	1110
7021	1114
7022	1065
7023	1103
7024	1051
7025	1143
7026	1149
7027	1061
7028	1122
7029	1163
7030	1089
7031	1178
7032	1171
7033	1121
7034	1142
7035	1116
7036	1146
7037	1235
7038	1229
7039	1218
7040	1219
7041	1207
7042	1181
7043	1210
7044	1167
7045	1177
7046	1170
7047	1210
7048	1201
7049	1229
7050	1202
7051	1244
7052	1167
7053	1198
7054	1232
7055	1203
7056	1211
7057	1267
7058	1193
7059	1284
7060	1259
7061	1271
7062	1303
7063	1298
7064	1255
7065	1282
7066	1272
7067	1296
7068	1309
7069	1256
7070	1308
7071	1270
7072	1258
7073	1274
7074	1299
7075	1355
7076	1389
7077	1317
7078	1284
7079	1338
7080	1401
7081	1372
7082	1387
7083	1375
7084	1279
7085	1294
7086	1394
7087	1326
7088	1382
7089	1455
7090	1407
7091	1391
7092	1330
7093	1450
7094	1347
7095	1372
7096	1406
7097	1411
7098	1416
7099	1437
7100	1413
7101	1429
7102	1404
7103	1409
7104	1479
7105	1419
7106	1485
7107	1450
7108	1484
7109	1441
7110	1445
7111	1501
7112	1359
7113	1446
7114	1555
7115	1403
7116	1525
7117	1497
7118	1472
7119	1485
7120	1510
7121	1479
7122	1489
7123	1417
7124	1476
7125	1459
7126	1528
7127	1515
7128	1536
7129	1567
7130	1545
7131	1534
7132	1569
7133	1522
7134	1516
7135	1585
7136	1565
7137	1557
7138	1613
7139	1556
7140	1607
7141	1507
7142	1504
7143	1595
7144	1564
7145	1556
7146	1625
7147	1619
7148	1597
7149	1629
7150	1637
7151	1557
7152	1675
7153	1641
7154	1586
7155	1540
7156	1643
7157	1632
7158	1617
7159	1595
7160	1608
7161	1690
7162	1639
7163	1717
7164	1712
7165	1706
7166	1627
7167	1590
7168	1732
7169	1674
7170	1632
7171	1714
7172	1648
7173	1684
7174	1677
7175	1709
7176	1678
7177	1633
7178	1632
7179	1609
7180	1637
7181	1735
7182	1669
7183	1636
7184	1657
7185	1788
7186	1735
7187	1662
7188	1751
7189	1681
7190	1695
7191	1673
7192	1715
7193	1680
7194	1731
7195	1742
7196	1683
7197	1723
7198	1686
7199	1709
7200	1749
7201	1747
7202	1754
7203	1798
7204	1733
7205	1805
7206	1759
7207	1788
7208	1751
7209	1779
7210	1684
7211	1698
7212	1733
7213	1792
7214	1756
7215	1778
7216	1772
7217	1707
7218	1734
7219	1758
7220	1731
7221	1691
7222	1855
7223	1677
7224	1777
7225	1761
7226	1751
7227	1703
7228	1830
7229	1790
7230	1815
7231	1799
7232	1835
7233	1764
7234	1749
7235	1758
7236	1866
7237	1792
7238	1756
7239	1706
7240	1835
7241	1722
7242	1762
7243	1777
7244	1816
7245	1872
7246	1825
7247	1749
7248	1731
7249	1813
7250	1804
7251	1717
7252	1848
7253	1776
7254	1792
7255	1855
7256	1836
7257	1783
7258	1818
7259	1781
7260	1865
7261	1792
7262	1774
7263	1777
7264	1798
7265	1733
7266	1821
7267	1826
7268	1790
7269	1903
7270	1811
7271	1756
7272	1812
7273	1788
7274	1790
7275	1755
7276	1850
7277	1804
7278	1836
7279	1785
7280	1764
7281	1849
7282	1809
7283	1778
7284	1816
7285	1827
7286	1833
7287	1773
7288	1791
7289	1814
7290	1773
7291	1778
7292	1796
7293	1719
7294	1728
7295	1825
7296	1798
7297	1781
7298	1791
7299	1812
7300	1779
7301	1757
7302	1820
7303	1786
7304	1826
7305	1848
7306	1823
7307	1755
7308	1772
7309	1794
7310	1755
7311	1810
7312	1810
7313	1791
7314	1844
7315	1717
7316	1745
7317	1741
7318	1779
7319	1823
7320	1682
7321	1760
7322	1760
7323	1779
7324	1700
7325	1673
7326	1788
7327	1702
7328	1745
7329	1697
7330	1726
7331	1782
7332	1707
7333	1668
7334	1788
7335	1731
7336	1714
7337	1694
7338	1697
7339	1719
7340	1707
7341	1740
7342	1681
7343	1706
7344	1670
7345	1720
7346	1686
7347	1743
7348	1670
7349	1693
7350	1638
7351	1717
7352	1696
7353	1738
7354	1676
7355	1675
7356	1747
7357	1735
7358	1774
7359	1610
7360	1688
7361	1641
7362	1612
7363	1674
7364	1640
7365	1612
7366	1709
7367	1673
7368	1662
7369	1610
7370	1592
7371	1670
7372	1653
7373	1679
7374	1619
7375	1690
7376	1649
7377	1599
7378	1623
7379	1658
7380	1666
7381	1580
7382	1699
7383	1662
7384	1531
7385	1607
7386	1656
7387	1602
7388	1680
7389	1638
7390	1599
7391	1648
7392	1585
7393	1603
7394	1560
7395	1558
7396	1606
7397	1532
7398	1568
7399	1479
7400	1495
7401	1543
7402	1563
7403	1555
7404	1526
7405	1499
7406	1546
7407	1603
7408	1617
7409	1471
7410	1535
7411	1466
7412	1512
7413	1477
7414	1542
7415	1485
7416	1485
7417	1420
7418	1423
7419	1523
7420	1544
7421	1499
7422	1415
7423	1420
7424	1496
7425	1532
7426	1466
7427	1501
7428	1430
7429	1446
7430	1428
7431	1398
7432	1452
7433	1402
7434	1363
7435	1375
7436	1438
7437	1445
7438	1446
7439	1381
7440	1392
7441	1427
7442	1339
7443	1380
7444	1294
7445	1431
7446	1438
7447	1350
7448	1324
7449	1356
7450	1396
7451	1329
7452	1345
7453	1316
7454	1305
7455	1353
7456	1287
7457	1289
7458	1328
7459	1359
7460	1300
7461	1280
7462	1313
7463	1273
7464	1374
7465	1284
7466	1267
7467	1297
7468	1239
7469	1283
7470	1226
7471	1279
7472	1290
7473	1290
7474	1215
7475	1227
7476	1180
7477	1251
7478	1167
7479	1251
7480	1224
7481	1240
7482	1280
7483	1278
7484	1182
7485	1223
7486	1192
7487	1186
7488	1159
7489	1177
7490	1187
7491	1127
7492	1217
7493	1167
7494	1167
7495	1148
7496	1160
7497	1145
7498	1118
7499	1180
7500	1150
7501	1123
7502	1122
7503	1090
7504	1055
7505	1192
7506	1125
7507	1103
7508	1044
7509	1149
7510	1105
7511	1056
7512	1089
7513	1072
7514	1100
7515	1093
7516	1001
7517	1093
7518	1063
7519	967
7520	1051
7521	1082
7522	1081
7523	1120
7524	1041
7525	1017
7526	1017
7527	1012
7528	1000
7529	1011
7530	979
7531	967
7532	1027
7533	1029
7534	960
7535	1000
7536	943
7537	947
7538	914
7539	931
7540	906
7541	936
7542	926
7543	939
7544	944
7545	913
7546	890
7547	910
7548	917
7549	883
7550	857
7551	860
7552	911
7553	938
7554	837
7555	897
7556	833
7557	895
7558	912
7559	847
7560	825
7561	849
7562	801
7563	794
7564	783
7565	852
7566	744
7567	820
7568	837
7569	858
7570	775
7571	797
7572	817
7573	877
7574	816
7575	846
7576	805
7577	823
7578	852
7579	802
7580	758
7581	774
7582	773
7583	779
7584	776
7585	752
7586	718
7587	722
7588	739
7589	767
7590	773
7591	703
7592	762
7593	704
7594	722
7595	708
7596	676
7597	769
7598	660
7599	702
7600	731
7601	746
7602	742
7603	666
7604	648
7605	696
7606	662
7607	681
7608	670
7609	646
7610	612
7611	621
7612	609
7613	646
7614	698
7615	661
7616	632
7617	645
7618	647
7619	611
7620	644
7621	639
7622	599
7623	638
7624	638
7625	638
7626	616
7627	586
7628	595
7629	627
7630	603
7631	561
7632	586
7633	592
7634	558
7635	609
7636	529
7637	597
7638	588
7639	570
7640	616
7641	526
7642	545
7643	544
7644	527
7645	517
7646	535
7647	554
7648	492
7649	535
7650	533
7651	524
7652	532
7653	496
7654	477
7655	503
7656	458
7657	487
7658	517
7659	511
7660	501
7661	472
7662	498
7663	408
7664	515
7665	505
7666	474
7667	468
7668	452
7669	508
7670	466
7671	425
7672	449
7673	423
7674	427
7675	481
7676	425
7677	429
7678	446
7679	455
7680	424
7681	407
7682	461
7683	395
7684	411
7685	440
7686	427
7687	399
7688	388
7689	413
7690	378
7691	371
7692	373
7693	376
7694	358
7695	400
7696	347
7697	359
7698	384
7699	403
7700	376
7701	402
7702	369
7703	368
7704	348
7705	374
7706	370
7707	357
7708	367
7709	360
7710	353
7711	348
7712	364
7713	327
7714	341
7715	337
7716	323
7717	330
7718	317
7719	325
7720	323
7721	297
7722	293
7723	298
7724	376
7725	301
7726	304
7727	305
7728	331
7729	265
7730	301
7731	302
7732	299
7733	310
7734	280
7735	302
7736	282
7737	266
7738	263
7739	270
7740	282
7741	277
7742	237
7743	260
7744	205
7745	150
7746	115
7747	102
7748	87
7749	81
7750	72
7751	53
7752	65
7753	47
7754	67
7755	51
7756	47
7757	53
7758	53
7759	46
7760	55
7761	68
7762	45
7763	34
7764	42
7765	48
7766	44
7767	48
7768	49
7769	44
7770	35
7771	36
7772	39
7773	36
7774	33
7775	26
7776	36
7777	47
7778	34
7779	28
7780	32
7781	44
7782	27
7783	22
7784	33
7785	25
7786	29
7787	31
7788	25
7789	31
7790	33
7791	22
7792	41
7793	26
7794	28
7795	38
7796	20
7797	27
7798	30
7799	28
7800	35
7801	20
7802	21
7803	16
7804	21
7805	28
7806	22
7807	22
7808	24
7809	26
7810	35
7811	28
7812	22
7813	22
7814	14
7815	22
7816	23
7817	28
7818	21
7819	19
7820	19
7821	21
7822	15
7823	24
7824	27
7825	24
7826	18
7827	15
7828	24
7829	19
7830	24
7831	26
7832	16
7833	21
7834	22
7835	13
7836	12
7837	18
7838	7
7839	15
7840	16
7841	13
7842	11
7843	20
7844	19
7845	10
7846	9
7847	9
7848	16
7849	18
7850	15
7851	11
7852	16
7853	14
7854	15
7855	10
7856	10
7857	14
7858	10
7859	15
7860	15
7861	5
7862	7
7863	3
7864	14
7865	13
7866	13
7867	14
7868	9
7869	11
7870	14
7871	11
7872	9
7873	10
7874	7
7875	16
7876	13
7877	12
7878	8
7879	6
7880	9
7881	9
7882	6
7883	13
7884	8
7885	17
7886	4
7887	8
7888	5
7889	10
7890	4
7891	7
7892	5
7893	13
7894	11
7895	8
7896	13
7897	10
7898	2
7899	5
7900	9
7901	2
7902	12
7903	7
7904	5
7905	8
7906	5
7907	5
7908	4
7909	6
7910	10
7911	4
7912	10
7913	8
7914	7
7915	6
7916	6
7917	8
7918	7
7919	5
7920	4
7921	6
7922	10
7923	3
7924	15
7925	6
7926	6
7927	9
7928	6
7929	5
7930	5
7931	5
7932	3
7933	9
7934	4
7935	5
7936	5
7937	1
7938	3
7939	4
7940	2
7941	1
7942	2
7943	2
7944	4
7945	8
7946	2
7947	3
7948	2
7949	3
7950	1
7951	0
7952	3
7953	3
7954	2
7955	4
7956	2
7957	1
7958	2
7959	1
7960	1
7961	1
7962	3
7963	1
7964	0
7965	2
7966	1
7967	1
7968	1
7969	2
7970	4
7971	1
7972	3
7973	1
7974	3
7975	2
7976	2
7977	2
7978	0
7979	1
7980	3
7981	1
7982	1
7983	1
7984	0
7985	0
7986	2
7987	1
7988	0
7989	2
7990	0
7991	2
7992	3
7993	2
7994	1
7995	0
7996	2
7997	2
7998	3
7999	3
8000	1
8001	0
8002	0
8003	1
8004	0
8005	0
8006	0
8007	1
8008	1
8009	0
8010	1
8011	0
8012	1
8013	1
8014	0
8015	1
8016	1
8017	1
8018	0
8019	1
8020	0
8021	0
8022	0
8023	1
8024	1
8025	1
8026	1
8027	1
8028	1
8029	1
8030	0
8031	1
8032	0
8033	1
8034	0
8035	1
8036	1
8037	1
8038	0
8039	0
8040	0
8041	0
8042	0
8043	0
8044	0
8045	1
8046	0
8047	0
8048	0
8049	0
8050	0
8051	1
8052	0
8053	0
8054	0
8055	0
8056	0
8057	0
8058	0
8059	0
8060	0
8061	0
8062	2
8063	0
8064	0
8065	0
8066	0
8067	1
8068	1
8069	0
8070	0
8071	0
8072	0
8073	0
8074	0
8075	1
8076	1
8077	0
8078	0
8079	0
8080	0
8081	0
8082	0
8083	0
8084	0
8085	0
8086	0
8087	0
8088	1
8089	0
8090	0
8091	0
8092	0
8093	0
8094	1
8095	0
8096	0
8097	0
8098	0
8099	0
8100	0
8101	0
8102	0
8103	0
8104	0
8105	0
8106	0
8107	0
8108	0
8109	0
8110	0
8111	0
8112	0
8113	0
8114	0
8115	0
8116	0
8117	0
8118	0
8119	0
8120	0
8121	0
8122	0
8123	0
8124	0
8125	0
8126	0
8127	0
8128	0
8129	0
8130	0
8131	0
8132	0
8133	0
8134	0
8135	0
8136	0
8137	0
8138	0
8139	0
8140	0
8141	0
8142	0
8143	0
8144	0
8145	0
8146	0
8147	0
8148	0
8149	0
8150	0
8151	0
8152	0
8153	0
8154	0
8155	0
8156	0
8157	0
8158	0
8159	0
8160	0
8161	0
8162	0
8163	0
8164	0
8165	0
8166	0
8167	0
8168	0
8169	0
8170	0
8171	0
8172	0
8173	0
8174	0
8175	0
8176	0
8177	0
8178	0
8179	0
8180	0
8181	0
8182	0
8183	0
8184	0
8185	0
8186	0
8187	0
8188	0
8189	0
8190	0
8191	0
