0	0
1	0
2	0
3	0
4	0
5	0
6	0
7	0
8	0
9	0
10	0
11	0
12	1
13	0
14	0
15	0
16	0
17	0
18	0
19	0
20	0
21	0
22	0
23	0
24	0
25	0
26	0
27	0
28	0
29	0
30	0
31	0
32	0
33	0
34	0
35	0
36	0
37	0
38	0
39	0
40	0
41	0
42	0
43	0
44	0
45	0
46	0
47	0
48	1
49	1
50	0
51	1
52	1
53	0
54	2
55	2
56	5
57	1
58	0
59	4
60	2
61	1
62	4
63	2
64	3
65	2
66	1
67	2
68	1
69	2
70	2
71	3
72	3
73	1
74	5
75	4
76	1
77	4
78	4
79	4
80	1
81	4
82	6
83	6
84	8
85	18
86	9
87	17
88	20
89	35
90	93
91	285
92	453
93	566
94	538
95	602
96	578
97	595
98	590
99	628
100	585
101	603
102	600
103	579
104	561
105	604
106	621
107	553
108	586
109	608
110	604
111	598
112	583
113	597
114	582
115	614
116	570
117	595
118	612
119	577
120	612
121	600
122	624
123	576
124	606
125	610
126	568
127	570
128	606
129	605
130	605
131	624
132	604
133	592
134	628
135	626
136	591
137	575
138	595
139	610
140	636
141	636
142	586
143	584
144	574
145	638
146	522
147	602
148	642
149	619
150	579
151	635
152	576
153	603
154	635
155	624
156	578
157	565
158	597
159	631
160	647
161	587
162	643
163	599
164	632
165	616
166	610
167	611
168	602
169	607
170	617
171	595
172	592
173	579
174	607
175	584
176	598
177	648
178	662
179	601
180	630
181	587
182	609
183	611
184	614
185	587
186	636
187	592
188	659
189	625
190	606
191	647
192	628
193	581
194	627
195	635
196	613
197	586
198	647
199	601
200	568
201	650
202	636
203	620
204	610
205	632
206	570
207	629
208	582
209	606
210	643
211	610
212	591
213	587
214	583
215	596
216	601
217	612
218	625
219	634
220	661
221	626
222	647
223	612
224	628
225	631
226	582
227	611
228	587
229	642
230	605
231	576
232	635
233	636
234	636
235	595
236	595
237	676
238	625
239	622
240	638
241	596
242	618
243	637
244	577
245	618
246	573
247	624
248	666
249	636
250	633
251	632
252	581
253	640
254	642
255	640
256	618
257	639
258	650
259	656
260	670
261	596
262	621
263	589
264	601
265	621
266	592
267	588
268	627
269	583
270	614
271	628
272	640
273	646
274	617
275	640
276	597
277	628
278	632
279	617
280	620
281	622
282	654
283	580
284	670
285	670
286	621
287	623
288	595
289	656
290	604
291	641
292	597
293	678
294	663
295	612
296	656
297	636
298	706
299	632
300	649
301	602
302	648
303	629
304	612
305	598
306	655
307	681
308	629
309	672
310	714
311	652
312	662
313	654
314	646
315	639
316	648
317	659
318	646
319	650
320	634
321	672
322	621
323	627
324	644
325	644
326	632
327	623
328	608
329	637
330	668
331	605
332	662
333	654
334	679
335	627
336	654
337	658
338	658
339	666
340	655
341	694
342	697
343	633
344	642
345	634
346	622
347	617
348	673
349	643
350	690
351	687
352	655
353	630
354	663
355	665
356	679
357	662
358	633
359	635
360	665
361	620
362	664
363	681
364	703
365	634
366	637
367	676
368	631
369	698
370	644
371	631
372	680
373	656
374	676
375	632
376	662
377	693
378	654
379	701
380	616
381	612
382	647
383	638
384	640
385	658
386	627
387	657
388	726
389	653
390	649
391	671
392	656
393	660
394	618
395	632
396	692
397	652
398	645
399	633
400	628
401	667
402	680
403	612
404	696
405	685
406	615
407	622
408	627
409	669
410	653
411	686
412	665
413	622
414	628
415	638
416	609
417	627
418	647
419	671
420	651
421	681
422	676
423	674
424	691
425	678
426	694
427	618
428	635
429	686
430	634
431	665
432	671
433	646
434	684
435	654
436	654
437	661
438	673
439	682
440	675
441	631
442	660
443	637
444	664
445	723
446	706
447	658
448	650
449	653
450	663
451	724
452	667
453	674
454	667
455	628
456	663
457	649
458	698
459	658
460	703
461	649
462	651
463	658
464	679
465	708
466	682
467	716
468	698
469	683
470	698
471	684
472	643
473	682
474	644
475	668
476	678
477	658
478	703
479	711
480	663
481	671
482	682
483	702
484	727
485	693
486	665
487	641
488	741
489	704
490	717
491	724
492	672
493	708
494	718
495	703
496	681
497	674
498	715
499	677
500	693
501	704
502	695
503	711
504	699
505	736
506	720
507	800
508	682
509	677
510	694
511	715
512	723
513	682
514	699
515	701
516	700
517	703
518	715
519	725
520	714
521	735
522	679
523	712
524	695
525	745
526	727
527	727
528	693
529	724
530	730
531	780
532	713
533	716
534	687
535	690
536	656
537	677
538	735
539	753
540	723
541	758
542	690
543	664
544	765
545	699
546	726
547	712
548	716
549	710
550	716
551	691
552	730
553	699
554	726
555	728
556	694
557	744
558	701
559	703
560	696
561	757
562	725
563	747
564	753
565	714
566	738
567	712
568	729
569	725
570	706
571	709
572	732
573	685
574	745
575	704
576	721
577	751
578	722
579	696
580	695
581	751
582	766
583	708
584	693
585	683
586	688
587	688
588	731
589	737
590	714
591	710
592	709
593	731
594	771
595	749
596	723
597	752
598	711
599	626
600	719
601	676
602	730
603	772
604	794
605	698
606	723
607	715
608	733
609	725
610	727
611	718
612	759
613	739
614	726
615	756
616	749
617	700
618	797
619	762
620	738
621	706
622	726
623	782
624	734
625	703
626	697
627	806
628	716
629	729
630	713
631	698
632	734
633	751
634	672
635	746
636	765
637	761
638	733
639	755
640	718
641	754
642	796
643	717
644	733
645	732
646	741
647	780
648	748
649	744
650	801
651	738
652	752
653	774
654	749
655	772
656	743
657	746
658	739
659	741
660	707
661	801
662	836
663	742
664	759
665	800
666	797
667	776
668	760
669	737
670	797
671	772
672	826
673	744
674	783
675	807
676	788
677	764
678	791
679	791
680	815
681	774
682	820
683	793
684	849
685	793
686	808
687	815
688	801
689	867
690	844
691	846
692	840
693	883
694	859
695	897
696	824
697	800
698	819
699	839
700	921
701	908
702	831
703	909
704	873
705	900
706	877
707	862
708	880
709	881
710	925
711	875
712	954
713	908
714	885
715	884
716	945
717	927
718	903
719	940
720	968
721	925
722	860
723	960
724	951
725	942
726	928
727	969
728	954
729	964
730	926
731	1010
732	973
733	1031
734	1010
735	1024
736	993
737	1031
738	1002
739	1033
740	966
741	1030
742	1042
743	1089
744	1059
745	1066
746	1033
747	1042
748	1037
749	1072
750	1088
751	1034
752	1002
753	1063
754	1065
755	1064
756	1070
757	1102
758	1042
759	1069
760	1086
761	1136
762	1126
763	1112
764	1089
765	1094
766	1083
767	1105
768	1111
769	1112
770	1085
771	1080
772	1091
773	1086
774	1085
775	1074
776	1127
777	1159
778	1084
779	1077
780	1080
781	1108
782	1103
783	1080
784	1085
785	1050
786	1112
787	1137
788	1092
789	1080
790	1026
791	1051
792	1069
793	1083
794	1049
795	1059
796	1056
797	1023
798	1074
799	1034
800	1012
801	1065
802	1106
803	1037
804	1044
805	1006
806	984
807	1080
808	1042
809	1030
810	1064
811	1020
812	1020
813	1059
814	1023
815	1007
816	999
817	1034
818	1042
819	958
820	1072
821	962
822	976
823	1020
824	986
825	997
826	956
827	1006
828	983
829	980
830	971
831	1043
832	1021
833	1025
834	1008
835	967
836	981
837	966
838	951
839	925
840	995
841	974
842	907
843	1007
844	992
845	982
846	938
847	980
848	976
849	1000
850	945
851	989
852	928
853	964
854	973
855	907
856	916
857	953
858	903
859	891
860	918
861	914
862	925
863	977
864	956
865	922
866	904
867	885
868	915
869	943
870	997
871	930
872	913
873	886
874	899
875	944
876	1030
877	909
878	912
879	884
880	952
881	901
882	920
883	922
884	964
885	943
886	924
887	928
888	914
889	933
890	895
891	911
892	898
893	874
894	928
895	897
896	893
897	902
898	895
899	851
900	896
901	867
902	911
903	914
904	918
905	933
906	845
907	912
908	898
909	906
910	918
911	886
912	888
913	870
914	872
915	905
916	870
917	940
918	900
919	852
920	853
921	852
922	834
923	895
924	870
925	859
926	899
927	860
928	870
929	865
930	910
931	912
932	924
933	888
934	842
935	866
936	826
937	826
938	899
939	842
940	884
941	866
942	887
943	882
944	845
945	898
946	828
947	862
948	873
949	853
950	892
951	869
952	877
953	867
954	871
955	848
956	870
957	834
958	854
959	870
960	842
961	843
962	789
963	919
964	893
965	837
966	860
967	807
968	910
969	845
970	836
971	848
972	808
973	780
974	840
975	801
976	878
977	830
978	845
979	776
980	888
981	833
982	886
983	821
984	789
985	839
986	797
987	805
988	830
989	791
990	854
991	841
992	772
993	818
994	828
995	847
996	862
997	791
998	806
999	850
1000	822
1001	826
1002	822
1003	821
1004	854
1005	798
1006	802
1007	839
1008	760
1009	782
1010	748
1011	799
1012	778
1013	805
1014	791
1015	810
1016	785
1017	773
1018	737
1019	760
1020	799
1021	729
1022	798
1023	796
1024	782
1025	762
1026	818
1027	768
1028	808
1029	793
1030	789
1031	819
1032	807
1033	782
1034	789
1035	761
1036	782
1037	797
1038	726
1039	775
1040	738
1041	739
1042	751
1043	738
1044	764
1045	758
1046	775
1047	782
1048	766
1049	744
1050	730
1051	764
1052	783
1053	692
1054	732
1055	764
1056	730
1057	728
1058	757
1059	727
1060	733
1061	741
1062	818
1063	712
1064	759
1065	736
1066	711
1067	742
1068	725
1069	764
1070	721
1071	702
1072	704
1073	750
1074	703
1075	724
1076	707
1077	718
1078	715
1079	750
1080	690
1081	742
1082	740
1083	736
1084	736
1085	722
1086	684
1087	710
1088	715
1089	741
1090	759
1091	685
1092	706
1093	741
1094	715
1095	691
1096	689
1097	699
1098	739
1099	756
1100	714
1101	705
1102	708
1103	708
1104	728
1105	722
1106	680
1107	733
1108	688
1109	654
1110	704
1111	733
1112	714
1113	690
1114	698
1115	690
1116	699
1117	663
1118	690
1119	637
1120	710
1121	705
1122	613
1123	733
1124	653
1125	651
1126	677
1127	711
1128	687
1129	673
1130	639
1131	639
1132	651
1133	677
1134	653
1135	689
1136	674
1137	689
1138	668
1139	706
1140	632
1141	642
1142	663
1143	652
1144	636
1145	671
1146	668
1147	690
1148	660
1149	659
1150	637
1151	662
1152	647
1153	648
1154	723
1155	651
1156	640
1157	655
1158	659
1159	681
1160	710
1161	660
1162	643
1163	701
1164	650
1165	637
1166	664
1167	624
1168	621
1169	675
1170	660
1171	603
1172	638
1173	682
1174	645
1175	658
1176	673
1177	622
1178	636
1179	655
1180	651
1181	673
1182	660
1183	660
1184	627
1185	651
1186	643
1187	661
1188	621
1189	691
1190	667
1191	639
1192	664
1193	640
1194	639
1195	620
1196	621
1197	610
1198	656
1199	685
1200	633
1201	641
1202	617
1203	645
1204	623
1205	613
1206	645
1207	663
1208	633
1209	622
1210	642
1211	601
1212	638
1213	624
1214	673
1215	671
1216	620
1217	654
1218	613
1219	599
1220	696
1221	657
1222	673
1223	647
1224	645
1225	594
1226	642
1227	629
1228	615
1229	601
1230	688
1231	624
1232	600
1233	636
1234	677
1235	636
1236	648
1237	581
1238	685
1239	670
1240	654
1241	641
1242	628
1243	670
1244	631
1245	637
1246	689
1247	631
1248	613
1249	698
1250	635
1251	607
1252	643
1253	631
1254	638
1255	605
1256	656
1257	675
1258	661
1259	638
1260	612
1261	626
1262	618
1263	630
1264	631
1265	605
1266	615
1267	605
1268	611
1269	570
1270	648
1271	654
1272	656
1273	668
1274	612
1275	653
1276	638
1277	632
1278	662
1279	676
1280	671
1281	662
1282	624
1283	619
1284	657
1285	610
1286	628
1287	633
1288	640
1289	625
1290	615
1291	625
1292	642
1293	626
1294	611
1295	672
1296	639
1297	663
1298	642
1299	574
1300	632
1301	614
1302	656
1303	607
1304	656
1305	639
1306	696
1307	637
1308	611
1309	654
1310	587
1311	645
1312	633
1313	661
1314	626
1315	612
1316	639
1317	632
1318	626
1319	637
1320	580
1321	637
1322	627
1323	626
1324	617
1325	632
1326	606
1327	638
1328	631
1329	595
1330	622
1331	633
1332	624
1333	626
1334	644
1335	655
1336	595
1337	649
1338	628
1339	688
1340	592
1341	635
1342	628
1343	601
1344	672
1345	533
1346	593
1347	652
1348	606
1349	638
1350	621
1351	591
1352	630
1353	651
1354	619
1355	605
1356	562
1357	641
1358	622
1359	611
1360	653
1361	667
1362	650
1363	606
1364	609
1365	596
1366	609
1367	608
1368	594
1369	572
1370	618
1371	600
1372	609
1373	570
1374	602
1375	595
1376	567
1377	608
1378	631
1379	597
1380	607
1381	587
1382	616
1383	562
1384	562
1385	558
1386	606
1387	568
1388	533
1389	551
1390	603
1391	562
1392	590
1393	585
1394	559
1395	538
1396	509
1397	543
1398	546
1399	546
1400	547
1401	597
1402	534
1403	521
1404	523
1405	558
1406	553
1407	529
1408	567
1409	574
1410	538
1411	554
1412	520
1413	558
1414	516
1415	546
1416	540
1417	549
1418	467
1419	509
1420	536
1421	509
1422	532
1423	496
1424	514
1425	483
1426	479
1427	516
1428	510
1429	529
1430	506
1431	503
1432	515
1433	488
1434	494
1435	491
1436	437
1437	478
1438	470
1439	473
1440	485
1441	419
1442	513
1443	466
1444	452
1445	448
1446	490
1447	452
1448	458
1449	455
1450	409
1451	446
1452	448
1453	473
1454	471
1455	433
1456	411
1457	438
1458	453
1459	425
1460	384
1461	404
1462	411
1463	408
1464	417
1465	447
1466	417
1467	451
1468	392
1469	393
1470	413
1471	390
1472	406
1473	378
1474	400
1475	374
1476	385
1477	396
1478	413
1479	395
1480	384
1481	373
1482	360
1483	377
1484	352
1485	397
1486	346
1487	345
1488	402
1489	340
1490	374
1491	377
1492	369
1493	355
1494	383
1495	362
1496	328
1497	325
1498	362
1499	337
1500	364
1501	380
1502	335
1503	329
1504	311
1505	343
1506	300
1507	353
1508	324
1509	327
1510	328
1511	337
1512	326
1513	336
1514	338
1515	295
1516	313
1517	359
1518	300
1519	336
1520	307
1521	306
1522	342
1523	334
1524	303
1525	298
1526	327
1527	328
1528	309
1529	332
1530	308
1531	364
1532	320
1533	308
1534	345
1535	297
1536	297
1537	266
1538	303
1539	272
1540	319
1541	311
1542	328
1543	314
1544	305
1545	299
1546	289
1547	287
1548	272
1549	319
1550	318
1551	310
1552	290
1553	297
1554	292
1555	280
1556	259
1557	298
1558	319
1559	261
1560	279
1561	271
1562	309
1563	282
1564	256
1565	293
1566	286
1567	288
1568	315
1569	275
1570	241
1571	283
1572	271
1573	261
1574	286
1575	260
1576	292
1577	291
1578	320
1579	250
1580	268
1581	268
1582	284
1583	273
1584	244
1585	269
1586	284
1587	277
1588	260
1589	296
1590	259
1591	253
1592	251
1593	279
1594	289
1595	246
1596	241
1597	272
1598	289
1599	259
1600	230
1601	283
1602	247
1603	266
1604	258
1605	274
1606	246
1607	231
1608	287
1609	243
1610	235
1611	250
1612	249
1613	293
1614	238
1615	243
1616	272
1617	246
1618	250
1619	258
1620	234
1621	238
1622	264
1623	247
1624	257
1625	248
1626	247
1627	277
1628	264
1629	266
1630	236
1631	240
1632	256
1633	239
1634	242
1635	254
1636	224
1637	225
1638	245
1639	268
1640	254
1641	243
1642	264
1643	254
1644	244
1645	243
1646	229
1647	243
1648	274
1649	260
1650	257
1651	225
1652	251
1653	251
1654	224
1655	216
1656	239
1657	241
1658	279
1659	247
1660	238
1661	215
1662	224
1663	225
1664	218
1665	252
1666	249
1667	235
1668	217
1669	230
1670	226
1671	207
1672	206
1673	235
1674	242
1675	240
1676	224
1677	222
1678	241
1679	265
1680	243
1681	261
1682	211
1683	215
1684	226
1685	201
1686	224
1687	233
1688	211
1689	219
1690	241
1691	222
1692	235
1693	202
1694	240
1695	200
1696	238
1697	221
1698	228
1699	201
1700	278
1701	194
1702	227
1703	230
1704	229
1705	254
1706	210
1707	243
1708	216
1709	213
1710	217
1711	224
1712	209
1713	222
1714	230
1715	218
1716	245
1717	220
1718	224
1719	234
1720	213
1721	247
1722	245
1723	238
1724	214
1725	195
1726	216
1727	196
1728	202
1729	220
1730	210
1731	218
1732	238
1733	265
1734	203
1735	208
1736	216
1737	213
1738	214
1739	192
1740	216
1741	211
1742	237
1743	227
1744	215
1745	223
1746	198
1747	207
1748	219
1749	224
1750	223
1751	215
1752	222
1753	207
1754	188
1755	223
1756	220
1757	223
1758	207
1759	195
1760	216
1761	209
1762	208
1763	195
1764	208
1765	173
1766	209
1767	198
1768	206
1769	250
1770	210
1771	215
1772	208
1773	222
1774	229
1775	208
1776	201
1777	202
1778	224
1779	196
1780	212
1781	208
1782	199
1783	191
1784	228
1785	205
1786	221
1787	202
1788	212
1789	222
1790	189
1791	199
1792	193
1793	203
1794	244
1795	183
1796	223
1797	220
1798	216
1799	188
1800	231
1801	197
1802	233
1803	230
1804	208
1805	214
1806	210
1807	205
1808	208
1809	205
1810	198
1811	211
1812	216
1813	203
1814	199
1815	200
1816	218
1817	210
1818	209
1819	211
1820	213
1821	209
1822	227
1823	195
1824	198
1825	217
1826	208
1827	204
1828	196
1829	200
1830	215
1831	207
1832	222
1833	194
1834	215
1835	210
1836	214
1837	199
1838	216
1839	230
1840	203
1841	217
1842	190
1843	213
1844	198
1845	209
1846	209
1847	194
1848	204
1849	204
1850	211
1851	201
1852	226
1853	196
1854	204
1855	204
1856	204
1857	220
1858	211
1859	222
1860	210
1861	191
1862	192
1863	208
1864	223
1865	207
1866	187
1867	220
1868	202
1869	201
1870	204
1871	220
1872	227
1873	224
1874	199
1875	215
1876	207
1877	203
1878	207
1879	210
1880	251
1881	226
1882	194
1883	220
1884	200
1885	178
1886	177
1887	200
1888	207
1889	232
1890	220
1891	176
1892	189
1893	216
1894	203
1895	176
1896	217
1897	185
1898	195
1899	211
1900	219
1901	222
1902	185
1903	232
1904	216
1905	211
1906	196
1907	229
1908	216
1909	240
1910	216
1911	213
1912	224
1913	197
1914	206
1915	217
1916	225
1917	194
1918	206
1919	204
1920	206
1921	199
1922	214
1923	216
1924	188
1925	212
1926	224
1927	204
1928	228
1929	238
1930	196
1931	195
1932	214
1933	207
1934	186
1935	213
1936	236
1937	203
1938	209
1939	223
1940	229
1941	206
1942	226
1943	217
1944	234
1945	203
1946	230
1947	223
1948	221
1949	201
1950	217
1951	209
1952	238
1953	225
1954	209
1955	224
1956	243
1957	221
1958	217
1959	231
1960	206
1961	235
1962	242
1963	240
1964	237
1965	236
1966	232
1967	264
1968	243
1969	219
1970	216
1971	253
1972	231
1973	235
1974	249
1975	239
1976	245
1977	267
1978	272
1979	269
1980	270
1981	260
1982	258
1983	252
1984	247
1985	280
1986	268
1987	266
1988	284
1989	277
1990	262
1991	274
1992	282
1993	305
1994	285
1995	292
1996	287
1997	285
1998	295
1999	301
2000	303
2001	327
2002	313
2003	306
2004	318
2005	298
2006	306
2007	316
2008	298
2009	327
2010	350
2011	354
2012	347
2013	348
2014	405
2015	359
2016	327
2017	373
2018	368
2019	389
2020	358
2021	410
2022	385
2023	355
2024	420
2025	409
2026	442
2027	416
2028	391
2029	469
2030	468
2031	471
2032	479
2033	448
2034	457
2035	470
2036	479
2037	496
2038	502
2039	530
2040	489
2041	532
2042	510
2043	543
2044	602
2045	572
2046	582
2047	571
2048	583
2049	602
2050	648
2051	626
2052	664
2053	651
2054	680
2055	677
2056	718
2057	710
2058	732
2059	764
2060	757
2061	797
2062	827
2063	822
2064	753
2065	860
2066	819
2067	839
2068	864
2069	835
2070	906
2071	868
2072	895
2073	951
2074	1000
2075	1013
2076	970
2077	1044
2078	1073
2079	1011
2080	1047
2081	1121
2082	1032
2083	1172
2084	1113
2085	1195
2086	1206
2087	1252
2088	1324
2089	1180
2090	1259
2091	1335
2092	1297
2093	1354
2094	1440
2095	1462
2096	1479
2097	1471
2098	1502
2099	1539
2100	1578
2101	1513
2102	1659
2103	1640
2104	1575
2105	1651
2106	1701
2107	1651
2108	1683
2109	1789
2110	1837
2111	1859
2112	1767
2113	1760
2114	1935
2115	1927
2116	2017
2117	2052
2118	1965
2119	1998
2120	1994
2121	2190
2122	2214
2123	2193
2124	2189
2125	2134
2126	2223
2127	2265
2128	2229
2129	2403
2130	2379
2131	2422
2132	2466
2133	2521
2134	2471
2135	2532
2136	2571
2137	2612
2138	2666
2139	2701
2140	2625
2141	2734
2142	2657
2143	2802
2144	2907
2145	2821
2146	2889
2147	2976
2148	2937
2149	3016
2150	2933
2151	3072
2152	2942
2153	3148
2154	3070
2155	3073
2156	3127
2157	3162
2158	3151
2159	3142
2160	3341
2161	3212
2162	3244
2163	3374
2164	3298
2165	3377
2166	3418
2167	3407
2168	3497
2169	3481
2170	3464
2171	3615
2172	3630
2173	3589
2174	3694
2175	3626
2176	3700
2177	3819
2178	3815
2179	3668
2180	3794
2181	3803
2182	3795
2183	3783
2184	3685
2185	3909
2186	3855
2187	3878
2188	3927
2189	4010
2190	3868
2191	3878
2192	3954
2193	3844
2194	3999
2195	3985
2196	4074
2197	3954
2198	3945
2199	3966
2200	3921
2201	4043
2202	4088
2203	3955
2204	3979
2205	3999
2206	3969
2207	4141
2208	4095
2209	4116
2210	4002
2211	4067
2212	4131
2213	3994
2214	4012
2215	4163
2216	4036
2217	3932
2218	4044
2219	4017
2220	4027
2221	4091
2222	4025
2223	4091
2224	4027
2225	3932
2226	3885
2227	3905
2228	3914
2229	3874
2230	4024
2231	3878
2232	3813
2233	3891
2234	3804
2235	3848
2236	3749
2237	3833
2238	3890
2239	3796
2240	3650
2241	3679
2242	3700
2243	3591
2244	3647
2245	3621
2246	3528
2247	3602
2248	3608
2249	3453
2250	3527
2251	3439
2252	3399
2253	3406
2254	3363
2255	3351
2256	3174
2257	3207
2258	3326
2259	3201
2260	3229
2261	3248
2262	3153
2263	3155
2264	3144
2265	3114
2266	3019
2267	2872
2268	3060
2269	2940
2270	2872
2271	2853
2272	2798
2273	2885
2274	2722
2275	2673
2276	2753
2277	2700
2278	2548
2279	2655
2280	2470
2281	2549
2282	2484
2283	2450
2284	2470
2285	2417
2286	2321
2287	2333
2288	2309
2289	2246
2290	2188
2291	2203
2292	2166
2293	2120
2294	2132
2295	2041
2296	2069
2297	1933
2298	2006
2299	1957
2300	1930
2301	1896
2302	1851
2303	1750
2304	1811
2305	1748
2306	1722
2307	1659
2308	1727
2309	1642
2310	1597
2311	1576
2312	1527
2313	1436
2314	1444
2315	1421
2316	1404
2317	1404
2318	1396
2319	1332
2320	1296
2321	1318
2322	1225
2323	1210
2324	1233
2325	1269
2326	1181
2327	1154
2328	1139
2329	1072
2330	1087
2331	1021
2332	1002
2333	1049
2334	1013
2335	967
2336	958
2337	913
2338	907
2339	870
2340	873
2341	803
2342	879
2343	826
2344	786
2345	791
2346	805
2347	774
2348	737
2349	753
2350	721
2351	702
2352	661
2353	665
2354	635
2355	647
2356	618
2357	602
2358	596
2359	599
2360	537
2361	567
2362	537
2363	551
2364	528
2365	490
2366	497
2367	488
2368	479
2369	493
2370	438
2371	445
2372	426
2373	458
2374	378
2375	381
2376	414
2377	363
2378	400
2379	355
2380	371
2381	397
2382	350
2383	334
2384	384
2385	354
2386	344
2387	325
2388	317
2389	283
2390	309
2391	291
2392	306
2393	284
2394	272
2395	267
2396	270
2397	276
2398	274
2399	271
2400	266
2401	274
2402	232
2403	244
2404	270
2405	224
2406	235
2407	216
2408	234
2409	242
2410	225
2411	232
2412	232
2413	227
2414	210
2415	191
2416	197
2417	226
2418	239
2419	200
2420	195
2421	203
2422	207
2423	228
2424	206
2425	190
2426	222
2427	177
2428	208
2429	171
2430	168
2431	200
2432	189
2433	182
2434	161
2435	186
2436	197
2437	182
2438	171
2439	178
2440	178
2441	153
2442	173
2443	176
2444	164
2445	169
2446	164
2447	165
2448	192
2449	175
2450	159
2451	149
2452	160
2453	165
2454	176
2455	160
2456	156
2457	161
2458	172
2459	158
2460	166
2461	151
2462	168
2463	151
2464	157
2465	144
2466	140
2467	139
2468	150
2469	153
2470	166
2471	164
2472	168
2473	142
2474	153
2475	143
2476	138
2477	145
2478	167
2479	143
2480	135
2481	156
2482	177
2483	151
2484	160
2485	153
2486	147
2487	151
2488	168
2489	166
2490	140
2491	152
2492	128
2493	136
2494	139
2495	142
2496	142
2497	149
2498	133
2499	137
2500	143
2501	141
2502	146
2503	162
2504	139
2505	155
2506	160
2507	176
2508	149
2509	147
2510	134
2511	145
2512	139
2513	166
2514	136
2515	131
2516	167
2517	145
2518	151
2519	158
2520	143
2521	168
2522	129
2523	134
2524	160
2525	143
2526	164
2527	168
2528	134
2529	128
2530	160
2531	140
2532	153
2533	137
2534	150
2535	140
2536	145
2537	146
2538	146
2539	133
2540	172
2541	153
2542	133
2543	153
2544	143
2545	155
2546	153
2547	143
2548	149
2549	146
2550	132
2551	160
2552	160
2553	159
2554	158
2555	151
2556	149
2557	162
2558	135
2559	140
2560	142
2561	146
2562	169
2563	142
2564	152
2565	142
2566	145
2567	135
2568	153
2569	145
2570	150
2571	151
2572	129
2573	147
2574	167
2575	141
2576	154
2577	134
2578	144
2579	168
2580	151
2581	142
2582	143
2583	138
2584	151
2585	144
2586	169
2587	163
2588	159
2589	151
2590	121
2591	134
2592	132
2593	161
2594	146
2595	162
2596	138
2597	140
2598	156
2599	137
2600	134
2601	129
2602	139
2603	149
2604	146
2605	129
2606	144
2607	132
2608	122
2609	148
2610	153
2611	138
2612	128
2613	135
2614	136
2615	153
2616	132
2617	140
2618	138
2619	134
2620	135
2621	130
2622	139
2623	154
2624	146
2625	142
2626	149
2627	152
2628	145
2629	124
2630	138
2631	160
2632	147
2633	138
2634	156
2635	153
2636	165
2637	148
2638	127
2639	129
2640	120
2641	152
2642	130
2643	131
2644	156
2645	122
2646	130
2647	136
2648	138
2649	151
2650	144
2651	124
2652	130
2653	143
2654	140
2655	136
2656	145
2657	123
2658	167
2659	165
2660	135
2661	128
2662	144
2663	120
2664	136
2665	160
2666	128
2667	130
2668	127
2669	145
2670	153
2671	144
2672	149
2673	146
2674	132
2675	143
2676	145
2677	157
2678	113
2679	149
2680	156
2681	124
2682	132
2683	120
2684	131
2685	140
2686	133
2687	143
2688	155
2689	138
2690	136
2691	137
2692	130
2693	157
2694	131
2695	159
2696	135
2697	146
2698	141
2699	142
2700	152
2701	145
2702	160
2703	128
2704	120
2705	140
2706	154
2707	138
2708	130
2709	145
2710	146
2711	156
2712	151
2713	135
2714	140
2715	146
2716	135
2717	142
2718	137
2719	130
2720	137
2721	136
2722	156
2723	143
2724	154
2725	135
2726	128
2727	154
2728	153
2729	154
2730	142
2731	152
2732	151
2733	140
2734	148
2735	144
2736	142
2737	125
2738	128
2739	154
2740	136
2741	149
2742	142
2743	143
2744	146
2745	149
2746	151
2747	144
2748	133
2749	147
2750	137
2751	139
2752	146
2753	126
2754	141
2755	157
2756	160
2757	142
2758	143
2759	130
2760	138
2761	123
2762	165
2763	140
2764	136
2765	143
2766	131
2767	149
2768	148
2769	127
2770	133
2771	150
2772	131
2773	130
2774	125
2775	127
2776	131
2777	141
2778	150
2779	144
2780	126
2781	134
2782	132
2783	111
2784	130
2785	123
2786	172
2787	140
2788	135
2789	134
2790	130
2791	164
2792	157
2793	145
2794	162
2795	142
2796	156
2797	146
2798	156
2799	151
2800	142
2801	147
2802	145
2803	142
2804	129
2805	134
2806	151
2807	124
2808	134
2809	121
2810	169
2811	156
2812	141
2813	158
2814	154
2815	134
2816	143
2817	148
2818	143
2819	136
2820	146
2821	146
2822	145
2823	153
2824	157
2825	141
2826	158
2827	133
2828	152
2829	142
2830	148
2831	140
2832	155
2833	151
2834	141
2835	138
2836	158
2837	135
2838	145
2839	143
2840	147
2841	133
2842	138
2843	166
2844	134
2845	156
2846	149
2847	144
2848	146
2849	121
2850	140
2851	150
2852	146
2853	138
2854	125
2855	160
2856	137
2857	144
2858	156
2859	149
2860	138
2861	159
2862	146
2863	129
2864	140
2865	142
2866	138
2867	140
2868	139
2869	152
2870	167
2871	164
2872	120
2873	152
2874	144
2875	148
2876	137
2877	137
2878	157
2879	128
2880	142
2881	118
2882	148
2883	132
2884	132
2885	147
2886	155
2887	158
2888	128
2889	158
2890	161
2891	165
2892	165
2893	151
2894	142
2895	129
2896	155
2897	158
2898	142
2899	151
2900	170
2901	143
2902	163
2903	139
2904	171
2905	176
2906	136
2907	135
2908	135
2909	170
2910	150
2911	146
2912	159
2913	136
2914	148
2915	157
2916	145
2917	156
2918	146
2919	141
2920	161
2921	147
2922	154
2923	131
2924	143
2925	148
2926	177
2927	162
2928	150
2929	140
2930	156
2931	156
2932	130
2933	133
2934	154
2935	161
2936	139
2937	159
2938	155
2939	165
2940	141
2941	165
2942	145
2943	162
2944	167
2945	180
2946	164
2947	163
2948	137
2949	161
2950	148
2951	166
2952	167
2953	151
2954	158
2955	158
2956	151
2957	145
2958	128
2959	146
2960	133
2961	129
2962	137
2963	163
2964	179
2965	175
2966	169
2967	181
2968	148
2969	143
2970	149
2971	154
2972	176
2973	157
2974	127
2975	162
2976	171
2977	147
2978	137
2979	152
2980	171
2981	164
2982	146
2983	180
2984	181
2985	164
2986	190
2987	169
2988	137
2989	163
2990	145
2991	154
2992	148
2993	135
2994	156
2995	154
2996	171
2997	143
2998	196
2999	176
3000	200
3001	157
3002	155
3003	136
3004	168
3005	155
3006	162
3007	171
3008	155
3009	155
3010	151
3011	125
3012	184
3013	158
3014	148
3015	158
3016	158
3017	141
3018	153
3019	161
3020	155
3021	171
3022	146
3023	187
3024	144
3025	174
3026	169
3027	151
3028	193
3029	159
3030	172
3031	155
3032	180
3033	161
3034	173
3035	175
3036	163
3037	155
3038	160
3039	148
3040	166
3041	155
3042	152
3043	149
3044	177
3045	143
3046	163
3047	153
3048	164
3049	150
3050	173
3051	166
3052	155
3053	157
3054	153
3055	158
3056	153
3057	132
3058	200
3059	166
3060	161
3061	162
3062	139
3063	160
3064	181
3065	161
3066	166
3067	141
3068	166
3069	154
3070	166
3071	173
3072	146
3073	158
3074	140
3075	166
3076	175
3077	159
3078	156
3079	138
3080	160
3081	138
3082	174
3083	133
3084	166
3085	161
3086	155
3087	151
3088	162
3089	166
3090	146
3091	156
3092	140
3093	149
3094	157
3095	150
3096	146
3097	159
3098	162
3099	138
3100	140
3101	132
3102	149
3103	157
3104	157
3105	150
3106	156
3107	189
3108	149
3109	160
3110	155
3111	158
3112	160
3113	151
3114	165
3115	150
3116	152
3117	144
3118	161
3119	156
3120	152
3121	162
3122	144
3123	152
3124	170
3125	160
3126	154
3127	152
3128	163
3129	155
3130	154
3131	117
3132	170
3133	160
3134	147
3135	162
3136	153
3137	142
3138	138
3139	137
3140	129
3141	147
3142	147
3143	161
3144	144
3145	146
3146	162
3147	156
3148	148
3149	153
3150	149
3151	147
3152	137
3153	139
3154	140
3155	125
3156	144
3157	149
3158	149
3159	148
3160	157
3161	128
3162	150
3163	138
3164	164
3165	147
3166	133
3167	149
3168	160
3169	161
3170	163
3171	150
3172	133
3173	135
3174	135
3175	152
3176	156
3177	139
3178	142
3179	150
3180	139
3181	141
3182	131
3183	158
3184	148
3185	131
3186	126
3187	138
3188	145
3189	127
3190	143
3191	137
3192	165
3193	133
3194	145
3195	158
3196	144
3197	141
3198	143
3199	159
3200	136
3201	144
3202	128
3203	151
3204	141
3205	146
3206	137
3207	139
3208	144
3209	164
3210	153
3211	154
3212	141
3213	130
3214	136
3215	146
3216	141
3217	131
3218	130
3219	141
3220	147
3221	138
3222	114
3223	130
3224	138
3225	111
3226	141
3227	138
3228	117
3229	143
3230	136
3231	131
3232	141
3233	124
3234	141
3235	135
3236	148
3237	133
3238	137
3239	136
3240	114
3241	147
3242	134
3243	145
3244	133
3245	124
3246	134
3247	149
3248	145
3249	146
3250	141
3251	128
3252	146
3253	114
3254	142
3255	135
3256	139
3257	117
3258	130
3259	119
3260	145
3261	142
3262	126
3263	144
3264	120
3265	136
3266	111
3267	130
3268	171
3269	132
3270	132
3271	140
3272	130
3273	127
3274	135
3275	145
3276	118
3277	149
3278	137
3279	125
3280	119
3281	128
3282	136
3283	138
3284	152
3285	136
3286	129
3287	150
3288	121
3289	141
3290	131
3291	150
3292	135
3293	134
3294	130
3295	150
3296	138
3297	134
3298	128
3299	147
3300	123
3301	138
3302	109
3303	125
3304	146
3305	143
3306	156
3307	129
3308	125
3309	136
3310	146
3311	138
3312	140
3313	141
3314	145
3315	157
3316	165
3317	134
3318	151
3319	120
3320	141
3321	154
3322	152
3323	142
3324	131
3325	135
3326	150
3327	146
3328	130
3329	136
3330	128
3331	127
3332	139
3333	137
3334	128
3335	148
3336	139
3337	122
3338	126
3339	125
3340	141
3341	127
3342	144
3343	138
3344	146
3345	131
3346	123
3347	130
3348	143
3349	113
3350	136
3351	125
3352	118
3353	115
3354	152
3355	128
3356	124
3357	126
3358	108
3359	139
3360	136
3361	154
3362	151
3363	128
3364	139
3365	130
3366	127
3367	142
3368	152
3369	133
3370	138
3371	117
3372	126
3373	128
3374	119
3375	132
3376	136
3377	126
3378	120
3379	124
3380	138
3381	128
3382	117
3383	146
3384	145
3385	149
3386	120
3387	134
3388	145
3389	158
3390	138
3391	134
3392	127
3393	125
3394	117
3395	119
3396	150
3397	100
3398	127
3399	154
3400	144
3401	111
3402	122
3403	126
3404	140
3405	150
3406	127
3407	115
3408	153
3409	110
3410	119
3411	120
3412	118
3413	115
3414	149
3415	144
3416	136
3417	131
3418	116
3419	127
3420	126
3421	136
3422	144
3423	130
3424	131
3425	140
3426	145
3427	113
3428	142
3429	123
3430	131
3431	132
3432	135
3433	141
3434	130
3435	135
3436	117
3437	137
3438	130
3439	131
3440	127
3441	151
3442	128
3443	123
3444	121
3445	115
3446	147
3447	121
3448	123
3449	152
3450	125
3451	129
3452	127
3453	119
3454	138
3455	129
3456	115
3457	122
3458	148
3459	137
3460	123
3461	135
3462	132
3463	120
3464	129
3465	145
3466	122
3467	130
3468	130
3469	131
3470	141
3471	114
3472	110
3473	141
3474	126
3475	114
3476	124
3477	108
3478	129
3479	117
3480	120
3481	142
3482	131
3483	112
3484	123
3485	133
3486	114
3487	119
3488	122
3489	148
3490	136
3491	140
3492	130
3493	114
3494	125
3495	139
3496	125
3497	128
3498	142
3499	150
3500	122
3501	135
3502	132
3503	108
3504	117
3505	117
3506	131
3507	130
3508	134
3509	130
3510	132
3511	108
3512	122
3513	141
3514	129
3515	155
3516	118
3517	112
3518	140
3519	135
3520	126
3521	127
3522	128
3523	130
3524	127
3525	136
3526	124
3527	125
3528	119
3529	137
3530	134
3531	128
3532	119
3533	127
3534	118
3535	110
3536	135
3537	123
3538	123
3539	125
3540	110
3541	132
3542	122
3543	123
3544	117
3545	125
3546	123
3547	127
3548	129
3549	121
3550	123
3551	136
3552	135
3553	116
3554	120
3555	123
3556	140
3557	117
3558	133
3559	127
3560	130
3561	118
3562	133
3563	129
3564	145
3565	135
3566	128
3567	129
3568	120
3569	115
3570	109
3571	141
3572	117
3573	139
3574	125
3575	112
3576	125
3577	119
3578	112
3579	138
3580	114
3581	129
3582	121
3583	113
3584	125
3585	110
3586	149
3587	138
3588	126
3589	128
3590	131
3591	143
3592	106
3593	133
3594	111
3595	114
3596	110
3597	133
3598	121
3599	126
3600	129
3601	132
3602	146
3603	133
3604	109
3605	124
3606	129
3607	120
3608	131
3609	124
3610	143
3611	111
3612	144
3613	122
3614	133
3615	140
3616	149
3617	118
3618	113
3619	125
3620	122
3621	116
3622	115
3623	128
3624	116
3625	135
3626	118
3627	128
3628	118
3629	133
3630	117
3631	123
3632	124
3633	122
3634	123
3635	106
3636	135
3637	118
3638	122
3639	123
3640	136
3641	101
3642	136
3643	130
3644	118
3645	116
3646	116
3647	129
3648	122
3649	134
3650	125
3651	116
3652	134
3653	151
3654	129
3655	108
3656	123
3657	131
3658	133
3659	131
3660	112
3661	126
3662	132
3663	106
3664	120
3665	125
3666	128
3667	124
3668	129
3669	138
3670	129
3671	120
3672	107
3673	129
3674	124
3675	123
3676	105
3677	104
3678	115
3679	141
3680	135
3681	120
3682	110
3683	133
3684	141
3685	132
3686	129
3687	123
3688	115
3689	113
3690	128
3691	118
3692	143
3693	124
3694	102
3695	154
3696	106
3697	128
3698	128
3699	109
3700	126
3701	136
3702	111
3703	125
3704	124
3705	130
3706	139
3707	120
3708	140
3709	133
3710	134
3711	112
3712	132
3713	129
3714	145
3715	123
3716	121
3717	148
3718	125
3719	123
3720	122
3721	131
3722	148
3723	112
3724	113
3725	141
3726	133
3727	124
3728	121
3729	131
3730	108
3731	118
3732	141
3733	128
3734	130
3735	96
3736	120
3737	99
3738	112
3739	144
3740	101
3741	121
3742	128
3743	129
3744	126
3745	139
3746	110
3747	120
3748	136
3749	119
3750	129
3751	114
3752	132
3753	120
3754	132
3755	130
3756	117
3757	150
3758	143
3759	105
3760	120
3761	145
3762	113
3763	132
3764	116
3765	135
3766	112
3767	120
3768	105
3769	125
3770	125
3771	148
3772	111
3773	114
3774	123
3775	134
3776	130
3777	146
3778	131
3779	121
3780	141
3781	127
3782	117
3783	134
3784	121
3785	122
3786	133
3787	130
3788	150
3789	115
3790	136
3791	123
3792	134
3793	118
3794	117
3795	102
3796	139
3797	96
3798	117
3799	129
3800	109
3801	118
3802	121
3803	126
3804	117
3805	112
3806	123
3807	131
3808	123
3809	122
3810	125
3811	119
3812	136
3813	165
3814	132
3815	135
3816	129
3817	141
3818	133
3819	148
3820	121
3821	126
3822	122
3823	129
3824	137
3825	129
3826	143
3827	132
3828	126
3829	132
3830	129
3831	122
3832	114
3833	132
3834	111
3835	121
3836	126
3837	106
3838	131
3839	107
3840	106
3841	114
3842	99
3843	119
3844	119
3845	106
3846	139
3847	142
3848	116
3849	153
3850	128
3851	136
3852	136
3853	131
3854	128
3855	126
3856	105
3857	139
3858	136
3859	128
3860	120
3861	123
3862	141
3863	118
3864	141
3865	149
3866	151
3867	130
3868	126
3869	161
3870	142
3871	122
3872	125
3873	125
3874	131
3875	117
3876	121
3877	126
3878	137
3879	130
3880	130
3881	110
3882	125
3883	124
3884	126
3885	109
3886	130
3887	141
3888	126
3889	117
3890	136
3891	134
3892	132
3893	135
3894	135
3895	119
3896	134
3897	132
3898	160
3899	123
3900	130
3901	130
3902	136
3903	131
3904	144
3905	136
3906	111
3907	139
3908	126
3909	145
3910	139
3911	131
3912	155
3913	137
3914	130
3915	136
3916	119
3917	126
3918	123
3919	124
3920	109
3921	144
3922	115
3923	142
3924	126
3925	133
3926	141
3927	135
3928	124
3929	128
3930	126
3931	112
3932	143
3933	112
3934	122
3935	143
3936	141
3937	113
3938	131
3939	126
3940	140
3941	139
3942	133
3943	128
3944	138
3945	132
3946	132
3947	123
3948	133
3949	140
3950	126
3951	118
3952	143
3953	141
3954	120
3955	146
3956	146
3957	132
3958	138
3959	143
3960	134
3961	136
3962	117
3963	114
3964	139
3965	138
3966	144
3967	139
3968	144
3969	132
3970	132
3971	129
3972	138
3973	109
3974	144
3975	140
3976	119
3977	127
3978	129
3979	136
3980	131
3981	129
3982	127
3983	108
3984	131
3985	136
3986	126
3987	136
3988	115
3989	132
3990	153
3991	127
3992	144
3993	114
3994	108
3995	139
3996	146
3997	146
3998	136
3999	114
4000	155
4001	122
4002	138
4003	126
4004	127
4005	150
4006	111
4007	116
4008	136
4009	133
4010	122
4011	123
4012	136
4013	125
4014	143
4015	139
4016	119
4017	142
4018	144
4019	121
4020	126
4021	149
4022	112
4023	148
4024	150
4025	141
4026	126
4027	135
4028	124
4029	125
4030	132
4031	140
4032	146
4033	129
4034	135
4035	124
4036	129
4037	151
4038	121
4039	122
4040	142
4041	158
4042	139
4043	134
4044	150
4045	125
4046	143
4047	128
4048	144
4049	128
4050	115
4051	136
4052	122
4053	137
4054	140
4055	147
4056	119
4057	133
4058	131
4059	116
4060	134
4061	139
4062	151
4063	144
4064	131
4065	137
4066	119
4067	121
4068	131
4069	138
4070	129
4071	156
4072	137
4073	128
4074	113
4075	131
4076	132
4077	129
4078	139
4079	134
4080	140
4081	132
4082	141
4083	147
4084	136
4085	144
4086	140
4087	113
4088	127
4089	129
4090	110
4091	126
4092	133
4093	144
4094	131
4095	141
4096	125
4097	148
4098	114
4099	113
4100	151
4101	133
4102	134
4103	143
4104	147
4105	142
4106	152
4107	130
4108	118
4109	134
4110	126
4111	154
4112	140
4113	154
4114	124
4115	148
4116	147
4117	142
4118	127
4119	126
4120	138
4121	130
4122	127
4123	142
4124	142
4125	126
4126	144
4127	142
4128	152
4129	151
4130	133
4131	131
4132	140
4133	116
4134	141
4135	133
4136	129
4137	125
4138	131
4139	137
4140	136
4141	121
4142	126
4143	141
4144	154
4145	112
4146	163
4147	134
4148	135
4149	129
4150	142
4151	126
4152	138
4153	128
4154	147
4155	131
4156	128
4157	155
4158	132
4159	147
4160	133
4161	163
4162	140
4163	135
4164	138
4165	127
4166	137
4167	124
4168	136
4169	130
4170	118
4171	152
4172	164
4173	143
4174	159
4175	131
4176	139
4177	110
4178	141
4179	139
4180	139
4181	131
4182	118
4183	129
4184	164
4185	153
4186	154
4187	134
4188	126
4189	149
4190	124
4191	138
4192	150
4193	154
4194	130
4195	141
4196	137
4197	126
4198	152
4199	139
4200	146
4201	125
4202	126
4203	141
4204	152
4205	143
4206	139
4207	132
4208	143
4209	137
4210	149
4211	118
4212	139
4213	129
4214	127
4215	142
4216	142
4217	108
4218	147
4219	134
4220	142
4221	130
4222	123
4223	139
4224	136
4225	161
4226	147
4227	142
4228	138
4229	137
4230	131
4231	132
4232	148
4233	124
4234	122
4235	134
4236	128
4237	142
4238	115
4239	149
4240	160
4241	131
4242	131
4243	141
4244	148
4245	134
4246	161
4247	141
4248	159
4249	146
4250	153
4251	156
4252	126
4253	148
4254	160
4255	146
4256	128
4257	157
4258	151
4259	151
4260	147
4261	142
4262	133
4263	157
4264	152
4265	160
4266	163
4267	139
4268	151
4269	135
4270	121
4271	171
4272	137
4273	153
4274	144
4275	130
4276	147
4277	139
4278	160
4279	119
4280	147
4281	136
4282	150
4283	150
4284	159
4285	156
4286	152
4287	128
4288	146
4289	133
4290	156
4291	137
4292	119
4293	138
4294	143
4295	147
4296	141
4297	116
4298	150
4299	175
4300	152
4301	149
4302	155
4303	164
4304	134
4305	135
4306	150
4307	159
4308	136
4309	144
4310	144
4311	131
4312	137
4313	142
4314	134
4315	145
4316	148
4317	145
4318	124
4319	137
4320	127
4321	141
4322	148
4323	132
4324	146
4325	173
4326	136
4327	128
4328	157
4329	145
4330	152
4331	144
4332	142
4333	152
4334	151
4335	152
4336	156
4337	143
4338	147
4339	150
4340	144
4341	150
4342	142
4343	139
4344	124
4345	162
4346	148
4347	161
4348	139
4349	138
4350	161
4351	141
4352	152
4353	146
4354	132
4355	139
4356	131
4357	129
4358	132
4359	164
4360	142
4361	151
4362	144
4363	109
4364	140
4365	135
4366	144
4367	128
4368	147
4369	129
4370	159
4371	138
4372	132
4373	133
4374	150
4375	132
4376	103
4377	135
4378	140
4379	113
4380	131
4381	135
4382	146
4383	124
4384	160
4385	131
4386	137
4387	145
4388	148
4389	119
4390	119
4391	137
4392	129
4393	128
4394	118
4395	137
4396	148
4397	123
4398	150
4399	138
4400	126
4401	136
4402	140
4403	136
4404	130
4405	136
4406	138
4407	129
4408	137
4409	140
4410	134
4411	138
4412	134
4413	124
4414	139
4415	123
4416	122
4417	123
4418	133
4419	148
4420	134
4421	123
4422	122
4423	122
4424	125
4425	154
4426	117
4427	149
4428	124
4429	122
4430	125
4431	129
4432	121
4433	119
4434	131
4435	106
4436	138
4437	122
4438	158
4439	115
4440	123
4441	113
4442	137
4443	125
4444	125
4445	130
4446	132
4447	155
4448	102
4449	115
4450	128
4451	135
4452	114
4453	134
4454	122
4455	125
4456	136
4457	126
4458	122
4459	119
4460	113
4461	107
4462	111
4463	129
4464	133
4465	124
4466	123
4467	113
4468	122
4469	113
4470	119
4471	109
4472	112
4473	125
4474	126
4475	118
4476	121
4477	116
4478	99
4479	115
4480	107
4481	125
4482	115
4483	122
4484	113
4485	122
4486	119
4487	123
4488	103
4489	99
4490	100
4491	108
4492	110
4493	116
4494	125
4495	110
4496	112
4497	107
4498	112
4499	107
4500	96
4501	118
4502	116
4503	104
4504	111
4505	113
4506	97
4507	108
4508	112
4509	93
4510	106
4511	109
4512	105
4513	111
4514	131
4515	99
4516	119
4517	117
4518	105
4519	125
4520	88
4521	100
4522	93
4523	95
4524	115
4525	96
4526	106
4527	107
4528	111
4529	82
4530	119
4531	93
4532	79
4533	76
4534	98
4535	91
4536	75
4537	82
4538	90
4539	108
4540	101
4541	88
4542	99
4543	90
4544	100
4545	85
4546	78
4547	96
4548	104
4549	86
4550	110
4551	91
4552	89
4553	79
4554	89
4555	95
4556	94
4557	95
4558	94
4559	83
4560	79
4561	88
4562	81
4563	92
4564	81
4565	95
4566	96
4567	100
4568	93
4569	68
4570	60
4571	70
4572	105
4573	91
4574	89
4575	85
4576	73
4577	81
4578	76
4579	81
4580	86
4581	92
4582	76
4583	89
4584	65
4585	74
4586	64
4587	85
4588	76
4589	82
4590	67
4591	77
4592	71
4593	81
4594	82
4595	79
4596	73
4597	84
4598	84
4599	74
4600	72
4601	67
4602	58
4603	79
4604	87
4605	75
4606	65
4607	67
4608	70
4609	79
4610	66
4611	65
4612	71
4613	90
4614	54
4615	84
4616	71
4617	69
4618	65
4619	79
4620	72
4621	65
4622	65
4623	64
4624	73
4625	69
4626	75
4627	69
4628	67
4629	55
4630	78
4631	68
4632	62
4633	83
4634	79
4635	69
4636	72
4637	72
4638	60
4639	64
4640	71
4641	62
4642	56
4643	52
4644	71
4645	65
4646	71
4647	78
4648	63
4649	64
4650	59
4651	68
4652	55
4653	68
4654	67
4655	54
4656	51
4657	73
4658	69
4659	49
4660	83
4661	70
4662	57
4663	55
4664	79
4665	47
4666	57
4667	68
4668	79
4669	61
4670	50
4671	58
4672	61
4673	58
4674	59
4675	70
4676	53
4677	64
4678	57
4679	66
4680	60
4681	65
4682	65
4683	58
4684	53
4685	74
4686	71
4687	58
4688	50
4689	45
4690	70
4691	61
4692	63
4693	64
4694	55
4695	54
4696	65
4697	53
4698	41
4699	53
4700	62
4701	69
4702	48
4703	58
4704	54
4705	50
4706	57
4707	50
4708	47
4709	54
4710	58
4711	62
4712	63
4713	46
4714	56
4715	56
4716	52
4717	63
4718	62
4719	57
4720	56
4721	58
4722	56
4723	48
4724	51
4725	49
4726	56
4727	57
4728	46
4729	61
4730	52
4731	67
4732	52
4733	58
4734	53
4735	50
4736	46
4737	55
4738	64
4739	54
4740	68
4741	46
4742	53
4743	53
4744	59
4745	60
4746	52
4747	48
4748	51
4749	42
4750	61
4751	51
4752	62
4753	44
4754	50
4755	60
4756	51
4757	54
4758	50
4759	47
4760	48
4761	44
4762	48
4763	60
4764	58
4765	51
4766	39
4767	47
4768	44
4769	48
4770	36
4771	53
4772	50
4773	48
4774	42
4775	49
4776	45
4777	49
4778	61
4779	51
4780	48
4781	60
4782	53
4783	49
4784	44
4785	49
4786	50
4787	42
4788	46
4789	50
4790	45
4791	44
4792	43
4793	50
4794	52
4795	44
4796	47
4797	48
4798	69
4799	50
4800	57
4801	49
4802	37
4803	47
4804	42
4805	44
4806	48
4807	46
4808	35
4809	42
4810	52
4811	46
4812	53
4813	42
4814	44
4815	43
4816	53
4817	43
4818	46
4819	45
4820	56
4821	43
4822	44
4823	42
4824	39
4825	43
4826	31
4827	59
4828	42
4829	48
4830	41
4831	46
4832	40
4833	42
4834	36
4835	37
4836	42
4837	46
4838	40
4839	43
4840	47
4841	62
4842	37
4843	39
4844	45
4845	35
4846	48
4847	50
4848	43
4849	35
4850	45
4851	48
4852	45
4853	39
4854	38
4855	45
4856	29
4857	53
4858	41
4859	31
4860	37
4861	45
4862	39
4863	53
4864	45
4865	41
4866	50
4867	37
4868	51
4869	48
4870	34
4871	45
4872	40
4873	49
4874	41
4875	50
4876	33
4877	39
4878	26
4879	37
4880	39
4881	51
4882	38
4883	42
4884	48
4885	49
4886	45
4887	36
4888	39
4889	47
4890	44
4891	49
4892	40
4893	42
4894	46
4895	55
4896	44
4897	37
4898	41
4899	43
4900	48
4901	35
4902	30
4903	48
4904	44
4905	50
4906	41
4907	30
4908	41
4909	39
4910	39
4911	52
4912	49
4913	43
4914	51
4915	41
4916	50
4917	44
4918	38
4919	42
4920	46
4921	46
4922	37
4923	45
4924	43
4925	39
4926	49
4927	37
4928	40
4929	40
4930	45
4931	33
4932	42
4933	45
4934	37
4935	38
4936	52
4937	37
4938	40
4939	47
4940	39
4941	38
4942	31
4943	30
4944	39
4945	47
4946	30
4947	38
4948	25
4949	36
4950	51
4951	40
4952	42
4953	32
4954	43
4955	39
4956	41
4957	43
4958	42
4959	41
4960	45
4961	39
4962	30
4963	37
4964	35
4965	42
4966	36
4967	48
4968	34
4969	42
4970	42
4971	38
4972	35
4973	43
4974	57
4975	38
4976	44
4977	39
4978	50
4979	47
4980	38
4981	42
4982	30
4983	34
4984	36
4985	49
4986	40
4987	36
4988	42
4989	37
4990	50
4991	38
4992	40
4993	43
4994	56
4995	35
4996	47
4997	37
4998	37
4999	36
5000	42
5001	45
5002	32
5003	42
5004	42
5005	55
5006	39
5007	38
5008	36
5009	40
5010	55
5011	37
5012	42
5013	35
5014	52
5015	54
5016	42
5017	55
5018	45
5019	44
5020	41
5021	34
5022	39
5023	58
5024	39
5025	33
5026	46
5027	52
5028	46
5029	45
5030	37
5031	37
5032	34
5033	52
5034	48
5035	44
5036	53
5037	36
5038	38
5039	62
5040	45
5041	38
5042	37
5043	47
5044	45
5045	43
5046	43
5047	37
5048	53
5049	47
5050	39
5051	52
5052	46
5053	32
5054	41
5055	44
5056	45
5057	43
5058	47
5059	53
5060	38
5061	53
5062	46
5063	47
5064	48
5065	42
5066	43
5067	59
5068	53
5069	56
5070	56
5071	42
5072	41
5073	46
5074	34
5075	41
5076	38
5077	50
5078	45
5079	39
5080	37
5081	52
5082	52
5083	45
5084	50
5085	53
5086	44
5087	52
5088	42
5089	48
5090	53
5091	51
5092	42
5093	50
5094	39
5095	52
5096	60
5097	44
5098	58
5099	49
5100	63
5101	46
5102	53
5103	62
5104	47
5105	51
5106	63
5107	43
5108	58
5109	55
5110	57
5111	59
5112	60
5113	67
5114	44
5115	68
5116	56
5117	54
5118	45
5119	57
5120	66
5121	54
5122	42
5123	54
5124	61
5125	64
5126	62
5127	64
5128	62
5129	68
5130	59
5131	66
5132	58
5133	68
5134	54
5135	67
5136	70
5137	75
5138	61
5139	62
5140	70
5141	55
5142	58
5143	69
5144	72
5145	78
5146	67
5147	80
5148	62
5149	71
5150	58
5151	64
5152	83
5153	60
5154	57
5155	73
5156	60
5157	78
5158	67
5159	76
5160	83
5161	72
5162	67
5163	88
5164	80
5165	94
5166	78
5167	74
5168	89
5169	92
5170	78
5171	74
5172	66
5173	82
5174	93
5175	71
5176	78
5177	78
5178	86
5179	98
5180	83
5181	89
5182	73
5183	98
5184	93
5185	99
5186	76
5187	87
5188	95
5189	92
5190	108
5191	99
5192	102
5193	78
5194	88
5195	98
5196	94
5197	105
5198	114
5199	124
5200	108
5201	104
5202	100
5203	96
5204	107
5205	104
5206	103
5207	119
5208	131
5209	117
5210	120
5211	108
5212	117
5213	111
5214	107
5215	105
5216	137
5217	127
5218	120
5219	124
5220	130
5221	134
5222	108
5223	132
5224	128
5225	143
5226	124
5227	129
5228	115
5229	125
5230	142
5231	139
5232	111
5233	115
5234	134
5235	154
5236	136
5237	124
5238	125
5239	149
5240	163
5241	134
5242	141
5243	139
5244	156
5245	158
5246	135
5247	161
5248	151
5249	165
5250	140
5251	138
5252	170
5253	146
5254	168
5255	172
5256	157
5257	151
5258	176
5259	160
5260	180
5261	164
5262	160
5263	149
5264	149
5265	171
5266	173
5267	192
5268	203
5269	149
5270	147
5271	175
5272	205
5273	173
5274	191
5275	186
5276	208
5277	192
5278	204
5279	200
5280	214
5281	209
5282	208
5283	198
5284	181
5285	214
5286	191
5287	199
5288	212
5289	208
5290	188
5291	215
5292	202
5293	217
5294	207
5295	209
5296	222
5297	228
5298	237
5299	226
5300	241
5301	268
5302	246
5303	228
5304	225
5305	245
5306	243
5307	249
5308	249
5309	222
5310	246
5311	276
5312	256
5313	244
5314	234
5315	252
5316	254
5317	250
5318	233
5319	255
5320	241
5321	270
5322	249
5323	250
5324	260
5325	244
5326	273
5327	286
5328	301
5329	287
5330	255
5331	291
5332	283
5333	277
5334	305
5335	297
5336	303
5337	294
5338	280
5339	296
5340	281
5341	307
5342	332
5343	288
5344	335
5345	298
5346	274
5347	300
5348	298
5349	319
5350	330
5351	320
5352	326
5353	299
5354	320
5355	341
5356	315
5357	325
5358	327
5359	359
5360	357
5361	316
5362	339
5363	329
5364	330
5365	350
5366	352
5367	335
5368	355
5369	321
5370	357
5371	341
5372	352
5373	345
5374	346
5375	372
5376	378
5377	388
5378	407
5379	355
5380	373
5381	345
5382	363
5383	353
5384	376
5385	368
5386	386
5387	384
5388	359
5389	387
5390	367
5391	379
5392	398
5393	399
5394	348
5395	390
5396	371
5397	374
5398	379
5399	388
5400	389
5401	350
5402	393
5403	400
5404	371
5405	380
5406	452
5407	406
5408	393
5409	437
5410	414
5411	373
5412	403
5413	415
5414	376
5415	391
5416	396
5417	423
5418	444
5419	378
5420	428
5421	397
5422	396
5423	411
5424	390
5425	399
5426	433
5427	425
5428	414
5429	410
5430	407
5431	424
5432	434
5433	380
5434	418
5435	436
5436	409
5437	403
5438	417
5439	423
5440	402
5441	393
5442	462
5443	458
5444	411
5445	436
5446	418
5447	421
5448	427
5449	396
5450	432
5451	463
5452	401
5453	416
5454	399
5455	410
5456	410
5457	435
5458	414
5459	406
5460	396
5461	406
5462	461
5463	435
5464	423
5465	438
5466	417
5467	436
5468	460
5469	415
5470	409
5471	407
5472	427
5473	395
5474	426
5475	427
5476	437
5477	379
5478	441
5479	452
5480	418
5481	447
5482	438
5483	406
5484	410
5485	447
5486	398
5487	439
5488	411
5489	393
5490	400
5491	385
5492	407
5493	408
5494	378
5495	407
5496	406
5497	380
5498	393
5499	390
5500	382
5501	359
5502	419
5503	409
5504	414
5505	412
5506	409
5507	438
5508	418
5509	339
5510	413
5511	355
5512	395
5513	371
5514	354
5515	399
5516	384
5517	384
5518	356
5519	385
5520	341
5521	367
5522	372
5523	367
5524	385
5525	397
5526	351
5527	356
5528	370
5529	382
5530	385
5531	347
5532	370
5533	383
5534	399
5535	370
5536	335
5537	336
5538	353
5539	350
5540	368
5541	357
5542	343
5543	351
5544	341
5545	317
5546	314
5547	328
5548	324
5549	345
5550	326
5551	289
5552	321
5553	322
5554	320
5555	311
5556	285
5557	338
5558	296
5559	318
5560	299
5561	325
5562	296
5563	334
5564	287
5565	302
5566	278
5567	303
5568	325
5569	291
5570	303
5571	310
5572	285
5573	269
5574	293
5575	304
5576	286
5577	250
5578	287
5579	295
5580	294
5581	252
5582	263
5583	243
5584	263
5585	252
5586	283
5587	282
5588	273
5589	272
5590	262
5591	251
5592	237
5593	274
5594	269
5595	228
5596	241
5597	242
5598	255
5599	244
5600	226
5601	239
5602	214
5603	240
5604	236
5605	219
5606	209
5607	228
5608	213
5609	232
5610	211
5611	216
5612	194
5613	205
5614	227
5615	189
5616	222
5617	226
5618	206
5619	201
5620	196
5621	174
5622	204
5623	216
5624	199
5625	199
5626	170
5627	195
5628	195
5629	179
5630	180
5631	154
5632	205
5633	197
5634	172
5635	168
5636	159
5637	175
5638	169
5639	180
5640	157
5641	153
5642	163
5643	139
5644	168
5645	143
5646	170
5647	149
5648	151
5649	143
5650	135
5651	144
5652	144
5653	146
5654	157
5655	124
5656	143
5657	136
5658	124
5659	144
5660	132
5661	141
5662	121
5663	118
5664	120
5665	132
5666	127
5667	143
5668	143
5669	122
5670	105
5671	131
5672	109
5673	124
5674	104
5675	118
5676	128
5677	116
5678	130
5679	92
5680	127
5681	109
5682	114
5683	112
5684	106
5685	106
5686	91
5687	93
5688	103
5689	100
5690	97
5691	96
5692	90
5693	95
5694	120
5695	88
5696	85
5697	89
5698	92
5699	79
5700	95
5701	78
5702	91
5703	95
5704	77
5705	78
5706	89
5707	89
5708	93
5709	76
5710	83
5711	68
5712	73
5713	90
5714	83
5715	62
5716	74
5717	75
5718	86
5719	81
5720	66
5721	70
5722	76
5723	71
5724	77
5725	73
5726	56
5727	79
5728	80
5729	71
5730	62
5731	65
5732	57
5733	74
5734	67
5735	72
5736	54
5737	58
5738	50
5739	68
5740	64
5741	62
5742	68
5743	57
5744	57
5745	58
5746	48
5747	58
5748	69
5749	62
5750	48
5751	63
5752	47
5753	54
5754	51
5755	59
5756	48
5757	58
5758	47
5759	68
5760	59
5761	54
5762	54
5763	65
5764	58
5765	41
5766	66
5767	52
5768	51
5769	48
5770	60
5771	55
5772	53
5773	55
5774	42
5775	45
5776	51
5777	50
5778	46
5779	48
5780	47
5781	44
5782	41
5783	42
5784	42
5785	44
5786	53
5787	38
5788	38
5789	51
5790	47
5791	44
5792	38
5793	46
5794	53
5795	49
5796	31
5797	44
5798	44
5799	49
5800	60
5801	37
5802	55
5803	40
5804	48
5805	40
5806	32
5807	40
5808	44
5809	46
5810	43
5811	33
5812	40
5813	55
5814	46
5815	50
5816	36
5817	44
5818	38
5819	37
5820	28
5821	47
5822	40
5823	32
5824	40
5825	47
5826	47
5827	45
5828	45
5829	37
5830	36
5831	36
5832	34
5833	39
5834	44
5835	37
5836	32
5837	40
5838	40
5839	38
5840	32
5841	41
5842	39
5843	29
5844	40
5845	49
5846	43
5847	37
5848	42
5849	29
5850	38
5851	35
5852	41
5853	41
5854	47
5855	27
5856	25
5857	43
5858	28
5859	46
5860	44
5861	48
5862	46
5863	44
5864	31
5865	37
5866	32
5867	36
5868	29
5869	29
5870	35
5871	39
5872	39
5873	40
5874	38
5875	37
5876	30
5877	34
5878	35
5879	41
5880	34
5881	29
5882	35
5883	39
5884	27
5885	39
5886	45
5887	39
5888	30
5889	36
5890	27
5891	35
5892	35
5893	28
5894	37
5895	20
5896	31
5897	36
5898	30
5899	30
5900	46
5901	43
5902	42
5903	33
5904	25
5905	32
5906	35
5907	35
5908	28
5909	38
5910	32
5911	33
5912	28
5913	44
5914	28
5915	30
5916	23
5917	43
5918	40
5919	25
5920	36
5921	46
5922	38
5923	30
5924	36
5925	35
5926	33
5927	43
5928	39
5929	35
5930	32
5931	32
5932	36
5933	36
5934	32
5935	32
5936	33
5937	22
5938	23
5939	29
5940	29
5941	35
5942	32
5943	33
5944	23
5945	40
5946	30
5947	40
5948	32
5949	44
5950	37
5951	22
5952	40
5953	32
5954	28
5955	37
5956	21
5957	33
5958	35
5959	47
5960	29
5961	33
5962	37
5963	31
5964	31
5965	36
5966	26
5967	31
5968	39
5969	26
5970	44
5971	37
5972	42
5973	32
5974	35
5975	47
5976	32
5977	44
5978	26
5979	27
5980	32
5981	37
5982	47
5983	34
5984	38
5985	31
5986	31
5987	29
5988	33
5989	28
5990	26
5991	35
5992	33
5993	35
5994	34
5995	24
5996	32
5997	37
5998	31
5999	30
6000	26
6001	37
6002	52
6003	37
6004	33
6005	36
6006	24
6007	34
6008	35
6009	40
6010	36
6011	32
6012	25
6013	28
6014	39
6015	42
6016	33
6017	32
6018	28
6019	38
6020	42
6021	36
6022	41
6023	39
6024	42
6025	37
6026	40
6027	33
6028	32
6029	48
6030	26
6031	36
6032	27
6033	48
6034	36
6035	36
6036	35
6037	31
6038	34
6039	36
6040	25
6041	25
6042	30
6043	35
6044	29
6045	47
6046	24
6047	35
6048	40
6049	26
6050	48
6051	34
6052	29
6053	33
6054	36
6055	37
6056	27
6057	38
6058	34
6059	37
6060	36
6061	28
6062	31
6063	36
6064	32
6065	34
6066	40
6067	41
6068	32
6069	25
6070	44
6071	37
6072	25
6073	35
6074	34
6075	30
6076	33
6077	32
6078	39
6079	32
6080	36
6081	40
6082	31
6083	31
6084	42
6085	33
6086	50
6087	26
6088	39
6089	38
6090	40
6091	22
6092	24
6093	27
6094	26
6095	30
6096	30
6097	31
6098	28
6099	29
6100	42
6101	39
6102	35
6103	36
6104	22
6105	37
6106	34
6107	19
6108	25
6109	28
6110	31
6111	29
6112	27
6113	43
6114	27
6115	26
6116	33
6117	32
6118	30
6119	31
6120	44
6121	35
6122	29
6123	37
6124	26
6125	29
6126	34
6127	29
6128	36
6129	38
6130	34
6131	32
6132	30
6133	37
6134	37
6135	36
6136	25
6137	31
6138	21
6139	23
6140	34
6141	31
6142	39
6143	43
6144	36
6145	35
6146	37
6147	35
6148	35
6149	44
6150	43
6151	33
6152	38
6153	40
6154	27
6155	22
6156	39
6157	34
6158	38
6159	30
6160	40
6161	39
6162	25
6163	35
6164	30
6165	35
6166	26
6167	30
6168	34
6169	47
6170	29
6171	37
6172	38
6173	35
6174	28
6175	37
6176	37
6177	36
6178	32
6179	27
6180	33
6181	30
6182	32
6183	36
6184	29
6185	28
6186	39
6187	42
6188	25
6189	27
6190	31
6191	29
6192	27
6193	34
6194	31
6195	36
6196	35
6197	43
6198	28
6199	46
6200	33
6201	31
6202	33
6203	26
6204	41
6205	36
6206	24
6207	39
6208	42
6209	31
6210	38
6211	35
6212	35
6213	34
6214	26
6215	34
6216	34
6217	36
6218	26
6219	34
6220	24
6221	43
6222	33
6223	37
6224	36
6225	29
6226	32
6227	33
6228	26
6229	43
6230	41
6231	19
6232	36
6233	38
6234	24
6235	32
6236	40
6237	28
6238	33
6239	36
6240	32
6241	39
6242	30
6243	29
6244	27
6245	37
6246	24
6247	39
6248	36
6249	45
6250	32
6251	35
6252	34
6253	29
6254	41
6255	49
6256	38
6257	35
6258	34
6259	47
6260	40
6261	30
6262	28
6263	42
6264	36
6265	36
6266	22
6267	30
6268	40
6269	34
6270	43
6271	30
6272	34
6273	31
6274	42
6275	32
6276	37
6277	37
6278	38
6279	32
6280	32
6281	39
6282	30
6283	28
6284	37
6285	36
6286	22
6287	39
6288	31
6289	40
6290	34
6291	30
6292	37
6293	41
6294	27
6295	31
6296	34
6297	32
6298	32
6299	35
6300	33
6301	34
6302	37
6303	35
6304	40
6305	29
6306	42
6307	38
6308	34
6309	35
6310	40
6311	37
6312	48
6313	34
6314	42
6315	31
6316	34
6317	43
6318	40
6319	40
6320	42
6321	26
6322	42
6323	35
6324	25
6325	32
6326	38
6327	34
6328	36
6329	32
6330	35
6331	42
6332	45
6333	28
6334	27
6335	37
6336	39
6337	32
6338	26
6339	34
6340	34
6341	37
6342	38
6343	29
6344	25
6345	37
6346	32
6347	33
6348	28
6349	36
6350	25
6351	34
6352	40
6353	33
6354	46
6355	34
6356	18
6357	32
6358	34
6359	33
6360	41
6361	24
6362	41
6363	37
6364	31
6365	37
6366	39
6367	33
6368	39
6369	36
6370	30
6371	38
6372	26
6373	43
6374	37
6375	31
6376	41
6377	36
6378	29
6379	33
6380	29
6381	30
6382	31
6383	27
6384	38
6385	29
6386	48
6387	32
6388	29
6389	37
6390	36
6391	28
6392	35
6393	33
6394	31
6395	30
6396	24
6397	41
6398	33
6399	27
6400	38
6401	27
6402	30
6403	34
6404	29
6405	37
6406	37
6407	32
6408	35
6409	38
6410	28
6411	33
6412	36
6413	36
6414	34
6415	28
6416	28
6417	31
6418	25
6419	37
6420	30
6421	35
6422	34
6423	32
6424	30
6425	31
6426	22
6427	26
6428	29
6429	27
6430	28
6431	47
6432	23
6433	35
6434	45
6435	33
6436	29
6437	31
6438	35
6439	21
6440	22
6441	27
6442	33
6443	27
6444	34
6445	29
6446	41
6447	29
6448	29
6449	38
6450	30
6451	38
6452	23
6453	41
6454	36
6455	36
6456	24
6457	22
6458	37
6459	28
6460	40
6461	36
6462	43
6463	28
6464	35
6465	31
6466	22
6467	30
6468	25
6469	34
6470	24
6471	27
6472	31
6473	33
6474	26
6475	36
6476	25
6477	36
6478	31
6479	33
6480	27
6481	30
6482	29
6483	25
6484	27
6485	27
6486	35
6487	23
6488	33
6489	32
6490	37
6491	37
6492	38
6493	35
6494	32
6495	34
6496	26
6497	28
6498	24
6499	26
6500	35
6501	33
6502	29
6503	30
6504	33
6505	23
6506	31
6507	33
6508	20
6509	29
6510	36
6511	27
6512	38
6513	31
6514	26
6515	43
6516	38
6517	30
6518	36
6519	37
6520	26
6521	23
6522	41
6523	33
6524	27
6525	31
6526	30
6527	23
6528	43
6529	34
6530	17
6531	28
6532	16
6533	26
6534	39
6535	31
6536	24
6537	33
6538	32
6539	30
6540	29
6541	30
6542	35
6543	24
6544	30
6545	39
6546	35
6547	25
6548	26
6549	29
6550	30
6551	32
6552	31
6553	23
6554	23
6555	35
6556	27
6557	29
6558	23
6559	26
6560	23
6561	28
6562	30
6563	26
6564	32
6565	30
6566	27
6567	31
6568	35
6569	22
6570	30
6571	29
6572	31
6573	35
6574	27
6575	28
6576	24
6577	31
6578	24
6579	25
6580	24
6581	36
6582	32
6583	40
6584	25
6585	34
6586	25
6587	26
6588	35
6589	18
6590	37
6591	24
6592	27
6593	30
6594	31
6595	27
6596	33
6597	32
6598	17
6599	32
6600	24
6601	25
6602	31
6603	25
6604	27
6605	35
6606	26
6607	27
6608	23
6609	19
6610	27
6611	27
6612	25
6613	30
6614	32
6615	24
6616	31
6617	34
6618	29
6619	27
6620	18
6621	30
6622	26
6623	26
6624	24
6625	34
6626	26
6627	25
6628	26
6629	36
6630	25
6631	33
6632	25
6633	29
6634	30
6635	32
6636	26
6637	25
6638	25
6639	21
6640	22
6641	37
6642	27
6643	34
6644	33
6645	26
6646	26
6647	30
6648	22
6649	24
6650	27
6651	24
6652	26
6653	29
6654	36
6655	26
6656	29
6657	30
6658	39
6659	20
6660	29
6661	31
6662	36
6663	30
6664	30
6665	28
6666	23
6667	26
6668	26
6669	29
6670	28
6671	31
6672	24
6673	27
6674	24
6675	23
6676	24
6677	35
6678	17
6679	23
6680	26
6681	21
6682	26
6683	28
6684	21
6685	27
6686	17
6687	24
6688	24
6689	22
6690	25
6691	20
6692	18
6693	24
6694	14
6695	20
6696	28
6697	27
6698	22
6699	28
6700	24
6701	19
6702	31
6703	33
6704	22
6705	32
6706	28
6707	30
6708	16
6709	22
6710	19
6711	25
6712	30
6713	23
6714	26
6715	21
6716	22
6717	26
6718	24
6719	22
6720	25
6721	18
6722	23
6723	35
6724	25
6725	25
6726	25
6727	19
6728	26
6729	29
6730	32
6731	34
6732	25
6733	23
6734	22
6735	27
6736	22
6737	25
6738	29
6739	21
6740	23
6741	29
6742	20
6743	24
6744	23
6745	28
6746	29
6747	28
6748	16
6749	18
6750	18
6751	15
6752	20
6753	27
6754	30
6755	25
6756	23
6757	22
6758	18
6759	22
6760	21
6761	23
6762	28
6763	22
6764	32
6765	40
6766	21
6767	17
6768	18
6769	25
6770	28
6771	16
6772	23
6773	22
6774	17
6775	19
6776	26
6777	18
6778	17
6779	23
6780	23
6781	13
6782	28
6783	19
6784	19
6785	19
6786	25
6787	27
6788	17
6789	22
6790	15
6791	25
6792	22
6793	22
6794	22
6795	18
6796	18
6797	25
6798	26
6799	24
6800	23
6801	16
6802	20
6803	25
6804	17
6805	16
6806	25
6807	38
6808	20
6809	20
6810	13
6811	15
6812	17
6813	27
6814	19
6815	22
6816	22
6817	20
6818	18
6819	21
6820	18
6821	10
6822	23
6823	35
6824	25
6825	27
6826	16
6827	24
6828	11
6829	14
6830	24
6831	17
6832	21
6833	20
6834	16
6835	20
6836	13
6837	17
6838	26
6839	21
6840	30
6841	26
6842	18
6843	19
6844	26
6845	25
6846	18
6847	18
6848	20
6849	12
6850	16
6851	24
6852	17
6853	20
6854	22
6855	27
6856	14
6857	26
6858	16
6859	25
6860	16
6861	20
6862	25
6863	16
6864	20
6865	19
6866	23
6867	19
6868	23
6869	21
6870	16
6871	18
6872	24
6873	16
6874	16
6875	23
6876	28
6877	11
6878	15
6879	19
6880	15
6881	17
6882	24
6883	17
6884	17
6885	20
6886	8
6887	16
6888	29
6889	24
6890	13
6891	24
6892	14
6893	14
6894	19
6895	19
6896	17
6897	12
6898	23
6899	22
6900	18
6901	13
6902	17
6903	23
6904	14
6905	23
6906	20
6907	15
6908	21
6909	24
6910	15
6911	11
6912	13
6913	11
6914	16
6915	24
6916	25
6917	19
6918	23
6919	18
6920	12
6921	22
6922	15
6923	16
6924	21
6925	19
6926	13
6927	24
6928	19
6929	20
6930	19
6931	20
6932	16
6933	21
6934	18
6935	12
6936	17
6937	14
6938	12
6939	13
6940	25
6941	13
6942	18
6943	11
6944	13
6945	8
6946	16
6947	17
6948	16
6949	15
6950	16
6951	14
6952	16
6953	17
6954	19
6955	19
6956	16
6957	16
6958	14
6959	18
6960	15
6961	20
6962	10
6963	10
6964	13
6965	18
6966	7
6967	21
6968	10
6969	17
6970	17
6971	13
6972	15
6973	17
6974	13
6975	15
6976	17
6977	15
6978	15
6979	22
6980	15
6981	13
6982	18
6983	17
6984	17
6985	8
6986	12
6987	18
6988	13
6989	12
6990	15
6991	13
6992	18
6993	18
6994	5
6995	11
6996	14
6997	12
6998	16
6999	15
7000	10
7001	17
7002	15
7003	8
7004	14
7005	9
7006	14
7007	20
7008	9
7009	14
7010	8
7011	15
7012	11
7013	14
7014	11
7015	11
7016	20
7017	11
7018	14
7019	13
7020	11
7021	12
7022	15
7023	13
7024	12
7025	11
7026	11
7027	9
7028	15
7029	15
7030	13
7031	11
7032	11
7033	8
7034	16
7035	18
7036	10
7037	18
7038	18
7039	12
7040	12
7041	13
7042	14
7043	8
7044	13
7045	9
7046	10
7047	13
7048	9
7049	14
7050	12
7051	10
7052	7
7053	9
7054	16
7055	14
7056	14
7057	15
7058	13
7059	8
7060	15
7061	6
7062	12
7063	14
7064	11
7065	12
7066	16
7067	16
7068	14
7069	11
7070	8
7071	9
7072	10
7073	14
7074	14
7075	17
7076	11
7077	10
7078	11
7079	8
7080	10
7081	6
7082	10
7083	11
7084	8
7085	7
7086	12
7087	10
7088	12
7089	10
7090	15
7091	5
7092	7
7093	8
7094	8
7095	13
7096	12
7097	12
7098	10
7099	6
7100	8
7101	8
7102	14
7103	15
7104	8
7105	13
7106	14
7107	8
7108	11
7109	10
7110	12
7111	13
7112	12
7113	8
7114	9
7115	12
7116	15
7117	8
7118	18
7119	10
7120	10
7121	8
7122	10
7123	11
7124	9
7125	4
7126	13
7127	10
7128	6
7129	11
7130	11
7131	6
7132	13
7133	7
7134	13
7135	7
7136	9
7137	8
7138	12
7139	8
7140	9
7141	5
7142	9
7143	7
7144	12
7145	10
7146	11
7147	7
7148	12
7149	9
7150	15
7151	13
7152	10
7153	12
7154	10
7155	10
7156	13
7157	10
7158	10
7159	8
7160	5
7161	8
7162	12
7163	8
7164	11
7165	7
7166	11
7167	11
7168	10
7169	8
7170	6
7171	4
7172	10
7173	14
7174	7
7175	9
7176	9
7177	12
7178	10
7179	10
7180	12
7181	5
7182	10
7183	8
7184	10
7185	7
7186	3
7187	10
7188	9
7189	9
7190	8
7191	5
7192	6
7193	10
7194	7
7195	10
7196	13
7197	9
7198	11
7199	9
7200	11
7201	11
7202	8
7203	8
7204	15
7205	6
7206	8
7207	10
7208	5
7209	13
7210	10
7211	5
7212	6
7213	9
7214	9
7215	7
7216	7
7217	5
7218	10
7219	7
7220	13
7221	7
7222	6
7223	9
7224	10
7225	8
7226	8
7227	9
7228	7
7229	8
7230	9
7231	11
7232	6
7233	5
7234	9
7235	6
7236	8
7237	7
7238	5
7239	3
7240	8
7241	9
7242	11
7243	5
7244	15
7245	8
7246	10
7247	7
7248	7
7249	6
7250	10
7251	10
7252	10
7253	10
7254	10
7255	12
7256	8
7257	9
7258	11
7259	9
7260	7
7261	8
7262	7
7263	5
7264	9
7265	6
7266	5
7267	10
7268	6
7269	5
7270	6
7271	11
7272	7
7273	6
7274	9
7275	7
7276	7
7277	6
7278	11
7279	6
7280	12
7281	10
7282	6
7283	8
7284	10
7285	8
7286	10
7287	9
7288	12
7289	8
7290	13
7291	11
7292	6
7293	9
7294	14
7295	11
7296	5
7297	4
7298	10
7299	13
7300	6
7301	14
7302	12
7303	14
7304	10
7305	10
7306	5
7307	12
7308	9
7309	6
7310	10
7311	8
7312	4
7313	6
7314	6
7315	9
7316	5
7317	9
7318	3
7319	9
7320	9
7321	7
7322	6
7323	5
7324	6
7325	8
7326	2
7327	5
7328	9
7329	14
7330	7
7331	11
7332	8
7333	6
7334	14
7335	10
7336	10
7337	8
7338	12
7339	10
7340	7
7341	11
7342	11
7343	5
7344	7
7345	8
7346	9
7347	11
7348	14
7349	7
7350	6
7351	6
7352	17
7353	5
7354	10
7355	14
7356	6
7357	8
7358	17
7359	13
7360	4
7361	9
7362	10
7363	10
7364	7
7365	11
7366	8
7367	6
7368	14
7369	15
7370	10
7371	4
7372	5
7373	15
7374	11
7375	13
7376	13
7377	18
7378	9
7379	7
7380	6
7381	4
7382	10
7383	8
7384	10
7385	7
7386	10
7387	15
7388	6
7389	8
7390	13
7391	10
7392	11
7393	10
7394	13
7395	12
7396	14
7397	13
7398	7
7399	8
7400	8
7401	10
7402	3
7403	4
7404	7
7405	8
7406	8
7407	13
7408	15
7409	15
7410	9
7411	15
7412	8
7413	13
7414	10
7415	14
7416	10
7417	12
7418	18
7419	16
7420	18
7421	11
7422	10
7423	18
7424	12
7425	12
7426	8
7427	6
7428	13
7429	18
7430	13
7431	16
7432	11
7433	13
7434	11
7435	16
7436	8
7437	11
7438	16
7439	10
7440	14
7441	13
7442	11
7443	18
7444	15
7445	13
7446	7
7447	12
7448	17
7449	10
7450	10
7451	17
7452	17
7453	19
7454	12
7455	13
7456	12
7457	9
7458	14
7459	19
7460	16
7461	12
7462	14
7463	13
7464	16
7465	11
7466	20
7467	13
7468	18
7469	18
7470	17
7471	18
7472	16
7473	10
7474	15
7475	14
7476	19
7477	15
7478	11
7479	13
7480	17
7481	14
7482	16
7483	14
7484	16
7485	10
7486	19
7487	12
7488	12
7489	18
7490	14
7491	15
7492	12
7493	19
7494	20
7495	17
7496	19
7497	12
7498	13
7499	22
7500	16
7501	13
7502	15
7503	19
7504	19
7505	16
7506	15
7507	18
7508	23
7509	19
7510	19
7511	12
7512	13
7513	19
7514	13
7515	17
7516	25
7517	25
7518	20
7519	16
7520	21
7521	24
7522	21
7523	17
7524	14
7525	20
7526	18
7527	23
7528	15
7529	19
7530	10
7531	13
7532	13
7533	19
7534	15
7535	17
7536	24
7537	15
7538	24
7539	19
7540	16
7541	31
7542	29
7543	16
7544	21
7545	21
7546	24
7547	21
7548	23
7549	22
7550	29
7551	21
7552	23
7553	20
7554	20
7555	23
7556	18
7557	23
7558	20
7559	16
7560	23
7561	22
7562	31
7563	20
7564	21
7565	26
7566	18
7567	20
7568	22
7569	29
7570	17
7571	23
7572	32
7573	30
7574	23
7575	26
7576	32
7577	26
7578	25
7579	18
7580	21
7581	33
7582	28
7583	28
7584	16
7585	35
7586	26
7587	26
7588	27
7589	31
7590	27
7591	28
7592	28
7593	28
7594	21
7595	29
7596	26
7597	35
7598	21
7599	26
7600	32
7601	40
7602	31
7603	30
7604	30
7605	19
7606	27
7607	34
7608	32
7609	33
7610	26
7611	29
7612	25
7613	29
7614	33
7615	32
7616	27
7617	23
7618	27
7619	24
7620	40
7621	42
7622	27
7623	28
7624	33
7625	39
7626	27
7627	29
7628	36
7629	21
7630	33
7631	31
7632	35
7633	33
7634	32
7635	41
7636	31
7637	45
7638	27
7639	43
7640	38
7641	34
7642	39
7643	35
7644	35
7645	51
7646	34
7647	31
7648	37
7649	24
7650	38
7651	37
7652	45
7653	30
7654	37
7655	39
7656	40
7657	40
7658	27
7659	40
7660	35
7661	31
7662	45
7663	31
7664	39
7665	35
7666	29
7667	25
7668	39
7669	44
7670	37
7671	33
7672	42
7673	40
7674	43
7675	41
7676	35
7677	38
7678	28
7679	34
7680	28
7681	46
7682	40
7683	46
7684	38
7685	43
7686	33
7687	45
7688	31
7689	37
7690	36
7691	46
7692	44
7693	37
7694	33
7695	39
7696	49
7697	38
7698	35
7699	48
7700	29
7701	45
7702	34
7703	34
7704	35
7705	28
7706	35
7707	41
7708	57
7709	29
7710	47
7711	39
7712	33
7713	46
7714	42
7715	41
7716	37
7717	33
7718	42
7719	30
7720	32
7721	40
7722	38
7723	46
7724	43
7725	42
7726	36
7727	43
7728	38
7729	35
7730	34
7731	29
7732	49
7733	42
7734	48
7735	56
7736	42
7737	36
7738	44
7739	51
7740	43
7741	45
7742	35
7743	30
7744	36
7745	34
7746	45
7747	44
7748	51
7749	33
7750	45
7751	38
7752	38
7753	39
7754	54
7755	36
7756	35
7757	38
7758	46
7759	45
7760	46
7761	40
7762	40
7763	32
7764	32
7765	40
7766	39
7767	35
7768	40
7769	34
7770	42
7771	52
7772	37
7773	47
7774	32
7775	37
7776	23
7777	29
7778	46
7779	42
7780	36
7781	31
7782	26
7783	46
7784	46
7785	37
7786	37
7787	39
7788	38
7789	50
7790	34
7791	27
7792	39
7793	43
7794	46
7795	24
7796	41
7797	40
7798	32
7799	36
7800	41
7801	39
7802	32
7803	36
7804	43
7805	48
7806	39
7807	36
7808	40
7809	29
7810	29
7811	47
7812	49
7813	25
7814	43
7815	49
7816	33
7817	35
7818	26
7819	35
7820	28
7821	26
7822	32
7823	34
7824	29
7825	39
7826	38
7827	39
7828	34
7829	45
7830	36
7831	34
7832	30
7833	37
7834	26
7835	33
7836	46
7837	22
7838	31
7839	27
7840	31
7841	32
7842	32
7843	34
7844	28
7845	31
7846	33
7847	23
7848	41
7849	26
7850	28
7851	32
7852	30
7853	33
7854	33
7855	35
7856	19
7857	33
7858	34
7859	25
7860	29
7861	27
7862	37
7863	34
7864	36
7865	25
7866	22
7867	30
7868	25
7869	23
7870	32
7871	31
7872	35
7873	19
7874	25
7875	24
7876	25
7877	27
7878	34
7879	25
7880	18
7881	28
7882	24
7883	21
7884	18
7885	29
7886	22
7887	24
7888	24
7889	20
7890	30
7891	29
7892	26
7893	22
7894	24
7895	23
7896	23
7897	27
7898	27
7899	18
7900	23
7901	26
7902	24
7903	26
7904	21
7905	23
7906	21
7907	25
7908	18
7909	12
7910	32
7911	15
7912	25
7913	25
7914	18
7915	27
7916	21
7917	22
7918	23
7919	19
7920	26
7921	26
7922	16
7923	15
7924	18
7925	22
7926	20
7927	21
7928	20
7929	24
7930	15
7931	17
7932	22
7933	18
7934	21
7935	17
7936	17
7937	27
7938	17
7939	20
7940	13
7941	15
7942	12
7943	11
7944	21
7945	25
7946	17
7947	19
7948	16
7949	20
7950	13
7951	22
7952	17
7953	11
7954	15
7955	14
7956	21
7957	15
7958	20
7959	13
7960	13
7961	13
7962	18
7963	7
7964	17
7965	19
7966	14
7967	9
7968	15
7969	16
7970	6
7971	13
7972	10
7973	19
7974	11
7975	14
7976	11
7977	15
7978	11
7979	11
7980	13
7981	10
7982	13
7983	12
7984	12
7985	11
7986	15
7987	21
7988	22
7989	10
7990	13
7991	16
7992	13
7993	5
7994	5
7995	9
7996	17
7997	7
7998	8
7999	13
8000	10
8001	11
8002	8
8003	5
8004	6
8005	14
8006	11
8007	10
8008	11
8009	10
8010	7
8011	13
8012	7
8013	15
8014	6
8015	10
8016	7
8017	6
8018	9
8019	6
8020	10
8021	9
8022	9
8023	5
8024	6
8025	7
8026	12
8027	6
8028	10
8029	10
8030	5
8031	5
8032	10
8033	7
8034	7
8035	9
8036	8
8037	8
8038	10
8039	3
8040	3
8041	8
8042	7
8043	11
8044	8
8045	12
8046	2
8047	6
8048	2
8049	5
8050	10
8051	6
8052	5
8053	5
8054	4
8055	7
8056	7
8057	6
8058	3
8059	9
8060	5
8061	7
8062	4
8063	8
8064	6
8065	5
8066	8
8067	5
8068	11
8069	6
8070	5
8071	6
8072	8
8073	5
8074	7
8075	4
8076	5
8077	5
8078	4
8079	7
8080	7
8081	11
8082	2
8083	5
8084	2
8085	4
8086	6
8087	5
8088	7
8089	5
8090	4
8091	3
8092	4
8093	6
8094	5
8095	2
8096	1
8097	1
8098	4
8099	1
8100	2
8101	0
8102	2
8103	4
8104	0
8105	0
8106	1
8107	3
8108	0
8109	1
8110	2
8111	0
8112	0
8113	0
8114	0
8115	0
8116	1
8117	0
8118	1
8119	1
8120	1
8121	1
8122	1
8123	1
8124	0
8125	1
8126	0
8127	0
8128	0
8129	0
8130	0
8131	0
8132	0
8133	0
8134	0
8135	2
8136	0
8137	0
8138	0
8139	0
8140	0
8141	0
8142	1
8143	0
8144	0
8145	0
8146	0
8147	0
8148	0
8149	0
8150	0
8151	0
8152	0
8153	0
8154	0
8155	0
8156	0
8157	0
8158	0
8159	0
8160	0
8161	0
8162	0
8163	0
8164	0
8165	0
8166	0
8167	0
8168	0
8169	0
8170	0
8171	0
8172	0
8173	0
8174	0
8175	0
8176	0
8177	0
8178	0
8179	0
8180	0
8181	0
8182	0
8183	0
8184	0
8185	0
8186	0
8187	0
8188	0
8189	0
8190	0
8191	0
