0	0
1	0
2	0
3	0
4	0
5	0
6	0
7	0
8	0
9	0
10	0
11	0
12	0
13	0
14	0
15	0
16	0
17	0
18	0
19	0
20	0
21	0
22	0
23	0
24	0
25	0
26	0
27	0
28	0
29	0
30	1
31	0
32	0
33	0
34	0
35	0
36	0
37	0
38	0
39	1
40	0
41	0
42	0
43	1
44	0
45	0
46	0
47	3
48	2
49	0
50	2
51	0
52	2
53	2
54	6
55	2
56	4
57	4
58	3
59	5
60	6
61	3
62	6
63	4
64	3
65	2
66	3
67	1
68	4
69	2
70	4
71	6
72	2
73	9
74	6
75	9
76	6
77	6
78	10
79	4
80	6
81	10
82	11
83	10
84	13
85	18
86	15
87	13
88	26
89	45
90	131
91	193
92	243
93	229
94	222
95	231
96	260
97	249
98	237
99	267
100	267
101	229
102	240
103	234
104	245
105	247
106	264
107	269
108	260
109	236
110	251
111	234
112	274
113	238
114	250
115	277
116	251
117	277
118	262
119	251
120	251
121	249
122	290
123	248
124	246
125	260
126	264
127	274
128	277
129	286
130	272
131	274
132	260
133	269
134	273
135	269
136	266
137	265
138	292
139	270
140	247
141	254
142	283
143	261
144	268
145	306
146	277
147	271
148	294
149	304
150	272
151	270
152	276
153	272
154	280
155	272
156	245
157	264
158	258
159	303
160	278
161	294
162	281
163	275
164	261
165	291
166	289
167	252
168	265
169	269
170	264
171	272
172	250
173	304
174	281
175	279
176	250
177	283
178	270
179	282
180	271
181	286
182	285
183	275
184	287
185	300
186	285
187	268
188	268
189	303
190	306
191	256
192	259
193	286
194	254
195	232
196	298
197	335
198	266
199	265
200	269
201	268
202	283
203	304
204	257
205	318
206	237
207	285
208	294
209	273
210	290
211	277
212	295
213	290
214	292
215	288
216	289
217	283
218	293
219	308
220	289
221	278
222	298
223	279
224	263
225	272
226	263
227	249
228	327
229	286
230	267
231	266
232	291
233	280
234	265
235	299
236	312
237	306
238	282
239	267
240	287
241	254
242	303
243	252
244	310
245	289
246	302
247	288
248	275
249	290
250	285
251	292
252	284
253	262
254	295
255	257
256	275
257	307
258	284
259	306
260	257
261	267
262	286
263	277
264	279
265	269
266	280
267	308
268	303
269	267
270	275
271	271
272	300
273	287
274	291
275	281
276	300
277	284
278	243
279	283
280	281
281	269
282	293
283	266
284	290
285	283
286	280
287	282
288	327
289	267
290	303
291	283
292	299
293	292
294	288
295	295
296	299
297	288
298	289
299	280
300	266
301	288
302	293
303	298
304	305
305	273
306	314
307	295
308	320
309	281
310	286
311	305
312	280
313	290
314	300
315	288
316	272
317	291
318	318
319	316
320	318
321	305
322	310
323	315
324	320
325	283
326	300
327	290
328	301
329	278
330	293
331	290
332	300
333	292
334	305
335	327
336	274
337	291
338	289
339	328
340	298
341	283
342	316
343	291
344	301
345	312
346	287
347	311
348	284
349	262
350	324
351	281
352	331
353	280
354	252
355	290
356	301
357	300
358	254
359	305
360	332
361	295
362	275
363	294
364	295
365	299
366	285
367	285
368	292
369	277
370	299
371	298
372	298
373	299
374	296
375	288
376	319
377	325
378	295
379	309
380	310
381	317
382	297
383	313
384	293
385	294
386	311
387	303
388	273
389	279
390	313
391	290
392	326
393	303
394	305
395	308
396	291
397	291
398	339
399	325
400	278
401	311
402	314
403	340
404	323
405	300
406	316
407	315
408	318
409	316
410	335
411	289
412	299
413	321
414	334
415	310
416	293
417	286
418	291
419	336
420	300
421	316
422	334
423	301
424	299
425	266
426	332
427	310
428	333
429	368
430	304
431	308
432	283
433	309
434	301
435	292
436	310
437	313
438	314
439	309
440	333
441	276
442	278
443	303
444	302
445	342
446	284
447	315
448	288
449	306
450	303
451	292
452	324
453	312
454	306
455	302
456	322
457	315
458	268
459	324
460	325
461	302
462	290
463	322
464	296
465	305
466	301
467	315
468	321
469	312
470	343
471	341
472	322
473	284
474	321
475	314
476	310
477	323
478	288
479	281
480	328
481	310
482	305
483	322
484	325
485	288
486	321
487	307
488	320
489	296
490	313
491	302
492	322
493	289
494	325
495	328
496	292
497	310
498	319
499	286
500	319
501	293
502	318
503	344
504	308
505	328
506	315
507	315
508	326
509	318
510	317
511	310
512	303
513	338
514	325
515	324
516	316
517	311
518	313
519	275
520	313
521	324
522	318
523	289
524	329
525	312
526	271
527	288
528	313
529	303
530	341
531	284
532	278
533	333
534	312
535	316
536	327
537	314
538	334
539	321
540	334
541	343
542	293
543	293
544	301
545	286
546	315
547	285
548	314
549	349
550	293
551	265
552	284
553	300
554	271
555	290
556	311
557	305
558	324
559	292
560	310
561	309
562	323
563	270
564	298
565	312
566	300
567	338
568	308
569	317
570	277
571	303
572	316
573	322
574	350
575	294
576	289
577	310
578	307
579	315
580	303
581	296
582	306
583	298
584	298
585	320
586	301
587	297
588	311
589	358
590	309
591	341
592	310
593	286
594	280
595	319
596	284
597	330
598	313
599	327
600	356
601	315
602	318
603	308
604	286
605	310
606	298
607	326
608	264
609	299
610	311
611	360
612	327
613	287
614	306
615	309
616	312
617	296
618	331
619	293
620	275
621	300
622	315
623	284
624	304
625	313
626	327
627	324
628	300
629	298
630	325
631	308
632	333
633	322
634	271
635	292
636	319
637	314
638	309
639	292
640	292
641	322
642	323
643	288
644	314
645	325
646	322
647	308
648	290
649	305
650	334
651	319
652	301
653	292
654	271
655	306
656	296
657	309
658	292
659	317
660	270
661	324
662	302
663	307
664	332
665	307
666	297
667	289
668	293
669	302
670	282
671	289
672	308
673	314
674	298
675	308
676	320
677	258
678	314
679	294
680	304
681	317
682	296
683	288
684	345
685	289
686	283
687	305
688	304
689	335
690	328
691	324
692	316
693	320
694	276
695	331
696	334
697	293
698	302
699	317
700	293
701	301
702	304
703	312
704	306
705	304
706	310
707	292
708	295
709	325
710	293
711	318
712	302
713	318
714	303
715	298
716	311
717	320
718	307
719	318
720	302
721	319
722	291
723	275
724	309
725	350
726	329
727	285
728	319
729	291
730	328
731	335
732	284
733	313
734	323
735	300
736	290
737	312
738	279
739	306
740	285
741	285
742	301
743	307
744	316
745	309
746	303
747	313
748	293
749	304
750	302
751	305
752	285
753	300
754	276
755	303
756	278
757	301
758	317
759	303
760	319
761	288
762	345
763	311
764	308
765	306
766	317
767	281
768	326
769	300
770	281
771	306
772	313
773	302
774	311
775	278
776	279
777	320
778	308
779	300
780	302
781	298
782	278
783	303
784	330
785	340
786	316
787	335
788	324
789	297
790	318
791	319
792	297
793	317
794	299
795	320
796	315
797	276
798	337
799	316
800	304
801	306
802	321
803	324
804	271
805	328
806	310
807	317
808	292
809	329
810	298
811	323
812	295
813	301
814	297
815	296
816	288
817	340
818	298
819	303
820	300
821	303
822	330
823	295
824	296
825	299
826	338
827	314
828	300
829	332
830	318
831	322
832	347
833	325
834	313
835	318
836	320
837	297
838	299
839	321
840	328
841	313
842	302
843	316
844	289
845	315
846	330
847	328
848	294
849	347
850	334
851	306
852	316
853	320
854	301
855	320
856	311
857	316
858	292
859	327
860	302
861	267
862	302
863	335
864	331
865	321
866	331
867	311
868	326
869	315
870	314
871	301
872	324
873	324
874	323
875	344
876	306
877	308
878	290
879	296
880	304
881	287
882	298
883	307
884	339
885	305
886	323
887	289
888	283
889	312
890	310
891	321
892	322
893	319
894	317
895	319
896	348
897	317
898	310
899	308
900	323
901	323
902	314
903	322
904	322
905	307
906	284
907	307
908	334
909	319
910	303
911	303
912	338
913	311
914	332
915	303
916	291
917	308
918	320
919	323
920	330
921	301
922	336
923	329
924	292
925	315
926	323
927	302
928	290
929	335
930	289
931	325
932	307
933	342
934	293
935	332
936	331
937	296
938	321
939	306
940	314
941	311
942	308
943	361
944	315
945	328
946	320
947	300
948	326
949	310
950	317
951	324
952	306
953	329
954	310
955	336
956	296
957	302
958	298
959	319
960	295
961	308
962	324
963	309
964	288
965	329
966	337
967	322
968	309
969	358
970	301
971	301
972	314
973	317
974	324
975	328
976	298
977	322
978	288
979	350
980	296
981	339
982	328
983	294
984	307
985	303
986	330
987	299
988	288
989	311
990	334
991	357
992	334
993	321
994	318
995	300
996	288
997	283
998	299
999	328
1000	306
1001	296
1002	320
1003	325
1004	336
1005	312
1006	301
1007	310
1008	343
1009	299
1010	294
1011	291
1012	318
1013	316
1014	322
1015	330
1016	317
1017	313
1018	337
1019	340
1020	316
1021	312
1022	318
1023	311
1024	328
1025	326
1026	324
1027	314
1028	309
1029	297
1030	291
1031	319
1032	318
1033	303
1034	314
1035	326
1036	337
1037	328
1038	301
1039	309
1040	305
1041	308
1042	326
1043	328
1044	321
1045	338
1046	318
1047	351
1048	311
1049	282
1050	309
1051	300
1052	319
1053	326
1054	328
1055	317
1056	296
1057	319
1058	302
1059	334
1060	349
1061	323
1062	334
1063	369
1064	294
1065	328
1066	308
1067	324
1068	306
1069	291
1070	320
1071	280
1072	325
1073	317
1074	312
1075	322
1076	331
1077	351
1078	314
1079	313
1080	332
1081	314
1082	325
1083	346
1084	333
1085	312
1086	335
1087	319
1088	320
1089	336
1090	334
1091	335
1092	347
1093	323
1094	333
1095	344
1096	292
1097	339
1098	329
1099	330
1100	355
1101	328
1102	313
1103	332
1104	312
1105	283
1106	304
1107	330
1108	337
1109	306
1110	335
1111	313
1112	328
1113	328
1114	301
1115	302
1116	319
1117	331
1118	335
1119	351
1120	345
1121	289
1122	345
1123	296
1124	310
1125	346
1126	321
1127	325
1128	338
1129	323
1130	308
1131	334
1132	323
1133	309
1134	311
1135	354
1136	340
1137	347
1138	302
1139	312
1140	337
1141	322
1142	321
1143	333
1144	331
1145	306
1146	335
1147	324
1148	330
1149	314
1150	355
1151	326
1152	349
1153	353
1154	324
1155	325
1156	328
1157	326
1158	355
1159	325
1160	344
1161	328
1162	307
1163	353
1164	338
1165	353
1166	302
1167	321
1168	320
1169	352
1170	335
1171	315
1172	357
1173	304
1174	368
1175	366
1176	322
1177	304
1178	335
1179	333
1180	300
1181	349
1182	318
1183	320
1184	324
1185	310
1186	346
1187	332
1188	330
1189	333
1190	330
1191	318
1192	336
1193	346
1194	342
1195	349
1196	323
1197	346
1198	336
1199	365
1200	337
1201	341
1202	302
1203	346
1204	328
1205	322
1206	330
1207	316
1208	308
1209	302
1210	326
1211	363
1212	335
1213	344
1214	332
1215	346
1216	340
1217	315
1218	352
1219	354
1220	340
1221	272
1222	335
1223	365
1224	326
1225	290
1226	303
1227	324
1228	338
1229	338
1230	338
1231	329
1232	318
1233	351
1234	363
1235	326
1236	331
1237	306
1238	337
1239	345
1240	295
1241	338
1242	367
1243	335
1244	344
1245	332
1246	292
1247	315
1248	314
1249	308
1250	318
1251	324
1252	325
1253	336
1254	316
1255	313
1256	330
1257	339
1258	294
1259	313
1260	286
1261	331
1262	323
1263	308
1264	332
1265	344
1266	340
1267	328
1268	323
1269	328
1270	328
1271	352
1272	348
1273	321
1274	307
1275	308
1276	346
1277	327
1278	285
1279	378
1280	341
1281	322
1282	311
1283	322
1284	336
1285	316
1286	374
1287	318
1288	310
1289	344
1290	292
1291	345
1292	338
1293	341
1294	294
1295	315
1296	345
1297	331
1298	304
1299	351
1300	318
1301	329
1302	329
1303	319
1304	329
1305	305
1306	314
1307	306
1308	353
1309	323
1310	352
1311	315
1312	329
1313	358
1314	309
1315	330
1316	308
1317	327
1318	304
1319	347
1320	351
1321	333
1322	353
1323	327
1324	323
1325	322
1326	314
1327	344
1328	345
1329	343
1330	333
1331	355
1332	327
1333	330
1334	339
1335	293
1336	330
1337	315
1338	345
1339	381
1340	311
1341	311
1342	338
1343	340
1344	344
1345	355
1346	340
1347	317
1348	322
1349	313
1350	329
1351	298
1352	328
1353	288
1354	302
1355	337
1356	348
1357	298
1358	378
1359	317
1360	318
1361	345
1362	302
1363	322
1364	321
1365	347
1366	301
1367	328
1368	318
1369	344
1370	346
1371	326
1372	332
1373	310
1374	304
1375	377
1376	362
1377	321
1378	351
1379	295
1380	334
1381	314
1382	310
1383	338
1384	347
1385	358
1386	302
1387	341
1388	324
1389	295
1390	293
1391	341
1392	330
1393	317
1394	314
1395	359
1396	319
1397	329
1398	330
1399	330
1400	349
1401	306
1402	335
1403	325
1404	318
1405	325
1406	339
1407	316
1408	319
1409	324
1410	321
1411	353
1412	322
1413	331
1414	334
1415	298
1416	330
1417	347
1418	325
1419	348
1420	359
1421	345
1422	321
1423	317
1424	331
1425	349
1426	316
1427	353
1428	305
1429	346
1430	337
1431	350
1432	326
1433	324
1434	329
1435	326
1436	335
1437	291
1438	349
1439	321
1440	324
1441	319
1442	338
1443	353
1444	339
1445	333
1446	324
1447	295
1448	325
1449	323
1450	329
1451	338
1452	344
1453	312
1454	326
1455	338
1456	317
1457	356
1458	323
1459	335
1460	321
1461	311
1462	355
1463	352
1464	289
1465	325
1466	327
1467	321
1468	308
1469	346
1470	338
1471	350
1472	340
1473	325
1474	304
1475	325
1476	322
1477	342
1478	354
1479	312
1480	324
1481	336
1482	340
1483	358
1484	314
1485	336
1486	324
1487	312
1488	342
1489	337
1490	325
1491	333
1492	332
1493	350
1494	336
1495	312
1496	284
1497	350
1498	320
1499	326
1500	300
1501	326
1502	324
1503	344
1504	314
1505	351
1506	336
1507	345
1508	308
1509	300
1510	338
1511	339
1512	306
1513	326
1514	330
1515	331
1516	365
1517	342
1518	332
1519	312
1520	322
1521	317
1522	309
1523	320
1524	325
1525	347
1526	320
1527	343
1528	341
1529	390
1530	333
1531	365
1532	297
1533	327
1534	355
1535	320
1536	318
1537	354
1538	362
1539	337
1540	327
1541	308
1542	306
1543	360
1544	316
1545	312
1546	320
1547	392
1548	320
1549	314
1550	309
1551	372
1552	327
1553	311
1554	353
1555	319
1556	341
1557	313
1558	327
1559	362
1560	329
1561	358
1562	322
1563	329
1564	375
1565	327
1566	307
1567	329
1568	347
1569	347
1570	349
1571	345
1572	331
1573	342
1574	371
1575	328
1576	315
1577	343
1578	357
1579	370
1580	339
1581	342
1582	343
1583	351
1584	341
1585	343
1586	319
1587	349
1588	339
1589	333
1590	369
1591	310
1592	334
1593	351
1594	361
1595	323
1596	335
1597	361
1598	351
1599	328
1600	321
1601	371
1602	327
1603	350
1604	357
1605	353
1606	330
1607	331
1608	342
1609	389
1610	315
1611	341
1612	313
1613	351
1614	327
1615	351
1616	344
1617	322
1618	328
1619	333
1620	345
1621	323
1622	329
1623	331
1624	359
1625	341
1626	345
1627	351
1628	344
1629	356
1630	329
1631	352
1632	357
1633	320
1634	359
1635	323
1636	348
1637	341
1638	365
1639	332
1640	351
1641	330
1642	330
1643	352
1644	306
1645	368
1646	359
1647	347
1648	322
1649	316
1650	343
1651	325
1652	379
1653	325
1654	306
1655	333
1656	300
1657	342
1658	345
1659	328
1660	360
1661	360
1662	346
1663	352
1664	335
1665	339
1666	358
1667	349
1668	356
1669	393
1670	364
1671	349
1672	343
1673	354
1674	345
1675	334
1676	325
1677	333
1678	378
1679	349
1680	355
1681	345
1682	326
1683	346
1684	366
1685	358
1686	367
1687	343
1688	348
1689	353
1690	312
1691	360
1692	351
1693	358
1694	329
1695	355
1696	339
1697	340
1698	321
1699	321
1700	364
1701	373
1702	341
1703	357
1704	348
1705	338
1706	332
1707	330
1708	339
1709	364
1710	328
1711	358
1712	355
1713	345
1714	366
1715	346
1716	330
1717	335
1718	330
1719	348
1720	337
1721	370
1722	371
1723	370
1724	354
1725	372
1726	323
1727	341
1728	365
1729	361
1730	316
1731	346
1732	381
1733	348
1734	350
1735	361
1736	336
1737	356
1738	342
1739	332
1740	389
1741	355
1742	321
1743	338
1744	320
1745	359
1746	334
1747	346
1748	379
1749	320
1750	353
1751	372
1752	350
1753	318
1754	375
1755	316
1756	377
1757	356
1758	364
1759	381
1760	351
1761	324
1762	339
1763	362
1764	350
1765	364
1766	329
1767	349
1768	332
1769	363
1770	351
1771	312
1772	354
1773	305
1774	333
1775	366
1776	374
1777	371
1778	361
1779	329
1780	359
1781	336
1782	337
1783	323
1784	345
1785	345
1786	395
1787	333
1788	365
1789	366
1790	395
1791	362
1792	319
1793	352
1794	333
1795	368
1796	324
1797	374
1798	378
1799	347
1800	350
1801	320
1802	345
1803	367
1804	350
1805	355
1806	311
1807	319
1808	349
1809	357
1810	359
1811	357
1812	328
1813	354
1814	354
1815	357
1816	360
1817	329
1818	333
1819	357
1820	346
1821	355
1822	380
1823	345
1824	347
1825	332
1826	344
1827	360
1828	349
1829	347
1830	365
1831	359
1832	325
1833	359
1834	345
1835	372
1836	348
1837	327
1838	397
1839	322
1840	316
1841	365
1842	361
1843	344
1844	356
1845	354
1846	367
1847	343
1848	373
1849	356
1850	370
1851	354
1852	359
1853	369
1854	346
1855	376
1856	344
1857	364
1858	361
1859	335
1860	361
1861	369
1862	363
1863	390
1864	368
1865	342
1866	364
1867	328
1868	364
1869	352
1870	378
1871	329
1872	348
1873	323
1874	356
1875	362
1876	363
1877	377
1878	350
1879	365
1880	368
1881	349
1882	370
1883	359
1884	364
1885	374
1886	348
1887	354
1888	321
1889	329
1890	375
1891	330
1892	381
1893	356
1894	366
1895	377
1896	321
1897	342
1898	353
1899	362
1900	372
1901	359
1902	334
1903	364
1904	331
1905	354
1906	339
1907	365
1908	356
1909	343
1910	346
1911	354
1912	344
1913	339
1914	363
1915	355
1916	364
1917	342
1918	353
1919	345
1920	361
1921	366
1922	380
1923	354
1924	329
1925	346
1926	351
1927	379
1928	327
1929	342
1930	355
1931	374
1932	364
1933	396
1934	365
1935	337
1936	337
1937	368
1938	358
1939	355
1940	343
1941	380
1942	328
1943	340
1944	330
1945	338
1946	319
1947	339
1948	371
1949	352
1950	367
1951	365
1952	340
1953	361
1954	354
1955	359
1956	337
1957	337
1958	361
1959	346
1960	341
1961	348
1962	361
1963	348
1964	325
1965	399
1966	363
1967	335
1968	357
1969	354
1970	329
1971	339
1972	380
1973	356
1974	335
1975	344
1976	348
1977	345
1978	373
1979	383
1980	377
1981	361
1982	343
1983	342
1984	350
1985	346
1986	359
1987	383
1988	367
1989	369
1990	377
1991	356
1992	372
1993	355
1994	342
1995	393
1996	362
1997	363
1998	384
1999	355
2000	402
2001	349
2002	330
2003	390
2004	379
2005	374
2006	369
2007	361
2008	373
2009	346
2010	374
2011	319
2012	378
2013	376
2014	347
2015	360
2016	337
2017	396
2018	379
2019	388
2020	393
2021	376
2022	354
2023	371
2024	375
2025	355
2026	338
2027	365
2028	352
2029	372
2030	374
2031	390
2032	328
2033	342
2034	337
2035	331
2036	384
2037	366
2038	356
2039	354
2040	359
2041	371
2042	347
2043	360
2044	363
2045	363
2046	363
2047	395
2048	356
2049	389
2050	367
2051	351
2052	353
2053	386
2054	346
2055	383
2056	377
2057	359
2058	351
2059	370
2060	361
2061	356
2062	377
2063	337
2064	332
2065	365
2066	371
2067	333
2068	320
2069	351
2070	358
2071	353
2072	353
2073	354
2074	369
2075	380
2076	398
2077	365
2078	353
2079	381
2080	369
2081	342
2082	414
2083	355
2084	345
2085	364
2086	361
2087	345
2088	372
2089	352
2090	364
2091	366
2092	360
2093	347
2094	374
2095	391
2096	364
2097	344
2098	388
2099	400
2100	371
2101	359
2102	387
2103	353
2104	368
2105	349
2106	350
2107	335
2108	357
2109	395
2110	334
2111	371
2112	371
2113	377
2114	421
2115	377
2116	332
2117	356
2118	383
2119	361
2120	383
2121	333
2122	391
2123	344
2124	370
2125	374
2126	351
2127	337
2128	360
2129	355
2130	379
2131	368
2132	381
2133	362
2134	361
2135	380
2136	374
2137	345
2138	368
2139	349
2140	342
2141	340
2142	342
2143	343
2144	353
2145	344
2146	374
2147	331
2148	330
2149	352
2150	371
2151	381
2152	377
2153	355
2154	368
2155	409
2156	336
2157	383
2158	386
2159	354
2160	342
2161	359
2162	354
2163	365
2164	358
2165	361
2166	371
2167	371
2168	364
2169	374
2170	345
2171	388
2172	375
2173	364
2174	378
2175	356
2176	343
2177	365
2178	366
2179	360
2180	374
2181	347
2182	383
2183	369
2184	378
2185	349
2186	366
2187	377
2188	359
2189	366
2190	366
2191	383
2192	393
2193	356
2194	346
2195	403
2196	355
2197	362
2198	365
2199	342
2200	374
2201	355
2202	404
2203	407
2204	379
2205	374
2206	366
2207	393
2208	408
2209	367
2210	389
2211	377
2212	381
2213	355
2214	380
2215	365
2216	382
2217	374
2218	349
2219	388
2220	372
2221	343
2222	360
2223	364
2224	334
2225	356
2226	376
2227	381
2228	382
2229	356
2230	391
2231	366
2232	361
2233	334
2234	390
2235	344
2236	337
2237	403
2238	386
2239	351
2240	368
2241	378
2242	388
2243	390
2244	392
2245	381
2246	375
2247	374
2248	360
2249	395
2250	363
2251	378
2252	359
2253	354
2254	357
2255	359
2256	408
2257	392
2258	361
2259	346
2260	383
2261	426
2262	400
2263	364
2264	359
2265	388
2266	386
2267	365
2268	362
2269	408
2270	373
2271	381
2272	369
2273	367
2274	396
2275	393
2276	385
2277	359
2278	350
2279	382
2280	430
2281	401
2282	405
2283	374
2284	380
2285	390
2286	408
2287	402
2288	361
2289	411
2290	376
2291	383
2292	386
2293	390
2294	412
2295	409
2296	364
2297	387
2298	391
2299	374
2300	412
2301	393
2302	389
2303	373
2304	379
2305	386
2306	391
2307	385
2308	394
2309	405
2310	411
2311	390
2312	423
2313	400
2314	349
2315	372
2316	410
2317	421
2318	385
2319	427
2320	380
2321	419
2322	425
2323	421
2324	401
2325	368
2326	408
2327	392
2328	391
2329	417
2330	397
2331	385
2332	410
2333	391
2334	426
2335	398
2336	431
2337	401
2338	419
2339	397
2340	408
2341	399
2342	417
2343	402
2344	420
2345	386
2346	396
2347	390
2348	397
2349	408
2350	415
2351	422
2352	390
2353	388
2354	406
2355	417
2356	440
2357	421
2358	385
2359	406
2360	434
2361	427
2362	402
2363	434
2364	421
2365	432
2366	423
2367	486
2368	409
2369	424
2370	435
2371	432
2372	436
2373	414
2374	394
2375	433
2376	432
2377	418
2378	465
2379	425
2380	401
2381	405
2382	476
2383	423
2384	444
2385	421
2386	411
2387	450
2388	433
2389	443
2390	445
2391	453
2392	450
2393	404
2394	450
2395	427
2396	445
2397	443
2398	400
2399	435
2400	413
2401	429
2402	420
2403	463
2404	409
2405	434
2406	464
2407	435
2408	436
2409	439
2410	427
2411	429
2412	438
2413	446
2414	464
2415	455
2416	469
2417	423
2418	435
2419	458
2420	464
2421	433
2422	448
2423	484
2424	460
2425	480
2426	478
2427	442
2428	463
2429	425
2430	471
2431	453
2432	483
2433	417
2434	474
2435	466
2436	471
2437	450
2438	486
2439	489
2440	444
2441	471
2442	470
2443	477
2444	484
2445	458
2446	519
2447	483
2448	505
2449	507
2450	472
2451	471
2452	476
2453	469
2454	457
2455	468
2456	490
2457	439
2458	488
2459	449
2460	476
2461	486
2462	468
2463	443
2464	499
2465	523
2466	462
2467	498
2468	487
2469	447
2470	467
2471	470
2472	506
2473	500
2474	509
2475	479
2476	509
2477	513
2478	538
2479	474
2480	483
2481	512
2482	496
2483	471
2484	489
2485	497
2486	512
2487	545
2488	487
2489	487
2490	471
2491	513
2492	515
2493	503
2494	520
2495	477
2496	493
2497	498
2498	531
2499	517
2500	532
2501	498
2502	502
2503	527
2504	468
2505	530
2506	515
2507	505
2508	462
2509	536
2510	505
2511	486
2512	516
2513	533
2514	518
2515	477
2516	514
2517	488
2518	518
2519	511
2520	477
2521	489
2522	512
2523	503
2524	538
2525	522
2526	527
2527	488
2528	515
2529	505
2530	567
2531	495
2532	534
2533	530
2534	499
2535	503
2536	553
2537	506
2538	522
2539	533
2540	492
2541	561
2542	546
2543	539
2544	521
2545	488
2546	530
2547	532
2548	533
2549	574
2550	546
2551	499
2552	515
2553	475
2554	521
2555	549
2556	534
2557	551
2558	511
2559	547
2560	563
2561	533
2562	545
2563	541
2564	529
2565	548
2566	553
2567	527
2568	546
2569	576
2570	540
2571	548
2572	545
2573	539
2574	548
2575	535
2576	503
2577	517
2578	577
2579	566
2580	578
2581	488
2582	551
2583	522
2584	559
2585	550
2586	556
2587	533
2588	567
2589	601
2590	555
2591	538
2592	551
2593	539
2594	536
2595	541
2596	560
2597	569
2598	532
2599	599
2600	516
2601	555
2602	539
2603	548
2604	554
2605	581
2606	483
2607	499
2608	566
2609	555
2610	549
2611	546
2612	533
2613	548
2614	565
2615	525
2616	576
2617	569
2618	520
2619	527
2620	549
2621	532
2622	590
2623	584
2624	515
2625	564
2626	552
2627	546
2628	556
2629	561
2630	534
2631	563
2632	586
2633	514
2634	550
2635	524
2636	550
2637	612
2638	540
2639	485
2640	579
2641	526
2642	514
2643	530
2644	559
2645	535
2646	585
2647	528
2648	541
2649	523
2650	503
2651	559
2652	514
2653	594
2654	545
2655	556
2656	567
2657	535
2658	529
2659	595
2660	523
2661	517
2662	565
2663	564
2664	507
2665	525
2666	556
2667	536
2668	530
2669	538
2670	506
2671	538
2672	578
2673	547
2674	527
2675	542
2676	524
2677	544
2678	570
2679	502
2680	564
2681	517
2682	570
2683	505
2684	482
2685	555
2686	568
2687	538
2688	542
2689	539
2690	538
2691	533
2692	518
2693	540
2694	538
2695	510
2696	550
2697	504
2698	507
2699	515
2700	562
2701	526
2702	547
2703	493
2704	506
2705	532
2706	532
2707	555
2708	531
2709	527
2710	544
2711	527
2712	536
2713	506
2714	545
2715	528
2716	497
2717	533
2718	475
2719	519
2720	507
2721	537
2722	497
2723	518
2724	507
2725	585
2726	508
2727	518
2728	530
2729	505
2730	522
2731	528
2732	532
2733	487
2734	552
2735	537
2736	532
2737	527
2738	484
2739	506
2740	530
2741	526
2742	497
2743	491
2744	511
2745	528
2746	509
2747	545
2748	514
2749	537
2750	502
2751	491
2752	544
2753	547
2754	527
2755	503
2756	521
2757	511
2758	527
2759	499
2760	476
2761	486
2762	495
2763	527
2764	480
2765	543
2766	517
2767	493
2768	523
2769	490
2770	512
2771	491
2772	537
2773	555
2774	491
2775	549
2776	499
2777	486
2778	484
2779	528
2780	502
2781	489
2782	491
2783	544
2784	480
2785	512
2786	526
2787	485
2788	529
2789	519
2790	504
2791	537
2792	513
2793	511
2794	479
2795	548
2796	527
2797	496
2798	497
2799	492
2800	529
2801	486
2802	485
2803	497
2804	483
2805	539
2806	491
2807	491
2808	454
2809	444
2810	512
2811	482
2812	522
2813	507
2814	502
2815	461
2816	515
2817	458
2818	477
2819	497
2820	503
2821	491
2822	468
2823	505
2824	515
2825	490
2826	491
2827	538
2828	527
2829	482
2830	436
2831	479
2832	502
2833	479
2834	498
2835	475
2836	497
2837	498
2838	466
2839	497
2840	487
2841	459
2842	430
2843	471
2844	507
2845	478
2846	467
2847	498
2848	459
2849	471
2850	506
2851	462
2852	463
2853	491
2854	497
2855	493
2856	494
2857	436
2858	480
2859	487
2860	457
2861	480
2862	495
2863	488
2864	505
2865	486
2866	456
2867	462
2868	501
2869	458
2870	478
2871	477
2872	458
2873	441
2874	483
2875	477
2876	485
2877	479
2878	482
2879	456
2880	457
2881	502
2882	467
2883	510
2884	438
2885	508
2886	455
2887	444
2888	468
2889	462
2890	482
2891	496
2892	501
2893	454
2894	469
2895	456
2896	422
2897	445
2898	473
2899	423
2900	471
2901	531
2902	451
2903	461
2904	469
2905	479
2906	455
2907	454
2908	462
2909	482
2910	443
2911	473
2912	478
2913	470
2914	457
2915	436
2916	474
2917	463
2918	462
2919	437
2920	451
2921	448
2922	467
2923	482
2924	496
2925	454
2926	455
2927	500
2928	451
2929	433
2930	453
2931	470
2932	468
2933	498
2934	481
2935	463
2936	441
2937	466
2938	446
2939	447
2940	452
2941	441
2942	454
2943	415
2944	460
2945	452
2946	418
2947	447
2948	465
2949	452
2950	461
2951	446
2952	412
2953	466
2954	436
2955	490
2956	434
2957	429
2958	428
2959	437
2960	449
2961	459
2962	424
2963	492
2964	437
2965	479
2966	427
2967	448
2968	458
2969	437
2970	432
2971	458
2972	485
2973	461
2974	458
2975	446
2976	439
2977	443
2978	456
2979	451
2980	475
2981	433
2982	452
2983	434
2984	439
2985	482
2986	462
2987	480
2988	448
2989	446
2990	448
2991	476
2992	461
2993	461
2994	457
2995	438
2996	435
2997	443
2998	424
2999	461
3000	485
3001	416
3002	476
3003	458
3004	436
3005	438
3006	458
3007	448
3008	485
3009	447
3010	423
3011	422
3012	442
3013	443
3014	449
3015	449
3016	468
3017	463
3018	473
3019	430
3020	474
3021	434
3022	469
3023	411
3024	442
3025	450
3026	426
3027	473
3028	447
3029	507
3030	451
3031	453
3032	442
3033	437
3034	445
3035	452
3036	463
3037	430
3038	399
3039	438
3040	445
3041	414
3042	455
3043	425
3044	450
3045	436
3046	425
3047	432
3048	452
3049	466
3050	447
3051	412
3052	421
3053	417
3054	462
3055	429
3056	454
3057	443
3058	420
3059	450
3060	395
3061	448
3062	409
3063	411
3064	437
3065	431
3066	441
3067	443
3068	447
3069	444
3070	409
3071	463
3072	444
3073	412
3074	423
3075	429
3076	431
3077	424
3078	437
3079	458
3080	494
3081	421
3082	473
3083	414
3084	424
3085	450
3086	438
3087	463
3088	398
3089	425
3090	441
3091	433
3092	459
3093	450
3094	407
3095	431
3096	437
3097	411
3098	414
3099	454
3100	446
3101	430
3102	431
3103	450
3104	438
3105	431
3106	440
3107	456
3108	449
3109	445
3110	447
3111	420
3112	439
3113	428
3114	474
3115	443
3116	440
3117	442
3118	405
3119	477
3120	400
3121	438
3122	405
3123	426
3124	445
3125	359
3126	445
3127	417
3128	393
3129	457
3130	442
3131	404
3132	448
3133	418
3134	468
3135	472
3136	421
3137	457
3138	417
3139	422
3140	436
3141	435
3142	451
3143	366
3144	387
3145	459
3146	434
3147	472
3148	501
3149	433
3150	448
3151	405
3152	459
3153	424
3154	410
3155	412
3156	449
3157	411
3158	428
3159	433
3160	413
3161	437
3162	420
3163	400
3164	399
3165	418
3166	428
3167	455
3168	405
3169	468
3170	433
3171	414
3172	433
3173	428
3174	466
3175	441
3176	430
3177	417
3178	428
3179	432
3180	449
3181	429
3182	416
3183	400
3184	401
3185	417
3186	413
3187	457
3188	420
3189	401
3190	404
3191	429
3192	402
3193	402
3194	424
3195	444
3196	409
3197	397
3198	410
3199	431
3200	424
3201	399
3202	392
3203	436
3204	446
3205	384
3206	429
3207	405
3208	442
3209	433
3210	423
3211	461
3212	407
3213	447
3214	393
3215	424
3216	408
3217	422
3218	403
3219	482
3220	422
3221	432
3222	415
3223	404
3224	451
3225	462
3226	447
3227	404
3228	395
3229	447
3230	447
3231	406
3232	403
3233	412
3234	422
3235	407
3236	454
3237	426
3238	392
3239	438
3240	395
3241	421
3242	408
3243	380
3244	402
3245	411
3246	402
3247	415
3248	415
3249	451
3250	414
3251	434
3252	473
3253	391
3254	410
3255	417
3256	417
3257	413
3258	413
3259	420
3260	427
3261	445
3262	417
3263	415
3264	407
3265	435
3266	433
3267	397
3268	411
3269	421
3270	447
3271	391
3272	447
3273	380
3274	434
3275	409
3276	395
3277	395
3278	442
3279	462
3280	392
3281	391
3282	445
3283	408
3284	431
3285	380
3286	412
3287	469
3288	439
3289	392
3290	438
3291	403
3292	429
3293	436
3294	429
3295	397
3296	402
3297	415
3298	418
3299	417
3300	420
3301	408
3302	411
3303	449
3304	422
3305	387
3306	410
3307	398
3308	398
3309	425
3310	390
3311	401
3312	392
3313	404
3314	398
3315	404
3316	418
3317	389
3318	414
3319	375
3320	396
3321	386
3322	388
3323	418
3324	393
3325	383
3326	430
3327	367
3328	399
3329	374
3330	365
3331	391
3332	403
3333	418
3334	406
3335	390
3336	374
3337	393
3338	419
3339	376
3340	400
3341	389
3342	405
3343	392
3344	382
3345	419
3346	396
3347	402
3348	393
3349	415
3350	424
3351	424
3352	417
3353	433
3354	379
3355	406
3356	379
3357	395
3358	414
3359	386
3360	406
3361	431
3362	376
3363	365
3364	401
3365	401
3366	402
3367	413
3368	393
3369	393
3370	385
3371	363
3372	395
3373	355
3374	408
3375	388
3376	391
3377	383
3378	385
3379	372
3380	399
3381	367
3382	430
3383	382
3384	382
3385	393
3386	410
3387	438
3388	414
3389	418
3390	355
3391	374
3392	390
3393	430
3394	387
3395	411
3396	389
3397	384
3398	418
3399	382
3400	390
3401	404
3402	380
3403	378
3404	366
3405	400
3406	380
3407	388
3408	397
3409	382
3410	375
3411	390
3412	390
3413	385
3414	355
3415	403
3416	393
3417	366
3418	356
3419	372
3420	360
3421	374
3422	370
3423	409
3424	396
3425	371
3426	397
3427	345
3428	392
3429	391
3430	397
3431	398
3432	391
3433	377
3434	397
3435	386
3436	400
3437	383
3438	394
3439	369
3440	408
3441	371
3442	398
3443	380
3444	352
3445	397
3446	354
3447	402
3448	365
3449	375
3450	388
3451	370
3452	368
3453	396
3454	362
3455	389
3456	442
3457	380
3458	373
3459	371
3460	393
3461	346
3462	379
3463	375
3464	367
3465	387
3466	355
3467	357
3468	362
3469	356
3470	364
3471	387
3472	378
3473	375
3474	359
3475	370
3476	426
3477	362
3478	359
3479	399
3480	380
3481	394
3482	393
3483	400
3484	396
3485	372
3486	358
3487	391
3488	380
3489	336
3490	361
3491	357
3492	343
3493	371
3494	381
3495	317
3496	387
3497	384
3498	382
3499	344
3500	377
3501	365
3502	336
3503	377
3504	356
3505	349
3506	384
3507	353
3508	365
3509	348
3510	382
3511	356
3512	360
3513	369
3514	361
3515	374
3516	361
3517	347
3518	394
3519	388
3520	379
3521	368
3522	378
3523	343
3524	378
3525	353
3526	357
3527	374
3528	367
3529	367
3530	328
3531	343
3532	356
3533	382
3534	357
3535	352
3536	332
3537	360
3538	338
3539	357
3540	375
3541	368
3542	395
3543	361
3544	375
3545	361
3546	384
3547	377
3548	376
3549	379
3550	350
3551	358
3552	355
3553	355
3554	335
3555	335
3556	362
3557	334
3558	364
3559	371
3560	348
3561	362
3562	370
3563	344
3564	353
3565	374
3566	362
3567	363
3568	345
3569	384
3570	343
3571	350
3572	387
3573	350
3574	358
3575	366
3576	336
3577	307
3578	393
3579	325
3580	329
3581	368
3582	368
3583	376
3584	368
3585	361
3586	355
3587	366
3588	323
3589	390
3590	360
3591	369
3592	338
3593	386
3594	344
3595	366
3596	359
3597	338
3598	350
3599	359
3600	369
3601	360
3602	384
3603	338
3604	342
3605	349
3606	331
3607	350
3608	369
3609	364
3610	334
3611	319
3612	337
3613	372
3614	354
3615	348
3616	349
3617	376
3618	328
3619	355
3620	355
3621	357
3622	380
3623	298
3624	342
3625	353
3626	348
3627	359
3628	375
3629	342
3630	319
3631	353
3632	322
3633	336
3634	357
3635	339
3636	328
3637	331
3638	367
3639	390
3640	382
3641	340
3642	352
3643	332
3644	340
3645	337
3646	350
3647	325
3648	306
3649	338
3650	342
3651	331
3652	363
3653	362
3654	329
3655	354
3656	403
3657	317
3658	325
3659	365
3660	307
3661	325
3662	355
3663	310
3664	294
3665	353
3666	368
3667	336
3668	359
3669	358
3670	336
3671	322
3672	380
3673	348
3674	348
3675	355
3676	367
3677	326
3678	326
3679	388
3680	332
3681	358
3682	342
3683	359
3684	331
3685	330
3686	347
3687	363
3688	364
3689	349
3690	358
3691	339
3692	337
3693	348
3694	357
3695	366
3696	375
3697	346
3698	366
3699	340
3700	350
3701	353
3702	359
3703	351
3704	359
3705	370
3706	357
3707	348
3708	340
3709	325
3710	356
3711	332
3712	356
3713	322
3714	326
3715	319
3716	343
3717	324
3718	332
3719	350
3720	343
3721	337
3722	345
3723	329
3724	334
3725	322
3726	359
3727	342
3728	333
3729	332
3730	323
3731	326
3732	333
3733	352
3734	341
3735	364
3736	333
3737	332
3738	327
3739	326
3740	351
3741	306
3742	327
3743	376
3744	320
3745	306
3746	315
3747	310
3748	316
3749	338
3750	321
3751	327
3752	341
3753	322
3754	353
3755	341
3756	348
3757	331
3758	357
3759	335
3760	339
3761	283
3762	346
3763	329
3764	349
3765	347
3766	357
3767	329
3768	352
3769	331
3770	334
3771	343
3772	293
3773	365
3774	341
3775	335
3776	353
3777	350
3778	335
3779	330
3780	338
3781	327
3782	324
3783	343
3784	338
3785	297
3786	346
3787	305
3788	323
3789	359
3790	340
3791	339
3792	341
3793	335
3794	345
3795	340
3796	342
3797	335
3798	382
3799	310
3800	351
3801	305
3802	333
3803	352
3804	330
3805	324
3806	358
3807	331
3808	355
3809	325
3810	298
3811	337
3812	333
3813	352
3814	301
3815	363
3816	336
3817	318
3818	311
3819	319
3820	341
3821	329
3822	319
3823	316
3824	333
3825	340
3826	312
3827	339
3828	321
3829	354
3830	320
3831	343
3832	341
3833	321
3834	333
3835	327
3836	309
3837	347
3838	337
3839	349
3840	323
3841	295
3842	328
3843	324
3844	334
3845	312
3846	363
3847	328
3848	321
3849	303
3850	350
3851	337
3852	284
3853	332
3854	319
3855	321
3856	326
3857	308
3858	338
3859	315
3860	320
3861	358
3862	310
3863	339
3864	322
3865	328
3866	342
3867	335
3868	346
3869	330
3870	305
3871	348
3872	313
3873	305
3874	325
3875	365
3876	318
3877	320
3878	308
3879	326
3880	329
3881	320
3882	321
3883	323
3884	334
3885	319
3886	390
3887	317
3888	344
3889	311
3890	330
3891	316
3892	335
3893	299
3894	334
3895	321
3896	316
3897	334
3898	335
3899	274
3900	322
3901	328
3902	315
3903	306
3904	309
3905	303
3906	312
3907	295
3908	320
3909	311
3910	371
3911	330
3912	320
3913	325
3914	305
3915	355
3916	342
3917	328
3918	308
3919	322
3920	306
3921	318
3922	314
3923	325
3924	316
3925	333
3926	348
3927	341
3928	342
3929	322
3930	314
3931	311
3932	355
3933	310
3934	328
3935	337
3936	341
3937	342
3938	330
3939	324
3940	283
3941	286
3942	318
3943	330
3944	349
3945	356
3946	282
3947	326
3948	303
3949	340
3950	349
3951	342
3952	351
3953	297
3954	310
3955	326
3956	349
3957	309
3958	324
3959	330
3960	337
3961	291
3962	330
3963	321
3964	295
3965	303
3966	340
3967	346
3968	326
3969	311
3970	287
3971	317
3972	320
3973	308
3974	300
3975	351
3976	305
3977	320
3978	295
3979	321
3980	320
3981	338
3982	332
3983	326
3984	300
3985	348
3986	321
3987	309
3988	299
3989	339
3990	331
3991	312
3992	302
3993	339
3994	325
3995	318
3996	343
3997	338
3998	339
3999	305
4000	340
4001	345
4002	295
4003	338
4004	335
4005	319
4006	313
4007	316
4008	321
4009	327
4010	306
4011	324
4012	303
4013	295
4014	267
4015	340
4016	312
4017	346
4018	295
4019	325
4020	332
4021	326
4022	308
4023	319
4024	314
4025	325
4026	297
4027	314
4028	309
4029	297
4030	310
4031	326
4032	304
4033	320
4034	354
4035	342
4036	324
4037	313
4038	329
4039	307
4040	336
4041	322
4042	302
4043	295
4044	305
4045	326
4046	309
4047	308
4048	331
4049	305
4050	350
4051	295
4052	328
4053	363
4054	312
4055	289
4056	303
4057	333
4058	300
4059	327
4060	346
4061	319
4062	317
4063	314
4064	303
4065	311
4066	329
4067	289
4068	346
4069	287
4070	329
4071	320
4072	303
4073	298
4074	305
4075	323
4076	303
4077	322
4078	327
4079	298
4080	315
4081	269
4082	310
4083	314
4084	303
4085	296
4086	349
4087	329
4088	336
4089	304
4090	314
4091	294
4092	354
4093	328
4094	334
4095	313
4096	306
4097	322
4098	297
4099	310
4100	291
4101	298
4102	315
4103	320
4104	325
4105	304
4106	369
4107	322
4108	316
4109	263
4110	332
4111	308
4112	274
4113	293
4114	314
4115	283
4116	313
4117	293
4118	305
4119	318
4120	330
4121	285
4122	295
4123	307
4124	301
4125	288
4126	313
4127	332
4128	312
4129	312
4130	340
4131	299
4132	319
4133	290
4134	296
4135	313
4136	272
4137	343
4138	305
4139	290
4140	313
4141	322
4142	332
4143	305
4144	310
4145	323
4146	305
4147	282
4148	334
4149	305
4150	315
4151	297
4152	312
4153	333
4154	289
4155	294
4156	338
4157	323
4158	312
4159	322
4160	292
4161	317
4162	300
4163	308
4164	286
4165	292
4166	321
4167	313
4168	319
4169	305
4170	328
4171	305
4172	288
4173	305
4174	301
4175	308
4176	303
4177	315
4178	308
4179	305
4180	338
4181	305
4182	279
4183	330
4184	326
4185	277
4186	308
4187	325
4188	288
4189	303
4190	315
4191	309
4192	307
4193	352
4194	331
4195	320
4196	296
4197	307
4198	328
4199	298
4200	319
4201	280
4202	341
4203	320
4204	304
4205	306
4206	307
4207	329
4208	316
4209	297
4210	285
4211	331
4212	309
4213	313
4214	314
4215	279
4216	315
4217	312
4218	326
4219	265
4220	301
4221	331
4222	293
4223	291
4224	299
4225	289
4226	295
4227	290
4228	340
4229	300
4230	295
4231	296
4232	303
4233	316
4234	334
4235	344
4236	264
4237	317
4238	296
4239	279
4240	326
4241	318
4242	308
4243	302
4244	351
4245	300
4246	314
4247	291
4248	298
4249	347
4250	303
4251	304
4252	286
4253	317
4254	299
4255	321
4256	330
4257	298
4258	316
4259	350
4260	304
4261	332
4262	298
4263	292
4264	321
4265	326
4266	276
4267	316
4268	334
4269	314
4270	315
4271	310
4272	322
4273	316
4274	280
4275	320
4276	295
4277	356
4278	287
4279	334
4280	316
4281	340
4282	305
4283	306
4284	312
4285	319
4286	314
4287	304
4288	338
4289	305
4290	313
4291	315
4292	307
4293	336
4294	332
4295	295
4296	289
4297	306
4298	302
4299	304
4300	330
4301	288
4302	293
4303	306
4304	332
4305	289
4306	282
4307	298
4308	314
4309	296
4310	320
4311	288
4312	282
4313	306
4314	302
4315	303
4316	313
4317	345
4318	310
4319	314
4320	317
4321	314
4322	305
4323	329
4324	282
4325	319
4326	278
4327	307
4328	308
4329	282
4330	347
4331	265
4332	282
4333	302
4334	307
4335	284
4336	298
4337	304
4338	248
4339	294
4340	333
4341	314
4342	294
4343	300
4344	334
4345	317
4346	300
4347	303
4348	318
4349	289
4350	317
4351	332
4352	330
4353	318
4354	320
4355	318
4356	288
4357	311
4358	301
4359	314
4360	277
4361	305
4362	316
4363	321
4364	302
4365	314
4366	302
4367	333
4368	313
4369	316
4370	304
4371	327
4372	294
4373	311
4374	318
4375	323
4376	356
4377	286
4378	326
4379	342
4380	316
4381	316
4382	334
4383	296
4384	283
4385	294
4386	288
4387	311
4388	310
4389	271
4390	286
4391	306
4392	285
4393	332
4394	313
4395	304
4396	351
4397	301
4398	322
4399	310
4400	319
4401	311
4402	311
4403	329
4404	313
4405	300
4406	322
4407	331
4408	318
4409	310
4410	357
4411	295
4412	294
4413	316
4414	351
4415	332
4416	301
4417	331
4418	316
4419	312
4420	314
4421	285
4422	332
4423	289
4424	300
4425	325
4426	360
4427	313
4428	287
4429	355
4430	302
4431	304
4432	286
4433	289
4434	289
4435	338
4436	323
4437	293
4438	285
4439	308
4440	311
4441	283
4442	314
4443	302
4444	309
4445	314
4446	302
4447	334
4448	319
4449	292
4450	305
4451	333
4452	284
4453	311
4454	336
4455	288
4456	293
4457	319
4458	332
4459	281
4460	302
4461	303
4462	313
4463	314
4464	312
4465	320
4466	300
4467	309
4468	297
4469	317
4470	307
4471	332
4472	291
4473	299
4474	324
4475	284
4476	277
4477	306
4478	322
4479	292
4480	293
4481	319
4482	315
4483	304
4484	337
4485	307
4486	314
4487	324
4488	300
4489	310
4490	284
4491	308
4492	327
4493	323
4494	321
4495	298
4496	290
4497	325
4498	299
4499	318
4500	324
4501	308
4502	287
4503	270
4504	303
4505	339
4506	284
4507	315
4508	301
4509	293
4510	332
4511	308
4512	319
4513	279
4514	296
4515	311
4516	302
4517	286
4518	271
4519	321
4520	305
4521	339
4522	328
4523	285
4524	315
4525	277
4526	307
4527	276
4528	308
4529	302
4530	274
4531	295
4532	335
4533	327
4534	289
4535	301
4536	302
4537	306
4538	318
4539	296
4540	298
4541	293
4542	268
4543	309
4544	280
4545	282
4546	298
4547	320
4548	293
4549	282
4550	314
4551	282
4552	320
4553	276
4554	299
4555	319
4556	300
4557	294
4558	292
4559	268
4560	324
4561	290
4562	301
4563	272
4564	266
4565	337
4566	308
4567	287
4568	276
4569	291
4570	306
4571	266
4572	295
4573	297
4574	294
4575	271
4576	284
4577	273
4578	303
4579	294
4580	275
4581	312
4582	283
4583	300
4584	314
4585	280
4586	296
4587	280
4588	261
4589	289
4590	291
4591	294
4592	292
4593	277
4594	299
4595	294
4596	286
4597	287
4598	287
4599	279
4600	318
4601	287
4602	284
4603	287
4604	282
4605	282
4606	323
4607	271
4608	287
4609	270
4610	275
4611	288
4612	251
4613	287
4614	320
4615	300
4616	287
4617	279
4618	296
4619	282
4620	277
4621	248
4622	272
4623	256
4624	288
4625	301
4626	303
4627	253
4628	277
4629	292
4630	274
4631	288
4632	270
4633	291
4634	266
4635	266
4636	265
4637	274
4638	266
4639	292
4640	239
4641	278
4642	238
4643	256
4644	289
4645	290
4646	281
4647	266
4648	300
4649	286
4650	274
4651	289
4652	266
4653	266
4654	296
4655	243
4656	254
4657	268
4658	241
4659	267
4660	267
4661	234
4662	268
4663	258
4664	251
4665	276
4666	295
4667	263
4668	258
4669	261
4670	264
4671	303
4672	255
4673	280
4674	278
4675	266
4676	243
4677	248
4678	262
4679	255
4680	252
4681	247
4682	228
4683	242
4684	289
4685	260
4686	256
4687	260
4688	242
4689	249
4690	247
4691	269
4692	253
4693	239
4694	233
4695	255
4696	245
4697	232
4698	267
4699	249
4700	236
4701	253
4702	245
4703	260
4704	270
4705	228
4706	255
4707	235
4708	243
4709	260
4710	243
4711	266
4712	239
4713	259
4714	252
4715	267
4716	239
4717	260
4718	241
4719	249
4720	254
4721	235
4722	247
4723	261
4724	262
4725	232
4726	249
4727	216
4728	218
4729	251
4730	262
4731	250
4732	288
4733	256
4734	231
4735	264
4736	240
4737	235
4738	247
4739	221
4740	219
4741	230
4742	249
4743	252
4744	267
4745	255
4746	260
4747	247
4748	249
4749	248
4750	193
4751	238
4752	242
4753	265
4754	220
4755	240
4756	255
4757	236
4758	206
4759	229
4760	228
4761	236
4762	242
4763	263
4764	220
4765	212
4766	234
4767	234
4768	240
4769	222
4770	237
4771	258
4772	229
4773	262
4774	230
4775	229
4776	221
4777	217
4778	220
4779	198
4780	218
4781	240
4782	215
4783	213
4784	223
4785	206
4786	213
4787	210
4788	196
4789	231
4790	215
4791	213
4792	241
4793	237
4794	219
4795	199
4796	197
4797	218
4798	232
4799	189
4800	193
4801	215
4802	201
4803	227
4804	190
4805	204
4806	190
4807	222
4808	246
4809	219
4810	207
4811	210
4812	192
4813	213
4814	214
4815	225
4816	220
4817	193
4818	208
4819	206
4820	208
4821	197
4822	240
4823	205
4824	210
4825	223
4826	224
4827	213
4828	213
4829	213
4830	220
4831	211
4832	196
4833	173
4834	251
4835	220
4836	189
4837	198
4838	189
4839	200
4840	229
4841	195
4842	200
4843	239
4844	181
4845	180
4846	199
4847	181
4848	208
4849	216
4850	214
4851	225
4852	203
4853	217
4854	189
4855	187
4856	173
4857	197
4858	240
4859	175
4860	199
4861	190
4862	206
4863	188
4864	189
4865	190
4866	215
4867	189
4868	205
4869	216
4870	189
4871	171
4872	192
4873	214
4874	185
4875	217
4876	192
4877	199
4878	192
4879	203
4880	185
4881	177
4882	195
4883	181
4884	182
4885	176
4886	180
4887	170
4888	202
4889	197
4890	149
4891	167
4892	186
4893	209
4894	182
4895	193
4896	155
4897	178
4898	173
4899	205
4900	203
4901	192
4902	170
4903	191
4904	180
4905	180
4906	183
4907	188
4908	191
4909	170
4910	180
4911	177
4912	187
4913	174
4914	190
4915	198
4916	177
4917	198
4918	174
4919	179
4920	200
4921	187
4922	194
4923	173
4924	175
4925	172
4926	164
4927	176
4928	182
4929	181
4930	189
4931	206
4932	194
4933	200
4934	167
4935	175
4936	171
4937	167
4938	196
4939	181
4940	162
4941	144
4942	185
4943	154
4944	189
4945	156
4946	177
4947	156
4948	174
4949	147
4950	190
4951	170
4952	184
4953	172
4954	183
4955	150
4956	160
4957	146
4958	160
4959	161
4960	174
4961	170
4962	163
4963	188
4964	157
4965	161
4966	187
4967	163
4968	181
4969	174
4970	180
4971	160
4972	164
4973	161
4974	181
4975	160
4976	165
4977	150
4978	176
4979	163
4980	198
4981	182
4982	158
4983	164
4984	171
4985	149
4986	179
4987	178
4988	175
4989	176
4990	143
4991	179
4992	174
4993	163
4994	162
4995	159
4996	174
4997	170
4998	164
4999	180
5000	179
5001	158
5002	170
5003	187
5004	192
5005	158
5006	154
5007	137
5008	166
5009	137
5010	154
5011	174
5012	155
5013	176
5014	159
5015	170
5016	146
5017	158
5018	154
5019	162
5020	165
5021	152
5022	158
5023	146
5024	146
5025	163
5026	178
5027	134
5028	143
5029	167
5030	169
5031	166
5032	175
5033	132
5034	135
5035	154
5036	164
5037	167
5038	170
5039	140
5040	128
5041	149
5042	164
5043	155
5044	157
5045	146
5046	155
5047	166
5048	170
5049	171
5050	148
5051	159
5052	138
5053	150
5054	148
5055	147
5056	153
5057	136
5058	146
5059	154
5060	166
5061	142
5062	166
5063	128
5064	137
5065	140
5066	152
5067	145
5068	153
5069	153
5070	166
5071	151
5072	155
5073	155
5074	160
5075	151
5076	145
5077	171
5078	137
5079	132
5080	147
5081	142
5082	171
5083	158
5084	149
5085	146
5086	146
5087	166
5088	170
5089	125
5090	169
5091	157
5092	171
5093	143
5094	157
5095	158
5096	156
5097	143
5098	140
5099	150
5100	133
5101	152
5102	158
5103	148
5104	146
5105	133
5106	150
5107	127
5108	153
5109	168
5110	155
5111	153
5112	133
5113	137
5114	123
5115	163
5116	152
5117	138
5118	142
5119	130
5120	144
5121	155
5122	132
5123	138
5124	121
5125	143
5126	147
5127	147
5128	137
5129	148
5130	148
5131	134
5132	143
5133	110
5134	113
5135	131
5136	156
5137	159
5138	145
5139	140
5140	127
5141	140
5142	144
5143	138
5144	163
5145	147
5146	143
5147	124
5148	150
5149	124
5150	140
5151	143
5152	130
5153	129
5154	134
5155	129
5156	128
5157	129
5158	142
5159	137
5160	143
5161	138
5162	146
5163	159
5164	128
5165	141
5166	162
5167	150
5168	131
5169	134
5170	120
5171	135
5172	135
5173	161
5174	141
5175	132
5176	130
5177	132
5178	132
5179	161
5180	142
5181	149
5182	144
5183	152
5184	143
5185	139
5186	120
5187	140
5188	138
5189	127
5190	128
5191	132
5192	135
5193	127
5194	147
5195	146
5196	129
5197	133
5198	138
5199	112
5200	146
5201	144
5202	133
5203	144
5204	133
5205	144
5206	166
5207	142
5208	145
5209	153
5210	151
5211	140
5212	142
5213	130
5214	134
5215	150
5216	133
5217	119
5218	144
5219	167
5220	122
5221	139
5222	142
5223	121
5224	127
5225	132
5226	154
5227	138
5228	133
5229	148
5230	128
5231	135
5232	133
5233	120
5234	120
5235	155
5236	101
5237	141
5238	123
5239	127
5240	120
5241	116
5242	123
5243	125
5244	95
5245	114
5246	131
5247	126
5248	139
5249	136
5250	143
5251	138
5252	120
5253	144
5254	123
5255	132
5256	137
5257	149
5258	116
5259	146
5260	138
5261	108
5262	138
5263	128
5264	128
5265	138
5266	131
5267	138
5268	126
5269	121
5270	123
5271	123
5272	134
5273	134
5274	112
5275	138
5276	133
5277	117
5278	132
5279	117
5280	125
5281	135
5282	134
5283	121
5284	155
5285	132
5286	132
5287	129
5288	117
5289	130
5290	136
5291	152
5292	126
5293	134
5294	137
5295	110
5296	121
5297	143
5298	115
5299	123
5300	127
5301	137
5302	133
5303	144
5304	120
5305	131
5306	142
5307	152
5308	124
5309	134
5310	109
5311	135
5312	148
5313	125
5314	141
5315	117
5316	122
5317	124
5318	117
5319	129
5320	137
5321	121
5322	128
5323	118
5324	109
5325	131
5326	137
5327	128
5328	136
5329	122
5330	122
5331	127
5332	117
5333	119
5334	115
5335	117
5336	124
5337	127
5338	100
5339	135
5340	134
5341	118
5342	107
5343	123
5344	143
5345	131
5346	109
5347	127
5348	132
5349	116
5350	120
5351	124
5352	112
5353	135
5354	127
5355	120
5356	142
5357	135
5358	128
5359	123
5360	137
5361	124
5362	115
5363	113
5364	119
5365	95
5366	122
5367	120
5368	115
5369	113
5370	101
5371	121
5372	127
5373	117
5374	125
5375	122
5376	121
5377	117
5378	114
5379	127
5380	130
5381	134
5382	112
5383	128
5384	123
5385	146
5386	138
5387	130
5388	119
5389	107
5390	114
5391	144
5392	111
5393	135
5394	140
5395	103
5396	121
5397	125
5398	123
5399	101
5400	136
5401	107
5402	125
5403	113
5404	139
5405	132
5406	127
5407	121
5408	117
5409	120
5410	129
5411	116
5412	128
5413	110
5414	108
5415	138
5416	121
5417	122
5418	126
5419	112
5420	97
5421	106
5422	131
5423	120
5424	125
5425	107
5426	117
5427	104
5428	128
5429	119
5430	116
5431	134
5432	120
5433	139
5434	118
5435	121
5436	119
5437	116
5438	123
5439	115
5440	121
5441	107
5442	114
5443	117
5444	137
5445	133
5446	133
5447	108
5448	129
5449	117
5450	106
5451	97
5452	122
5453	105
5454	126
5455	106
5456	138
5457	116
5458	110
5459	123
5460	123
5461	127
5462	117
5463	140
5464	110
5465	112
5466	94
5467	119
5468	114
5469	147
5470	144
5471	133
5472	137
5473	115
5474	113
5475	126
5476	123
5477	101
5478	106
5479	118
5480	125
5481	107
5482	126
5483	105
5484	116
5485	136
5486	85
5487	117
5488	116
5489	104
5490	130
5491	104
5492	128
5493	91
5494	126
5495	97
5496	126
5497	109
5498	124
5499	121
5500	120
5501	128
5502	115
5503	115
5504	123
5505	98
5506	125
5507	113
5508	116
5509	96
5510	111
5511	98
5512	109
5513	132
5514	111
5515	142
5516	120
5517	115
5518	115
5519	134
5520	132
5521	92
5522	124
5523	102
5524	104
5525	119
5526	102
5527	119
5528	120
5529	114
5530	126
5531	100
5532	107
5533	124
5534	127
5535	122
5536	105
5537	119
5538	110
5539	111
5540	114
5541	119
5542	119
5543	136
5544	117
5545	124
5546	126
5547	106
5548	112
5549	107
5550	104
5551	119
5552	113
5553	114
5554	115
5555	95
5556	113
5557	118
5558	111
5559	106
5560	106
5561	109
5562	122
5563	116
5564	125
5565	126
5566	114
5567	113
5568	103
5569	100
5570	106
5571	118
5572	101
5573	118
5574	108
5575	111
5576	115
5577	111
5578	113
5579	121
5580	124
5581	97
5582	109
5583	97
5584	100
5585	104
5586	106
5587	106
5588	102
5589	99
5590	92
5591	114
5592	119
5593	108
5594	110
5595	119
5596	116
5597	98
5598	106
5599	119
5600	105
5601	91
5602	132
5603	127
5604	119
5605	118
5606	115
5607	120
5608	115
5609	127
5610	110
5611	96
5612	126
5613	121
5614	100
5615	118
5616	102
5617	118
5618	98
5619	96
5620	110
5621	98
5622	104
5623	117
5624	108
5625	111
5626	101
5627	118
5628	107
5629	101
5630	103
5631	120
5632	89
5633	101
5634	108
5635	89
5636	101
5637	113
5638	125
5639	124
5640	118
5641	106
5642	107
5643	107
5644	104
5645	108
5646	112
5647	97
5648	111
5649	107
5650	101
5651	105
5652	131
5653	100
5654	87
5655	106
5656	113
5657	107
5658	104
5659	113
5660	93
5661	127
5662	97
5663	93
5664	96
5665	108
5666	102
5667	105
5668	131
5669	98
5670	119
5671	101
5672	97
5673	127
5674	91
5675	120
5676	111
5677	113
5678	106
5679	108
5680	93
5681	115
5682	111
5683	105
5684	102
5685	94
5686	98
5687	118
5688	98
5689	104
5690	115
5691	117
5692	105
5693	92
5694	89
5695	108
5696	92
5697	111
5698	108
5699	91
5700	98
5701	132
5702	110
5703	84
5704	128
5705	104
5706	122
5707	105
5708	119
5709	117
5710	116
5711	105
5712	97
5713	103
5714	99
5715	94
5716	91
5717	117
5718	103
5719	121
5720	95
5721	102
5722	119
5723	103
5724	100
5725	106
5726	108
5727	101
5728	115
5729	97
5730	106
5731	109
5732	104
5733	104
5734	87
5735	77
5736	116
5737	100
5738	110
5739	137
5740	93
5741	109
5742	90
5743	102
5744	116
5745	121
5746	104
5747	92
5748	93
5749	113
5750	88
5751	98
5752	106
5753	103
5754	112
5755	101
5756	107
5757	103
5758	107
5759	117
5760	115
5761	102
5762	99
5763	130
5764	105
5765	100
5766	104
5767	95
5768	103
5769	111
5770	99
5771	113
5772	97
5773	121
5774	104
5775	87
5776	108
5777	112
5778	105
5779	116
5780	100
5781	101
5782	102
5783	96
5784	93
5785	104
5786	95
5787	111
5788	109
5789	105
5790	111
5791	126
5792	101
5793	110
5794	113
5795	112
5796	95
5797	113
5798	91
5799	96
5800	93
5801	92
5802	104
5803	105
5804	121
5805	78
5806	105
5807	98
5808	104
5809	97
5810	103
5811	114
5812	98
5813	110
5814	101
5815	98
5816	108
5817	100
5818	97
5819	124
5820	103
5821	97
5822	111
5823	116
5824	117
5825	103
5826	100
5827	112
5828	103
5829	88
5830	78
5831	124
5832	98
5833	133
5834	107
5835	104
5836	112
5837	76
5838	113
5839	100
5840	105
5841	114
5842	80
5843	94
5844	116
5845	120
5846	110
5847	103
5848	117
5849	103
5850	112
5851	87
5852	100
5853	81
5854	96
5855	104
5856	105
5857	101
5858	105
5859	113
5860	105
5861	101
5862	94
5863	90
5864	104
5865	96
5866	100
5867	106
5868	97
5869	104
5870	114
5871	106
5872	119
5873	107
5874	86
5875	119
5876	103
5877	116
5878	93
5879	111
5880	112
5881	89
5882	104
5883	100
5884	113
5885	101
5886	114
5887	104
5888	87
5889	104
5890	93
5891	88
5892	98
5893	96
5894	109
5895	96
5896	92
5897	108
5898	104
5899	101
5900	102
5901	122
5902	88
5903	106
5904	106
5905	111
5906	96
5907	90
5908	122
5909	75
5910	102
5911	101
5912	95
5913	97
5914	105
5915	107
5916	108
5917	81
5918	124
5919	103
5920	102
5921	99
5922	102
5923	96
5924	88
5925	99
5926	117
5927	92
5928	103
5929	117
5930	105
5931	104
5932	107
5933	96
5934	120
5935	103
5936	93
5937	101
5938	104
5939	112
5940	108
5941	108
5942	91
5943	96
5944	88
5945	105
5946	112
5947	100
5948	115
5949	104
5950	107
5951	108
5952	122
5953	100
5954	109
5955	94
5956	101
5957	106
5958	112
5959	96
5960	107
5961	98
5962	99
5963	92
5964	85
5965	119
5966	94
5967	97
5968	104
5969	97
5970	100
5971	94
5972	103
5973	84
5974	93
5975	85
5976	98
5977	107
5978	107
5979	100
5980	128
5981	100
5982	109
5983	96
5984	85
5985	112
5986	105
5987	108
5988	107
5989	97
5990	83
5991	113
5992	114
5993	106
5994	109
5995	94
5996	95
5997	119
5998	78
5999	97
6000	99
6001	119
6002	112
6003	87
6004	85
6005	84
6006	111
6007	115
6008	109
6009	108
6010	108
6011	90
6012	100
6013	107
6014	108
6015	100
6016	87
6017	108
6018	110
6019	94
6020	102
6021	86
6022	98
6023	97
6024	95
6025	105
6026	114
6027	107
6028	94
6029	94
6030	103
6031	99
6032	85
6033	90
6034	87
6035	123
6036	102
6037	105
6038	107
6039	89
6040	91
6041	103
6042	91
6043	86
6044	116
6045	101
6046	105
6047	91
6048	94
6049	98
6050	105
6051	102
6052	101
6053	87
6054	94
6055	101
6056	119
6057	91
6058	91
6059	99
6060	101
6061	91
6062	115
6063	123
6064	96
6065	103
6066	99
6067	113
6068	99
6069	106
6070	104
6071	101
6072	106
6073	92
6074	95
6075	116
6076	96
6077	95
6078	98
6079	101
6080	120
6081	111
6082	93
6083	99
6084	89
6085	106
6086	91
6087	104
6088	94
6089	105
6090	103
6091	95
6092	94
6093	109
6094	86
6095	113
6096	95
6097	103
6098	99
6099	107
6100	122
6101	113
6102	115
6103	111
6104	111
6105	102
6106	101
6107	88
6108	112
6109	111
6110	94
6111	111
6112	101
6113	103
6114	80
6115	84
6116	95
6117	88
6118	92
6119	103
6120	110
6121	107
6122	85
6123	108
6124	106
6125	102
6126	98
6127	117
6128	110
6129	86
6130	111
6131	103
6132	109
6133	114
6134	107
6135	107
6136	95
6137	103
6138	98
6139	107
6140	94
6141	98
6142	96
6143	111
6144	99
6145	89
6146	100
6147	91
6148	88
6149	118
6150	117
6151	100
6152	90
6153	110
6154	96
6155	96
6156	101
6157	91
6158	86
6159	122
6160	95
6161	118
6162	106
6163	105
6164	96
6165	121
6166	101
6167	86
6168	106
6169	85
6170	118
6171	106
6172	103
6173	101
6174	87
6175	92
6176	95
6177	111
6178	107
6179	114
6180	99
6181	82
6182	110
6183	105
6184	100
6185	105
6186	86
6187	102
6188	90
6189	117
6190	105
6191	104
6192	90
6193	106
6194	108
6195	104
6196	100
6197	89
6198	125
6199	90
6200	102
6201	113
6202	87
6203	103
6204	96
6205	123
6206	121
6207	101
6208	115
6209	113
6210	104
6211	112
6212	89
6213	114
6214	122
6215	89
6216	104
6217	95
6218	93
6219	93
6220	109
6221	102
6222	106
6223	105
6224	99
6225	98
6226	87
6227	95
6228	108
6229	101
6230	96
6231	112
6232	106
6233	99
6234	109
6235	135
6236	110
6237	114
6238	94
6239	118
6240	115
6241	99
6242	104
6243	98
6244	100
6245	111
6246	109
6247	99
6248	110
6249	104
6250	101
6251	98
6252	118
6253	106
6254	102
6255	93
6256	95
6257	99
6258	102
6259	109
6260	107
6261	102
6262	115
6263	106
6264	88
6265	109
6266	103
6267	108
6268	108
6269	90
6270	98
6271	105
6272	94
6273	102
6274	99
6275	87
6276	121
6277	99
6278	119
6279	106
6280	104
6281	82
6282	93
6283	94
6284	90
6285	113
6286	100
6287	98
6288	98
6289	95
6290	108
6291	102
6292	120
6293	103
6294	85
6295	92
6296	96
6297	107
6298	81
6299	87
6300	99
6301	98
6302	115
6303	125
6304	93
6305	115
6306	101
6307	104
6308	124
6309	115
6310	91
6311	104
6312	108
6313	97
6314	100
6315	94
6316	97
6317	108
6318	104
6319	95
6320	99
6321	100
6322	86
6323	115
6324	107
6325	111
6326	104
6327	111
6328	85
6329	116
6330	104
6331	96
6332	91
6333	107
6334	108
6335	85
6336	99
6337	106
6338	78
6339	116
6340	94
6341	99
6342	101
6343	102
6344	94
6345	120
6346	121
6347	123
6348	106
6349	100
6350	104
6351	114
6352	107
6353	112
6354	98
6355	111
6356	106
6357	104
6358	102
6359	107
6360	110
6361	120
6362	110
6363	106
6364	117
6365	118
6366	103
6367	108
6368	102
6369	110
6370	120
6371	97
6372	107
6373	114
6374	100
6375	111
6376	109
6377	111
6378	116
6379	119
6380	110
6381	110
6382	123
6383	107
6384	107
6385	93
6386	74
6387	110
6388	102
6389	109
6390	125
6391	112
6392	114
6393	108
6394	109
6395	132
6396	114
6397	101
6398	113
6399	111
6400	102
6401	118
6402	111
6403	106
6404	133
6405	126
6406	112
6407	114
6408	108
6409	113
6410	130
6411	102
6412	104
6413	98
6414	103
6415	119
6416	125
6417	131
6418	113
6419	111
6420	108
6421	124
6422	108
6423	105
6424	104
6425	99
6426	124
6427	109
6428	110
6429	107
6430	112
6431	104
6432	107
6433	115
6434	128
6435	129
6436	104
6437	122
6438	96
6439	126
6440	112
6441	98
6442	118
6443	130
6444	106
6445	110
6446	125
6447	125
6448	118
6449	100
6450	127
6451	118
6452	134
6453	117
6454	121
6455	122
6456	119
6457	129
6458	117
6459	107
6460	113
6461	123
6462	108
6463	124
6464	130
6465	117
6466	111
6467	137
6468	111
6469	120
6470	85
6471	105
6472	132
6473	120
6474	101
6475	122
6476	106
6477	144
6478	100
6479	110
6480	119
6481	120
6482	115
6483	116
6484	116
6485	112
6486	107
6487	100
6488	126
6489	108
6490	134
6491	122
6492	112
6493	121
6494	120
6495	136
6496	131
6497	113
6498	143
6499	137
6500	124
6501	112
6502	136
6503	139
6504	128
6505	138
6506	113
6507	117
6508	103
6509	147
6510	154
6511	132
6512	122
6513	124
6514	131
6515	105
6516	123
6517	120
6518	142
6519	120
6520	123
6521	142
6522	127
6523	125
6524	136
6525	134
6526	149
6527	115
6528	130
6529	131
6530	146
6531	149
6532	143
6533	122
6534	132
6535	125
6536	148
6537	148
6538	133
6539	148
6540	139
6541	130
6542	139
6543	115
6544	139
6545	124
6546	139
6547	129
6548	131
6549	149
6550	147
6551	140
6552	145
6553	136
6554	140
6555	138
6556	119
6557	152
6558	148
6559	146
6560	143
6561	140
6562	134
6563	160
6564	137
6565	122
6566	144
6567	136
6568	128
6569	158
6570	156
6571	154
6572	140
6573	146
6574	157
6575	158
6576	161
6577	139
6578	126
6579	141
6580	137
6581	153
6582	139
6583	137
6584	148
6585	138
6586	153
6587	135
6588	151
6589	172
6590	164
6591	173
6592	133
6593	156
6594	145
6595	155
6596	174
6597	158
6598	159
6599	162
6600	161
6601	165
6602	161
6603	168
6604	154
6605	154
6606	193
6607	173
6608	182
6609	163
6610	177
6611	162
6612	167
6613	169
6614	202
6615	164
6616	174
6617	180
6618	172
6619	167
6620	191
6621	183
6622	197
6623	196
6624	178
6625	174
6626	175
6627	174
6628	211
6629	186
6630	188
6631	207
6632	175
6633	191
6634	171
6635	218
6636	162
6637	172
6638	210
6639	196
6640	197
6641	184
6642	183
6643	177
6644	192
6645	203
6646	204
6647	213
6648	186
6649	205
6650	213
6651	178
6652	189
6653	183
6654	209
6655	239
6656	198
6657	199
6658	217
6659	222
6660	224
6661	221
6662	232
6663	260
6664	203
6665	217
6666	232
6667	230
6668	210
6669	214
6670	229
6671	220
6672	238
6673	230
6674	198
6675	221
6676	238
6677	224
6678	229
6679	245
6680	261
6681	196
6682	240
6683	248
6684	239
6685	243
6686	269
6687	250
6688	232
6689	229
6690	263
6691	210
6692	254
6693	214
6694	241
6695	225
6696	252
6697	259
6698	257
6699	249
6700	261
6701	276
6702	255
6703	254
6704	251
6705	251
6706	259
6707	270
6708	274
6709	264
6710	246
6711	278
6712	242
6713	251
6714	281
6715	260
6716	272
6717	256
6718	264
6719	271
6720	263
6721	289
6722	294
6723	311
6724	300
6725	301
6726	267
6727	287
6728	330
6729	276
6730	301
6731	317
6732	292
6733	313
6734	279
6735	327
6736	321
6737	320
6738	327
6739	277
6740	327
6741	309
6742	332
6743	315
6744	331
6745	330
6746	316
6747	317
6748	361
6749	342
6750	345
6751	346
6752	323
6753	325
6754	308
6755	338
6756	362
6757	330
6758	335
6759	390
6760	365
6761	353
6762	343
6763	362
6764	357
6765	341
6766	376
6767	378
6768	351
6769	387
6770	372
6771	374
6772	390
6773	351
6774	358
6775	330
6776	383
6777	411
6778	409
6779	423
6780	348
6781	412
6782	369
6783	393
6784	391
6785	405
6786	413
6787	383
6788	422
6789	389
6790	445
6791	379
6792	417
6793	419
6794	419
6795	415
6796	440
6797	429
6798	411
6799	458
6800	448
6801	422
6802	432
6803	433
6804	450
6805	424
6806	459
6807	455
6808	497
6809	464
6810	423
6811	497
6812	492
6813	420
6814	474
6815	478
6816	490
6817	489
6818	502
6819	490
6820	460
6821	528
6822	527
6823	517
6824	511
6825	518
6826	501
6827	511
6828	534
6829	488
6830	558
6831	499
6832	572
6833	573
6834	552
6835	533
6836	567
6837	571
6838	545
6839	573
6840	616
6841	518
6842	561
6843	554
6844	561
6845	548
6846	563
6847	582
6848	592
6849	627
6850	604
6851	562
6852	589
6853	613
6854	575
6855	646
6856	588
6857	579
6858	604
6859	629
6860	684
6861	608
6862	638
6863	600
6864	646
6865	640
6866	608
6867	607
6868	666
6869	653
6870	670
6871	638
6872	641
6873	670
6874	658
6875	662
6876	698
6877	648
6878	669
6879	642
6880	660
6881	689
6882	644
6883	690
6884	739
6885	719
6886	704
6887	671
6888	750
6889	666
6890	744
6891	689
6892	740
6893	723
6894	734
6895	771
6896	733
6897	753
6898	713
6899	735
6900	722
6901	789
6902	700
6903	799
6904	826
6905	749
6906	778
6907	764
6908	819
6909	754
6910	822
6911	812
6912	842
6913	833
6914	848
6915	798
6916	764
6917	886
6918	861
6919	806
6920	831
6921	837
6922	861
6923	898
6924	849
6925	898
6926	889
6927	881
6928	821
6929	928
6930	827
6931	894
6932	857
6933	922
6934	911
6935	890
6936	890
6937	910
6938	964
6939	950
6940	880
6941	922
6942	965
6943	887
6944	956
6945	947
6946	970
6947	970
6948	1029
6949	967
6950	953
6951	976
6952	927
6953	931
6954	981
6955	919
6956	902
6957	960
6958	967
6959	1055
6960	1027
6961	1064
6962	1000
6963	1083
6964	1012
6965	1089
6966	1016
6967	1029
6968	978
6969	998
6970	1039
6971	1038
6972	1053
6973	1030
6974	1056
6975	1069
6976	1138
6977	1085
6978	1088
6979	1158
6980	1077
6981	1066
6982	1051
6983	1028
6984	1145
6985	1141
6986	1121
6987	1129
6988	1107
6989	1105
6990	1126
6991	1130
6992	1136
6993	1184
6994	1132
6995	1163
6996	1176
6997	1188
6998	1186
6999	1175
7000	1245
7001	1153
7002	1226
7003	1211
7004	1182
7005	1268
7006	1203
7007	1234
7008	1182
7009	1201
7010	1261
7011	1270
7012	1280
7013	1242
7014	1198
7015	1265
7016	1279
7017	1235
7018	1283
7019	1308
7020	1288
7021	1239
7022	1281
7023	1258
7024	1326
7025	1322
7026	1379
7027	1350
7028	1320
7029	1371
7030	1366
7031	1303
7032	1347
7033	1344
7034	1348
7035	1334
7036	1341
7037	1380
7038	1357
7039	1377
7040	1366
7041	1355
7042	1392
7043	1395
7044	1392
7045	1381
7046	1400
7047	1430
7048	1420
7049	1424
7050	1481
7051	1404
7052	1386
7053	1426
7054	1334
7055	1445
7056	1434
7057	1453
7058	1387
7059	1410
7060	1472
7061	1488
7062	1483
7063	1511
7064	1489
7065	1499
7066	1467
7067	1458
7068	1547
7069	1422
7070	1464
7071	1563
7072	1500
7073	1571
7074	1497
7075	1551
7076	1497
7077	1496
7078	1553
7079	1536
7080	1548
7081	1513
7082	1487
7083	1577
7084	1591
7085	1547
7086	1597
7087	1511
7088	1620
7089	1600
7090	1599
7091	1589
7092	1620
7093	1651
7094	1668
7095	1569
7096	1624
7097	1686
7098	1631
7099	1641
7100	1668
7101	1605
7102	1618
7103	1597
7104	1617
7105	1712
7106	1673
7107	1609
7108	1710
7109	1717
7110	1630
7111	1698
7112	1667
7113	1668
7114	1726
7115	1676
7116	1696
7117	1708
7118	1748
7119	1713
7120	1732
7121	1729
7122	1720
7123	1688
7124	1705
7125	1751
7126	1745
7127	1847
7128	1812
7129	1758
7130	1680
7131	1773
7132	1781
7133	1767
7134	1825
7135	1765
7136	1785
7137	1726
7138	1804
7139	1747
7140	1698
7141	1773
7142	1798
7143	1812
7144	1765
7145	1805
7146	1859
7147	1875
7148	1797
7149	1832
7150	1785
7151	1885
7152	1887
7153	1836
7154	1765
7155	1782
7156	1911
7157	1793
7158	1754
7159	1828
7160	1805
7161	1792
7162	1771
7163	1817
7164	1798
7165	1892
7166	1881
7167	1826
7168	1953
7169	1831
7170	1850
7171	1949
7172	1979
7173	1808
7174	1926
7175	1874
7176	1977
7177	1978
7178	1984
7179	1903
7180	1865
7181	1900
7182	1884
7183	1941
7184	2041
7185	1937
7186	1900
7187	1994
7188	1911
7189	1830
7190	1892
7191	1939
7192	1906
7193	1882
7194	1904
7195	1905
7196	1954
7197	1976
7198	1920
7199	1914
7200	1897
7201	1989
7202	1942
7203	2003
7204	1975
7205	1970
7206	1925
7207	1953
7208	1934
7209	1932
7210	1892
7211	1948
7212	1938
7213	1967
7214	1895
7215	1957
7216	1991
7217	1900
7218	1998
7219	2015
7220	2019
7221	1957
7222	1992
7223	1970
7224	1986
7225	1988
7226	1954
7227	1924
7228	2038
7229	1943
7230	1992
7231	1998
7232	1950
7233	1907
7234	2006
7235	1917
7236	1956
7237	1945
7238	2040
7239	1952
7240	1966
7241	1974
7242	1979
7243	2056
7244	1983
7245	1987
7246	2023
7247	2003
7248	2017
7249	2056
7250	1896
7251	1977
7252	1976
7253	2013
7254	1892
7255	1945
7256	1967
7257	1965
7258	1967
7259	1980
7260	1928
7261	1989
7262	1907
7263	1982
7264	2024
7265	1998
7266	1996
7267	1939
7268	1910
7269	1894
7270	2002
7271	1842
7272	1954
7273	1969
7274	1935
7275	1972
7276	2013
7277	1917
7278	1982
7279	1927
7280	1990
7281	2009
7282	2008
7283	1971
7284	2024
7285	1958
7286	1976
7287	1972
7288	2022
7289	1983
7290	1922
7291	1996
7292	1996
7293	1952
7294	2058
7295	1954
7296	2015
7297	2067
7298	2044
7299	1974
7300	1974
7301	1861
7302	1892
7303	1969
7304	2012
7305	2032
7306	1906
7307	1974
7308	1979
7309	1871
7310	1934
7311	1971
7312	1907
7313	1834
7314	1928
7315	1853
7316	1933
7317	1904
7318	1886
7319	1924
7320	1898
7321	1877
7322	1846
7323	1927
7324	1840
7325	1835
7326	1914
7327	1890
7328	1884
7329	1878
7330	1834
7331	1936
7332	1924
7333	1869
7334	1888
7335	1859
7336	1829
7337	1780
7338	1847
7339	1849
7340	1827
7341	1800
7342	1911
7343	1898
7344	1832
7345	1813
7346	1826
7347	1909
7348	1816
7349	1823
7350	1845
7351	1835
7352	1792
7353	1864
7354	1833
7355	1769
7356	1852
7357	1875
7358	1811
7359	1781
7360	1700
7361	1770
7362	1746
7363	1785
7364	1761
7365	1774
7366	1767
7367	1827
7368	1727
7369	1730
7370	1814
7371	1820
7372	1767
7373	1750
7374	1678
7375	1779
7376	1633
7377	1741
7378	1767
7379	1722
7380	1760
7381	1739
7382	1791
7383	1726
7384	1690
7385	1722
7386	1730
7387	1642
7388	1732
7389	1664
7390	1629
7391	1759
7392	1659
7393	1702
7394	1693
7395	1632
7396	1648
7397	1694
7398	1657
7399	1671
7400	1679
7401	1661
7402	1652
7403	1688
7404	1603
7405	1613
7406	1535
7407	1611
7408	1564
7409	1605
7410	1506
7411	1622
7412	1585
7413	1511
7414	1563
7415	1515
7416	1598
7417	1631
7418	1547
7419	1552
7420	1527
7421	1497
7422	1565
7423	1510
7424	1602
7425	1558
7426	1564
7427	1547
7428	1556
7429	1462
7430	1419
7431	1455
7432	1480
7433	1469
7434	1508
7435	1464
7436	1478
7437	1529
7438	1442
7439	1520
7440	1395
7441	1448
7442	1425
7443	1431
7444	1439
7445	1462
7446	1411
7447	1425
7448	1427
7449	1482
7450	1391
7451	1426
7452	1404
7453	1361
7454	1377
7455	1336
7456	1314
7457	1301
7458	1428
7459	1387
7460	1368
7461	1356
7462	1381
7463	1376
7464	1289
7465	1312
7466	1348
7467	1290
7468	1281
7469	1253
7470	1271
7471	1282
7472	1266
7473	1328
7474	1262
7475	1292
7476	1276
7477	1200
7478	1221
7479	1218
7480	1244
7481	1216
7482	1290
7483	1283
7484	1236
7485	1199
7486	1175
7487	1222
7488	1191
7489	1243
7490	1195
7491	1195
7492	1177
7493	1187
7494	1152
7495	1157
7496	1166
7497	1251
7498	1108
7499	1189
7500	1145
7501	1145
7502	1148
7503	1157
7504	1142
7505	1153
7506	1133
7507	1067
7508	1152
7509	1099
7510	1072
7511	1079
7512	1090
7513	1121
7514	1086
7515	1061
7516	1062
7517	1050
7518	1171
7519	1017
7520	1091
7521	1050
7522	1007
7523	1003
7524	1027
7525	982
7526	968
7527	1028
7528	1036
7529	981
7530	1051
7531	1014
7532	983
7533	1014
7534	1005
7535	962
7536	951
7537	972
7538	909
7539	928
7540	999
7541	982
7542	955
7543	943
7544	967
7545	924
7546	883
7547	916
7548	912
7549	919
7550	947
7551	901
7552	939
7553	916
7554	846
7555	856
7556	858
7557	898
7558	907
7559	877
7560	852
7561	861
7562	857
7563	828
7564	856
7565	830
7566	753
7567	817
7568	822
7569	836
7570	815
7571	811
7572	814
7573	802
7574	760
7575	831
7576	788
7577	817
7578	795
7579	771
7580	761
7581	789
7582	746
7583	787
7584	777
7585	712
7586	756
7587	732
7588	680
7589	730
7590	739
7591	720
7592	715
7593	720
7594	715
7595	732
7596	702
7597	715
7598	711
7599	703
7600	617
7601	699
7602	660
7603	674
7604	694
7605	667
7606	654
7607	669
7608	627
7609	716
7610	606
7611	656
7612	669
7613	659
7614	608
7615	656
7616	628
7617	611
7618	650
7619	601
7620	615
7621	592
7622	563
7623	567
7624	618
7625	614
7626	595
7627	591
7628	578
7629	589
7630	570
7631	587
7632	574
7633	533
7634	514
7635	589
7636	552
7637	550
7638	521
7639	539
7640	497
7641	517
7642	515
7643	584
7644	550
7645	507
7646	534
7647	506
7648	476
7649	510
7650	500
7651	485
7652	508
7653	516
7654	475
7655	472
7656	463
7657	471
7658	511
7659	485
7660	485
7661	425
7662	462
7663	435
7664	455
7665	443
7666	462
7667	454
7668	500
7669	450
7670	480
7671	441
7672	439
7673	465
7674	446
7675	386
7676	397
7677	393
7678	453
7679	411
7680	387
7681	413
7682	379
7683	383
7684	406
7685	418
7686	388
7687	395
7688	389
7689	398
7690	396
7691	365
7692	414
7693	396
7694	412
7695	345
7696	366
7697	404
7698	354
7699	397
7700	365
7701	320
7702	386
7703	377
7704	356
7705	369
7706	355
7707	347
7708	321
7709	360
7710	347
7711	311
7712	309
7713	315
7714	315
7715	335
7716	313
7717	286
7718	296
7719	323
7720	340
7721	299
7722	281
7723	325
7724	294
7725	318
7726	309
7727	292
7728	304
7729	306
7730	295
7731	302
7732	310
7733	315
7734	300
7735	274
7736	257
7737	296
7738	266
7739	270
7740	266
7741	260
7742	301
7743	236
7744	262
7745	255
7746	278
7747	232
7748	244
7749	260
7750	251
7751	243
7752	237
7753	292
7754	243
7755	245
7756	230
7757	239
7758	242
7759	252
7760	206
7761	224
7762	261
7763	227
7764	244
7765	231
7766	242
7767	225
7768	251
7769	215
7770	237
7771	210
7772	210
7773	228
7774	237
7775	231
7776	197
7777	216
7778	197
7779	232
7780	196
7781	205
7782	209
7783	221
7784	220
7785	201
7786	195
7787	193
7788	191
7789	196
7790	216
7791	195
7792	207
7793	196
7794	188
7795	207
7796	202
7797	195
7798	175
7799	196
7800	177
7801	183
7802	177
7803	183
7804	167
7805	181
7806	174
7807	178
7808	219
7809	157
7810	157
7811	169
7812	153
7813	187
7814	170
7815	180
7816	153
7817	156
7818	162
7819	166
7820	153
7821	134
7822	149
7823	161
7824	156
7825	176
7826	170
7827	163
7828	148
7829	144
7830	159
7831	159
7832	149
7833	165
7834	141
7835	143
7836	147
7837	129
7838	148
7839	148
7840	137
7841	142
7842	163
7843	153
7844	168
7845	144
7846	150
7847	132
7848	136
7849	147
7850	138
7851	131
7852	138
7853	143
7854	129
7855	112
7856	134
7857	139
7858	125
7859	129
7860	147
7861	154
7862	133
7863	112
7864	119
7865	137
7866	112
7867	140
7868	129
7869	128
7870	122
7871	134
7872	127
7873	134
7874	116
7875	121
7876	122
7877	119
7878	111
7879	132
7880	115
7881	109
7882	127
7883	128
7884	111
7885	110
7886	120
7887	143
7888	121
7889	129
7890	101
7891	121
7892	128
7893	123
7894	101
7895	115
7896	111
7897	128
7898	106
7899	111
7900	107
7901	113
7902	103
7903	99
7904	109
7905	96
7906	121
7907	116
7908	103
7909	108
7910	104
7911	108
7912	112
7913	117
7914	110
7915	118
7916	110
7917	97
7918	97
7919	108
7920	115
7921	104
7922	93
7923	100
7924	105
7925	94
7926	96
7927	96
7928	87
7929	97
7930	87
7931	114
7932	80
7933	94
7934	101
7935	99
7936	81
7937	87
7938	102
7939	92
7940	100
7941	84
7942	108
7943	100
7944	92
7945	115
7946	92
7947	104
7948	118
7949	89
7950	100
7951	108
7952	85
7953	72
7954	104
7955	99
7956	98
7957	92
7958	80
7959	90
7960	106
7961	93
7962	89
7963	91
7964	90
7965	95
7966	89
7967	105
7968	94
7969	102
7970	86
7971	91
7972	81
7973	91
7974	72
7975	71
7976	96
7977	102
7978	90
7979	74
7980	96
7981	84
7982	97
7983	84
7984	88
7985	75
7986	85
7987	84
7988	83
7989	84
7990	107
7991	84
7992	82
7993	94
7994	76
7995	91
7996	64
7997	80
7998	73
7999	99
8000	79
8001	113
8002	96
8003	85
8004	84
8005	101
8006	88
8007	83
8008	81
8009	89
8010	85
8011	85
8012	95
8013	78
8014	88
8015	86
8016	88
8017	73
8018	96
8019	71
8020	80
8021	88
8022	88
8023	90
8024	74
8025	85
8026	68
8027	85
8028	87
8029	90
8030	69
8031	79
8032	86
8033	73
8034	78
8035	80
8036	83
8037	73
8038	85
8039	78
8040	80
8041	76
8042	85
8043	88
8044	76
8045	75
8046	82
8047	90
8048	79
8049	82
8050	67
8051	74
8052	85
8053	84
8054	73
8055	72
8056	67
8057	84
8058	68
8059	76
8060	82
8061	76
8062	92
8063	66
8064	79
8065	73
8066	74
8067	78
8068	73
8069	64
8070	89
8071	84
8072	91
8073	77
8074	76
8075	75
8076	79
8077	86
8078	90
8079	77
8080	75
8081	88
8082	70
8083	65
8084	86
8085	91
8086	73
8087	74
8088	74
8089	78
8090	74
8091	72
8092	84
8093	72
8094	81
8095	53
8096	52
8097	28
8098	20
8099	27
8100	14
8101	17
8102	17
8103	24
8104	24
8105	14
8106	14
8107	16
8108	12
8109	17
8110	13
8111	12
8112	7
8113	14
8114	6
8115	8
8116	4
8117	4
8118	4
8119	7
8120	13
8121	3
8122	7
8123	5
8124	3
8125	4
8126	6
8127	6
8128	6
8129	2
8130	5
8131	3
8132	2
8133	0
8134	2
8135	2
8136	2
8137	2
8138	4
8139	3
8140	2
8141	2
8142	4
8143	2
8144	1
8145	3
8146	4
8147	1
8148	3
8149	0
8150	2
8151	0
8152	0
8153	1
8154	1
8155	3
8156	2
8157	0
8158	3
8159	1
8160	1
8161	2
8162	1
8163	0
8164	0
8165	0
8166	0
8167	0
8168	1
8169	0
8170	1
8171	0
8172	0
8173	0
8174	2
8175	0
8176	0
8177	0
8178	0
8179	1
8180	1
8181	0
8182	1
8183	1
8184	0
8185	0
8186	0
8187	0
8188	0
8189	0
8190	1
8191	0
