400.032
392.729
10
9
5
6
6
1
4
3
0
0
0
0
1
0
0
0
0
0
0
0
0
0
0
0
0
0
0
0
0
0
0
0
0
0
0
0
0
0
0
0
0
0
0
0
0
0
0
0
0
0
0
0
0
0
0
0
0
0
0
0
0
0
0
0
0
0
0
0
0
0
0
0
0
0
0
0
0
0
0
0
0
0
0
0
0
0
0
0
0
0
0
1
0
1
2
2
3
1
4
9
8
14
14
15
17
21
26
21
34
40
49
54
56
69
50
55
86
76
69
81
78
82
61
89
78
81
89
74
72
77
81
96
79
92
78
63
93
108
73
77
91
91
86
93
82
84
83
73
73
67
84
94
87
84
80
81
98
85
82
99
73
94
88
77
73
82
77
91
81
85
83
85
90
96
83
76
97
102
88
68
86
86
93
83
95
72
88
90
96
90
94
97
87
79
83
93
98
102
111
98
94
87
119
99
95
123
87
117
117
89
92
86
97
96
87
90
100
96
105
107
94
98
90
83
98
120
93
121
103
102
109
118
108
114
114
107
122
130
123
107
106
124
130
143
132
142
144
156
140
120
131
146
158
163
156
158
165
160
200
191
206
204
215
219
249
249
261
256
257
273
300
280
326
320
331
329
386
392
373
410
410
405
435
485
503
467
519
534
528
556
608
593
647
652
651
715
624
675
666
705
677
720
769
763
814
776
753
810
740
784
782
863
789
816
823
842
742
786
801
739
748
705
693
757
698
666
622
623
663
621
595
575
531
541
478
532
524
478
462
453
436
423
443
387
396
390
342
341
338
331
286
292
293
310
319
275
258
271
229
247
224
281
249
207
208
210
206
201
184
214
197
192
180
170
161
176
179
146
140
154
174
129
162
140
148
157
141
141
148
131
148
125
130
127
139
116
128
143
135
121
109
107
109
104
137
111
125
124
139
98
119
111
105
97
115
115
111
118
107
109
120
114
109
115
116
129
120
101
101
117
124
102
117
130
122
103
113
122
103
84
111
125
100
119
100
109
136
115
97
92
109
104
128
105
94
104
110
116
106
105
99
101
108
125
103
90
108
110
105
116
115
95
113
108
94
126
99
109
119
111
112
94
133
109
109
97
95
104
91
106
101
97
108
123
124
115
118
119
103
120
117
115
113
110
109
114
102
82
117
105
119
125
104
124
106
98
146
134
89
107
112
100
110
127
110
136
127
109
110
118
113
131
118
119
122
114
120
127
124
110
124
111
135
114
114
115
125
114
109
124
116
106
124
102
119
116
125
107
115
89
127
109
136
122
125
116
113
137
136
122
132
115
115
124
122
125
130
111
136
130
120
117
113
116
132
121
125
145
124
118
121
99
119
115
126
113
130
113
126
114
118
113
119
129
126
115
116
115
124
137
122
138
124
133
111
123
98
123
114
128
109
124
120
130
120
126
115
143
134
144
113
135
138
112
119
117
124
139
124
130
128
128
134
143
111
140
143
159
128
138
121
131
122
132
107
137
129
136
118
115
132
161
123
119
117
142
138
149
131
122
109
109
133
117
118
130
126
125
136
129
135
126
129
137
111
145
136
159
147
119
137
157
133
150
129
136
138
128
128
150
124
140
144
134
137
122
131
124
132
138
117
126
101
130
130
145
123
127
148
147
158
130
147
126
124
132
139
119
135
138
118
165
141
152
132
113
142
148
141
146
137
136
146
115
128
137
133
136
162
145
147
150
142
155
130
136
139
124
130
138
156
162
117
130
145
143
137
162
125
169
145
132
135
147
162
137
146
156
145
130
144
129
138
121
119
137
132
137
117
143
143
147
146
183
145
155
142
141
143
145
149
143
164
157
152
143
139
121
145
119
128
123
134
130
135
121
135
160
122
125
162
144
140
123
127
128
154
140
128
123
133
140
141
157
124
129
138
158
154
136
130
140
141
142
156
137
146
146
137
132
155
148
131
152
148
147
140
147
149
131
135
122
133
138
124
121
140
96
130
158
146
114
134
153
137
132
143
131
140
140
137
133
113
148
126
153
135
115
132
136
132
127
133
135
153
119
147
108
136
147
142
126
136
140
150
155
135
145
144
129
133
131
121
142
124
150
141
133
138
144
137
128
143
143
139
138
138
120
131
148
128
128
124
149
144
137
141
151
133
145
142
128
138
135
150
140
136
128
141
140
128
126
136
157
132
138
153
116
116
127
158
126
146
150
154
156
118
134
127
145
121
134
152
141
135
141
142
148
141
147
128
132
137
131
134
137
130
135
136
123
130
139
134
117
125
127
126
151
124
109
153
138
129
140
141
114
116
133
129
129
147
134
131
153
149
135
126
109
139
131
148
140
153
118
120
136
145
136
177
117
125
133
149
142
136
131
142
137
136
117
149
143
145
142
153
149
133
144
126
137
127
129
143
133
177
132
136
127
150
152
141
130
140
132
146
131
132
150
124
144
131
154
122
139
137
140
132
142
149
149
145
140
165
136
138
139
136
110
148
163
140
132
158
148
132
160
153
144
142
144
149
136
127
137
163
134
127
141
139
139
151
135
175
143
146
146
132
136
134
145
153
130
147
123
140
149
143
146
147
163
152
155
155
148
115
145
134
135
125
140
141
131
144
153
145
122
133
144
132
138
132
129
144
162
150
127
141
141
128
138
122
138
138
131
138
137
140
129
135
129
135
156
138
147
144
145
171
140
136
128
147
134
133
128
130
124
134
146
141
143
153
134
143
155
159
145
146
148
150
127
150
125
139
154
137
111
150
135
141
144
124
140
148
138
143
110
133
135
140
128
140
141
156
145
138
133
124
130
141
130
127
142
148
127
142
117
130
128
169
134
145
137
146
134
152
148
160
102
127
127
150
141
154
130
134
145
133
136
148
121
139
137
111
128
142
153
138
131
131
170
136
140
146
139
125
141
144
134
153
130
120
141
133
135
138
149
135
121
137
133
121
150
138
135
115
135
145
127
140
117
154
138
146
133
140
133
136
148
126
136
129
141
131
129
132
142
126
152
142
119
132
129
140
140
153
127
166
132
121
134
121
145
135
133
129
142
119
127
133
135
138
157
126
109
129
134
123
125
149
121
134
140
112
135
121
131
134
147
115
108
134
125
147
130
126
116
147
145
151
133
142
118
132
154
135
127
143
130
155
132
125
112
128
129
141
150
133
146
141
122
132
127
122
133
148
141
122
126
142
124
120
124
135
143
122
143
142
137
140
175
136
131
134
154
143
123
129
126
131
133
113
130
131
138
136
120
121
116
132
134
139
149
149
161
133
147
121
132
139
152
136
138
147
169
111
109
103
125
140
126
148
129
144
143
140
137
149
143
141
136
145
144
136
132
103
132
154
127
109
125
116
135
132
123
138
125
136
123
120
128
141
120
141
138
146
131
144
147
158
147
127
148
127
141
148
145
152
137
117
146
132
148
127
117
127
137
140
136
130
158
147
125
109
138
146
145
143
133
146
145
137
149
144
147
161
145
131
144
129
136
133
137
142
123
134
145
132
139
154
153
146
151
151
144
157
150
122
140
136
155
158
163
129
127
164
149
154
137
133
140
170
154
157
141
152
142
153
143
173
139
148
150
160
134
159
153
142
161
159
132
166
159
136
138
157
162
161
158
156
131
170
163
172
138
183
189
137
165
152
176
180
176
140
163
150
163
163
162
156
150
154
175
173
168
151
161
174
182
177
166
183
172
174
189
178
151
176
189
177
160
174
156
164
185
169
165
173
138
163
163
190
166
188
179
158
163
152
196
169
163
182
191
167
180
191
184
186
175
185
164
172
194
167
171
181
185
193
208
204
188
175
184
188
196
205
199
200
159
175
201
177
205
192
187
206
184
189
199
171
176
171
182
194
177
171
176
190
193
159
195
202
187
197
166
216
155
186
194
184
176
212
182
184
185
152
181
189
192
187
197
193
172
182
187
214
181
175
185
189
174
179
163
172
195
179
192
197
202
179
186
182
204
184
175
187
173
196
188
163
162
178
183
166
197
167
171
176
170
200
157
177
164
167
179
178
209
164
175
178
193
190
164
191
196
178
172
179
184
170
182
191
185
197
184
192
174
165
181
161
192
179
184
192
207
152
171
185
182
189
169
181
198
176
191
152
168
173
165
157
192
163
170
180
165
185
178
152
181
140
201
191
174
152
166
193
179
160
190
192
162
187
154
162
166
181
182
198
178
181
167
169
195
159
150
169
171
164
168
186
180
174
169
177
172
174
167
171
143
159
186
170
182
175
180
188
183
147
147
176
178
162
167
192
164
178
163
179
172
144
151
168
146
160
158
176
152
171
194
166
166
162
172
151
160
159
157
156
189
144
174
167
168
158
170
165
143
155
168
162
149
171
182
171
166
163
198
152
141
175
164
174
151
168
158
146
179
156
175
147
155
181
143
163
156
161
155
149
155
154
169
170
161
154
165
158
158
146
166
146
149
145
156
162
140
162
155
152
159
174
159
165
137
161
145
152
163
161
151
171
164
143
145
169
166
141
159
161
163
147
155
159
162
159
164
152
148
192
152
142
171
148
153
159
143
157
150
158
150
149
140
138
169
152
127
138
172
136
123
143
162
141
155
124
157
164
147
144
158
169
134
146
176
150
163
140
138
145
157
144
168
164
160
175
132
138
157
162
135
149
159
140
143
153
158
156
161
146
145
151
127
146
153
124
160
148
147
137
163
144
133
153
146
154
127
143
144
157
148
146
155
168
151
148
174
149
131
136
148
155
134
132
144
161
124
159
148
130
157
153
142
144
152
158
145
124
153
120
146
123
152
131
132
132
150
145
146
126
159
130
154
140
135
112
135
144
144
134
138
147
118
129
156
144
152
125
137
133
118
143
130
145
152
137
128
140
141
137
142
129
116
148
126
135
137
163
141
144
153
134
127
152
141
148
131
147
147
134
141
141
124
152
145
118
137
138
136
129
161
143
135
150
108
157
130
125
155
143
138
127
137
122
135
131
153
141
146
135
112
127
149
138
120
131
141
148
120
124
133
124
139
139
142
130
130
108
129
120
114
135
125
132
132
134
129
136
149
150
128
138
142
152
139
123
134
129
123
118
125
134
123
123
136
116
132
120
137
140
125
146
142
129
113
129
122
160
130
119
119
113
95
126
130
129
120
106
117
113
128
155
113
117
116
140
108
135
135
121
127
127
130
118
126
136
121
124
140
145
125
130
137
121
139
134
125
132
101
131
118
117
127
112
116
131
135
121
119
118
125
125
111
117
106
129
128
137
117
126
107
126
135
140
119
122
123
132
117
149
119
128
141
123
140
115
115
111
122
107
127
138
132
116
123
107
101
133
130
130
128
116
133
126
129
122
124
133
146
134
121
129
122
119
140
130
127
115
126
139
127
102
116
114
125
155
145
125
154
126
106
120
122
128
118
143
111
108
132
96
123
128
142
139
141
136
118
123
128
137
119
121
116
137
131
128
121
124
108
120
111
100
113
109
121
141
126
120
94
128
119
101
130
130
97
116
144
108
125
127
129
125
107
133
126
120
116
133
131
130
131
110
116
134
117
123
130
126
112
132
112
120
138
132
97
123
131
107
126
107
117
126
125
125
111
106
115
125
101
119
100
105
102
129
117
124
135
112
109
123
111
106
107
121
122
129
122
115
119
124
95
119
119
105
93
117
131
116
100
122
117
129
115
110
117
113
109
100
129
121
112
107
120
121
104
145
103
119
124
112
110
109
112
105
127
111
131
126
114
119
120
109
125
134
98
121
108
117
118
114
107
121
128
119
114
120
120
122
117
110
121
104
114
123
106
99
128
106
101
135
117
92
115
107
111
128
107
108
114
91
124
101
104
106
103
108
98
122
114
106
115
92
108
116
120
121
113
102
110
128
118
107
120
111
114
105
124
127
101
108
103
122
119
133
98
110
113
113
115
96
129
128
100
110
114
101
108
104
120
105
108
114
107
119
102
101
102
104
101
104
121
115
121
117
97
92
97
101
110
107
100
120
98
134
95
110
106
115
125
105
92
106
97
109
108
94
118
108
96
103
128
105
104
111
95
114
105
110
127
88
120
111
107
122
124
111
120
101
104
106
116
76
104
107
109
91
85
112
113
111
136
100
108
104
97
95
116
102
102
99
89
105
101
112
118
103
110
133
107
128
109
121
105
112
88
109
109
109
107
106
102
105
104
91
103
103
104
109
116
108
104
112
82
109
127
99
108
98
111
119
112
97
101
107
118
114
98
99
102
105
108
105
96
115
107
111
98
97
108
95
89
106
88
105
103
104
95
91
107
97
106
107
91
103
100
96
91
106
107
104
114
107
97
96
121
116
111
103
103
99
110
118
96
95
95
92
105
98
89
114
95
107
111
98
92
109
113
101
104
107
117
101
98
112
121
101
100
115
97
108
97
93
102
100
124
98
90
117
103
85
96
88
96
105
122
98
124
92
97
91
96
109
99
104
89
102
94
107
95
102
98
107
97
98
105
84
111
97
110
85
112
86
100
103
110
98
101
96
110
104
111
107
102
101
95
94
113
117
94
99
106
102
96
108
108
102
95
87
123
106
101
108
84
74
96
98
77
85
103
90
96
95
101
85
98
96
84
109
108
96
93
109
95
104
111
101
99
95
112
101
115
91
97
112
96
102
99
95
72
108
96
96
111
106
116
84
82
113
104
99
112
92
120
97
84
95
93
96
101
105
100
102
108
108
91
97
106
112
101
113
89
107
100
110
87
84
97
95
103
97
86
114
90
91
102
96
84
106
108
76
111
110
87
97
80
106
108
92
92
96
102
98
92
85
90
108
115
110
93
85
92
83
99
84
93
88
87
108
109
101
91
102
98
90
98
81
82
91
90
99
111
108
106
78
104
106
96
93
93
108
105
122
103
96
99
87
94
93
103
84
110
88
99
117
76
102
100
100
93
109
81
105
100
83
108
90
96
95
88
85
103
85
94
109
108
83
98
90
100
89
105
96
93
86
100
86
97
103
117
97
91
95
84
76
89
83
93
98
93
100
90
96
114
92
100
89
89
84
93
112
82
88
97
90
89
89
94
84
108
80
95
94
107
89
98
82
112
102
107
95
103
94
97
96
99
88
108
100
79
114
105
99
108
101
98
85
92
117
84
77
99
106
91
86
97
95
94
103
95
102
101
91
98
99
93
99
104
104
102
99
95
88
89
93
94
83
84
93
98
94
90
93
103
89
82
103
94
93
96
96
121
95
74
88
93
95
98
86
75
89
94
102
95
116
99
92
100
75
86
99
103
106
95
95
88
103
94
101
100
100
89
97
86
89
101
109
99
114
92
83
89
91
95
108
84
98
80
97
101
93
110
83
108
94
85
88
99
91
109
101
111
93
104
76
86
121
97
105
97
102
84
69
98
84
98
116
96
85
87
94
102
96
86
101
98
105
98
102
99
109
95
101
115
100
94
101
81
95
91
86
95
112
88
92
80
94
113
105
101
119
88
89
103
88
103
97
80
99
104
97
98
107
102
82
93
68
83
107
97
87
91
107
79
100
97
93
99
69
88
74
105
95
111
115
97
86
107
84
83
88
77
104
98
109
97
108
97
104
98
92
99
95
89
98
98
95
92
88
95
105
95
90
104
110
97
87
115
97
97
74
97
91
86
111
112
82
76
87
109
80
102
105
97
97
84
98
111
97
101
110
77
98
109
99
96
107
96
92
95
96
102
109
90
117
83
109
88
100
90
77
106
100
86
96
101
94
107
108
92
100
86
107
112
84
94
94
99
101
109
102
88
91
106
72
97
79
97
96
120
89
100
89
101
101
106
85
99
92
104
97
98
105
109
84
94
102
92
99
94
106
107
101
108
89
82
100
96
110
108
107
99
107
92
112
96
109
101
97
104
87
94
84
118
76
87
94
100
91
83
105
80
100
110
90
105
102
85
96
93
97
121
103
103
78
81
110
105
98
96
79
96
99
84
105
96
94
88
99
92
88
84
94
99
91
97
115
98
108
79
86
96
89
73
93
106
111
99
99
116
93
97
100
104
100
92
87
99
88
86
96
107
106
129
110
91
99
100
83
105
100
85
115
102
92
77
110
115
109
103
97
86
90
89
88
107
89
91
100
98
109
99
99
108
80
91
113
94
100
93
92
84
88
102
105
98
100
106
111
113
100
87
101
86
90
110
99
107
95
102
100
98
86
101
98
101
110
88
93
106
107
97
91
81
73
104
92
105
104
112
105
104
92
88
109
91
109
114
106
91
93
97
103
92
110
111
93
103
88
97
107
111
84
91
118
104
96
86
104
108
88
105
119
87
104
93
107
78
97
97
105
98
104
92
114
91
112
94
107
114
90
109
103
106
101
102
92
94
83
107
111
111
91
123
119
106
108
103
95
91
93
94
93
96
91
99
99
96
131
90
92
108
129
88
99
107
99
93
98
107
105
80
102
101
108
90
95
95
109
113
108
119
99
69
86
95
100
87
104
102
112
95
98
107
111
107
112
94
98
107
90
104
135
90
90
96
94
112
104
93
86
90
97
100
95
92
99
92
94
104
73
99
101
117
100
102
94
94
78
94
95
86
114
98
103
109
83
81
104
110
86
96
91
79
117
82
104
114
97
83
84
89
74
100
90
96
93
88
102
93
95
84
99
87
101
79
87
94
70
106
83
95
81
80
82
100
95
99
113
92
97
98
114
97
101
82
108
84
83
93
94
88
83
69
105
92
89
88
106
91
101
95
108
81
88
96
93
93
77
88
73
93
108
89
98
83
97
97
86
81
72
108
86
81
104
90
82
74
88
82
75
73
71
86
71
93
93
94
77
94
87
77
77
88
70
78
78
86
75
76
75
86
97
89
75
86
99
82
68
89
90
75
70
77
74
81
92
79
74
74
82
83
79
79
68
69
82
85
95
84
92
101
79
81
82
80
72
76
88
84
74
80
89
79
76
79
84
75
81
72
76
73
87
79
79
62
86
67
73
76
68
52
67
61
73
83
60
71
68
64
83
74
66
74
87
60
60
77
63
64
58
71
67
63
67
72
65
68
78
75
56
61
67
66
68
77
60
76
61
79
75
63
83
57
75
65
77
77
58
55
75
60
69
59
76
58
55
57
60
65
68
60
59
62
61
63
53
59
54
52
72
64
62
46
59
57
74
68
73
63
66
71
73
59
73
56
64
68
59
52
52
52
54
55
54
49
62
57
65
65
53
58
50
63
59
49
54
54
44
55
64
56
58
52
47
54
52
61
53
68
50
51
52
56
61
50
56
58
38
59
45
47
64
43
43
39
38
51
50
52
50
50
36
60
45
51
42
53
52
48
49
52
56
64
54
55
52
42
50
35
39
51
55
45
39
51
49
39
38
40
42
38
46
52
38
47
53
30
46
51
30
38
32
50
45
48
39
38
47
37
42
41
43
48
47
43
42
47
35
47
33
30
43
33
42
41
42
21
50
47
51
35
32
33
38
40
42
38
43
36
37
39
41
44
36
41
36
33
29
41
31
32
29
27
39
37
33
39
50
31
36
42
26
35
34
37
30
32
34
30
35
41
32
34
35
36
43
42
39
34
30
33
38
26
37
26
43
32
39
49
34
45
29
26
44
30
17
20
37
36
27
32
31
25
32
35
28
35
33
32
36
37
26
33
28
26
32
34
27
36
33
24
27
29
31
31
25
33
28
28
28
33
19
32
31
37
29
26
32
25
29
30
19
28
23
34
24
19
26
21
26
17
28
26
30
17
33
26
35
30
31
24
24
33
31
25
37
28
25
25
23
30
24
24
23
25
25
21
30
32
25
29
30
34
21
25
17
28
25
23
23
31
24
31
30
22
23
30
25
25
22
23
27
18
22
22
23
25
25
18
25
20
32
30
18
24
26
27
27
25
27
22
15
22
20
25
33
26
26
26
14
20
27
25
27
18
18
26
22
27
30
23
22
24
26
20
29
19
19
23
16
17
13
16
19
24
22
19
20
22
24
34
17
17
12
21
13
24
12
28
14
25
18
16
27
16
17
16
19
24
20
24
20
13
17
19
13
18
12
25
18
13
23
16
32
20
24
23
22
22
22
15
19
18
14
21
12
19
23
15
15
16
21
16
23
18
19
20
20
14
13
19
15
17
19
12
19
28
20
17
22
21
16
24
15
20
19
11
19
15
17
25
22
15
17
21
23
18
10
20
18
8
18
18
15
15
25
21
14
21
17
7
16
11
20
17
17
16
21
14
16
15
11
13
15
20
22
14
16
20
9
13
11
15
21
21
24
14
13
18
11
10
21
9
21
14
23
15
16
17
16
22
20
16
21
12
12
16
18
13
18
24
12
14
19
13
17
13
8
15
20
6
15
11
9
20
16
15
17
14
22
17
18
18
14
16
20
16
16
22
15
17
24
16
16
17
18
18
9
17
19
19
9
14
13
17
12
19
11
6
17
12
17
16
17
11
13
21
16
19
21
13
15
18
14
20
18
12
14
14
12
17
16
13
9
13
21
17
11
13
13
10
9
10
17
18
9
13
11
12
13
2
8
19
14
21
11
15
20
15
20
8
17
10
16
12
15
11
13
15
9
16
19
17
10
10
12
18
11
16
11
13
11
9
7
18
10
14
17
8
20
18
16
15
15
12
12
15
9
12
16
8
7
10
14
12
12
12
11
17
5
14
13
13
8
9
12
17
7
13
14
16
9
9
19
10
13
8
15
16
9
11
10
12
12
12
14
10
10
12
6
7
14
11
6
14
12
6
12
15
8
15
11
11
15
9
11
9
12
15
11
14
9
9
13
12
12
16
17
14
9
9
7
10
13
12
11
12
12
16
10
7
13
13
10
15
13
8
12
10
9
15
11
5
15
14
7
11
8
5
16
9
14
6
7
9
18
13
7
7
14
10
5
12
15
9
9
6
9
11
12
14
10
20
9
11
11
12
11
14
10
13
10
15
14
8
15
9
10
20
8
11
12
9
10
10
8
8
18
19
7
7
11
12
7
9
13
15
17
14
12
11
14
11
8
12
14
14
12
14
12
12
14
14
6
5
8
5
8
8
11
10
16
9
10
8
9
7
9
14
13
8
13
12
10
15
14
11
8
11
18
16
9
12
13
10
9
14
12
20
12
12
8
5
13
18
9
10
11
10
11
15
10
12
7
12
15
9
9
10
13
9
4
6
19
11
8
11
8
9
19
5
12
6
12
17
11
14
7
16
12
17
9
20
8
8
16
15
14
8
10
13
16
22
8
19
11
14
13
7
8
16
18
10
11
16
14
9
15
14
7
12
11
7
20
14
14
16
12
15
12
10
17
9
12
14
16
10
21
12
14
10
14
11
9
9
10
11
11
10
14
11
9
14
21
14
10
20
15
6
13
7
15
16
10
11
11
17
12
14
17
14
20
15
16
18
11
20
13
11
15
12
10
23
13
20
17
14
16
22
13
14
12
11
9
13
15
13
18
16
15
11
20
22
14
14
11
16
14
15
20
11
13
16
19
16
21
15
19
21
15
17
14
10
13
13
15
21
24
14
19
20
19
21
15
25
19
18
23
22
22
21
21
27
23
19
22
27
23
18
15
23
29
25
16
28
21
32
21
22
25
19
12
26
24
24
20
29
28
26
25
25
32
24
21
19
27
22
18
32
27
26
31
30
25
23
31
30
25
30
29
31
18
31
29
31
21
36
35
38
42
29
34
41
28
41
24
31
29
35
49
34
36
50
37
43
33
39
44
29
37
51
50
41
34
39
43
52
35
47
32
40
45
45
39
40
44
33
49
47
55
48
47
36
52
37
47
48
46
53
41
50
55
51
58
47
47
52
66
57
58
50
69
57
69
67
57
60
73
63
77
54
57
64
67
74
56
62
59
55
50
71
85
71
76
60
63
70
61
66
89
93
86
68
77
64
87
73
87
87
79
91
111
82
87
88
84
95
85
91
70
84
81
101
86
95
83
73
99
105
95
89
91
118
85
85
93
103
101
109
88
106
95
105
91
110
98
122
124
119
117
135
118
117
121
120
117
129
138
132
129
118
128
125
131
151
121
131
131
116
131
130
147
149
129
143
156
149
162
139
156
139
153
142
133
122
152
151
156
171
161
153
147
162
161
160
159
184
157
165
175
154
184
203
149
171
169
179
184
184
199
146
150
163
160
174
204
199
195
196
187
199
187
215
182
196
169
196
188
199
211
197
205
237
208
205
228
219
233
226
235
214
211
224
221
216
234
245
248
225
239
235
230
231
264
245
228
245
248
228
257
252
240
275
239
247
258
268
261
274
261
281
250
248
264
260
249
280
291
293
274
255
304
259
269
295
331
280
298
285
284
288
296
303
327
313
342
289
300
300
316
292
327
329
311
341
319
327
308
296
304
324
337
329
329
310
350
351
345
329
321
342
374
325
333
353
351
373
333
384
316
363
377
363
365
346
367
375
369
354
368
360
361
337
357
410
418
361
396
405
402
398
399
414
376
411
402
423
397
392
402
417
409
426
385
402
397
405
419
394
437
447
409
421
421
405
415
420
442
453
381
404
402
443
481
427
433
439
441
473
445
501
465
444
434
453
450
482
437
418
424
462
455
459
526
482
449
431
477
447
443
505
456
449
488
487
488
494
501
482
462
503
468
498
497
489
515
516
458
502
483
487
489
485
506
501
496
475
475
469
496
495
509
463
486
496
469
512
505
471
503
503
486
488
492
455
490
508
554
514
542
497
545
516
529
484
522
551
517
531
562
534
508
546
507
520
522
526
502
535
507
491
515
515
548
482
555
559
503
525
530
543
534
492
497
546
522
522
523
486
518
566
533
511
521
527
551
526
538
522
505
486
534
519
519
543
556
528
533
519
529
534
489
505
510
551
561
562
512
518
536
535
547
518
519
527
525
559
527
547
528
520
535
531
555
533
493
554
541
548
520
531
518
530
539
533
507
543
547
560
503
503
525
504
508
515
521
525
533
496
486
489
521
510
517
485
512
492
514
532
527
518
521
498
511
482
509
489
505
490
487
477
475
478
490
456
485
473
468
444
442
500
484
504
505
497
487
454
474
482
475
479
494
471
443
496
457
464
473
480
465
487
453
468
465
454
495
469
451
437
432
430
452
454
465
416
426
461
430
489
425
406
450
448
408
382
447
403
392
403
436
387
409
393
380
382
421
422
426
420
391
406
412
406
395
381
426
376
412
356
394
371
382
427
396
383
376
363
368
387
371
388
368
387
332
370
357
358
372
355
341
358
360
360
357
367
322
339
370
314
380
322
328
335
333
306
299
317
337
351
313
290
310
288
303
326
294
336
271
325
276
290
295
302
280
271
298
286
303
280
280
280
257
266
268
248
266
272
298
240
276
245
264
241
234
261
268
230
244
281
225
263
215
219
223
240
236
238
234
261
241
213
238
221
228
224
224
236
228
228
221
198
217
198
193
219
208
203
207
200
214
185
207
190
172
188
190
189
187
168
184
174
167
184
179
188
173
165
165
158
165
178
174
155
158
152
169
151
156
154
145
151
165
161
155
166
143
134
153
137
150
125
146
128
135
124
150
120
151
121
134
136
138
108
126
125
113
119
125
112
121
120
110
128
121
112
112
110
95
100
91
102
94
105
96
105
104
90
89
91
112
95
88
85
82
79
101
83
78
82
80
75
94
93
61
94
78
73
79
82
83
66
64
79
48
68
72
52
69
65
69
70
58
57
55
62
59
59
69
62
50
40
47
55
55
48
52
50
58
58
47
38
62
48
47
40
47
52
50
55
38
42
58
40
33
29
41
30
26
44
34
42
46
35
32
43
45
53
38
34
20
30
40
36
21
29
40
37
24
20
27
28
39
27
28
27
31
24
30
12
17
26
18
26
19
31
21
18
23
17
22
17
26
20
28
24
29
18
20
14
17
15
17
16
19
24
17
21
20
17
18
20
20
13
17
17
17
14
18
20
8
14
13
16
13
10
11
16
6
16
8
12
11
9
14
16
13
8
5
6
13
7
9
7
9
11
9
6
11
5
14
12
8
7
9
6
4
9
6
7
5
6
9
4
4
8
10
7
4
8
4
3
9
6
6
8
2
5
6
4
7
2
8
4
3
9
6
4
5
5
2
7
4
3
4
3
2
8
2
7
5
3
6
4
3
3
5
4
6
7
5
3
3
4
3
6
3
0
1
3
1
2
5
3
3
2
2
2
2
0
2
3
5
1
1
2
4
3
4
2
0
4
2
4
4
4
5
7
1
0
2
2
2
3
5
1
7
3
1
0
2
0
0
2
3
2
1
0
2
2
1
2
4
1
0
0
1
2
0
3
3
4
1
3
2
4
1
0
0
3
2
2
1
1
1
1
0
2
5
2
5
2
4
3
1
1
0
1
1
2
1
1
0
1
3
2
1
0
1
2
2
0
1
2
0
1
2
1
3
2
3
2
1
3
2
3
1
1
0
0
1
1
1
0
2
1
2
0
1
1
0
0
2
1
1
1
0
0
0
3
1
2
3
1
1
2
3
3
1
0
2
1
0
2
3
0
1
2
3
0
1
2
1
1
2
0
0
1
2
3
1
1
1
1
1
0
1
0
2
1
1
1
1
1
0
0
1
2
3
2
3
2
4
2
1
2
1
0
0
0
0
0
1
2
0
2
2
4
1
2
1
0
1
2
1
1
2
2
1
0
1
0
1
1
2
1
4
0
5
1
1
3
0
2
1
2
0
1
1
2
2
1
3
1
1
0
0
1
3
0
0
4
2
1
2
1
1
2
0
1
3
0
1
0
2
0
3
2
1
3
0
0
3
1
2
1
3
0
0
1
0
2
1
2
2
5
1
0
1
1
0
2
1
3
0
1
0
2
3
0
2
2
1
0
1
1
3
2
3
2
0
0
1
0
2
1
0
2
0
1
1
0
0
2
1
0
1
3
2
0
2
3
0
2
2
1
1
0
0
3
0
0
0
2
1
1
2
4
2
4
0
0
3
1
0
1
1
0
1
0
2
1
0
2
3
3
1
0
0
1
2
1
0
1
1
0
0
0
1
2
0
1
1
0
1
1
2
1
0
1
1
3
1
0
1
0
2
1
0
1
2
1
2
0
4
2
0
2
3
3
4
1
0
1
0
0
2
3
2
3
2
1
0
1
2
1
2
2
1
0
2
1
2
1
3
0
1
1
0
1
4
2
1
2
1
1
0
1
2
0
0
1
1
2
1
1
1
0
1
0
1
1
3
2
2
2
1
2
0
0
0
2
1
1
3
1
0
1
0
3
1
2
2
1
0
0
1
1
1
2
0
2
1
1
1
0
3
2
1
2
1
1
1
1
0
2
0
0
3
0
1
2
2
0
3
1
1
1
1
1
0
2
3
2
2
2
1
2
0
1
1
2
2
1
0
0
1
0
1
0
0
2
4
0
2
3
3
0
3
3
4
1
1
3
1
1
1
0
1
0
0
2
2
3
1
0
0
3
1
2
1
0
0
0
1
1
1
2
3
3
4
1
1
3
1
3
0
3
2
2
1
2
1
0
0
1
0
2
0
0
0
1
0
0
4
1
0
2
2
1
2
2
1
2
3
2
2
0
1
0
1
0
3
0
1
2
1
2
2
2
0
0
1
0
3
2
2
0
2
1
2
2
2
1
2
0
1
2
1
2
1
4
0
2
2
1
0
3
1
2
0
0
0
2
2
2
4
1
1
2
2
2
1
4
1
0
0
0
1
0
3
0
1
2
0
0
2
2
1
3
3
0
1
1
2
2
0
1
0
0
2
2
1
3
0
0
1
1
0
2
1
2
1
1
3
0
0
2
3
1
0
2
2
1
2
1
2
0
2
0
1
1
0
2
1
1
1
3
2
2
0
2
1
1
2
0
1
0
1
1
0
1
0
1
0
1
3
2
0
0
0
1
2
1
1
1
0
2
1
1
3
1
0
2
1
1
2
1
1
1
0
1
0
1
2
0
0
2
0
2
1
0
1
0
0
0
0
1
0
1
4
0
3
0
0
1
2
0
0
0
1
0
2
4
0
0
0
2
0
1
3
2
2
1
1
0
2
0
1
1
4
0
2
1
0
2
1
2
1
0
0
3
0
1
1
0
1
1
1
0
2
0
3
1
0
1
2
1
0
1
0
2
0
0
3
0
0
0
3
3
1
1
0
1
0
1
0
1
1
2
0
2
0
3
0
0
0
0
2
0
1
1
2
1
1
0
2
3
1
0
1
2
1
1
2
1
1
1
0
2
4
0
1
1
1
1
1
0
1
1
1
3
4
0
3
1
1
2
2
1
0
1
0
0
1
3
1
0
3
0
0
2
1
0
2
2
3
3
1
0
0
2
2
0
0
2
1
3
1
1
1
2
2
0
1
0
0
0
0
1
0
0
2
3
0
2
2
2
0
0
3
1
0
1
1
0
1
0
0
2
0
0
0
0
1
0
0
1
0
1
2
2
1
1
1
0
2
3
2
2
4
1
1
1
0
1
1
1
1
0
1
0
2
1
0
1
0
0
0
1
0
3
1
1
2
1
0
2
0
2
0
1
3
2
1
5
1
2
1
1
0
1
0
1
1
2
1
1
0
2
0
0
2
1
2
0
0
1
2
0
0
0
2
1
2
1
3
0
2
1
0
2
5
1
1
2
1
2
1
1
1
2
0
2
0
2
2
0
1
2
1
1
3
1
1
2
1
3
0
1
1
1
1
0
2
1
0
0
2
4
0
1
1
1
1
2
1
0
0
1
2
1
2
1
2
2
1
0
0
3
0
1
0
2
2
3
2
0
2
3
1
0
1
2
0
0
1
3
2
1
1
3
0
1
2
0
1
0
0
1
0
4
2
3
1
5
1
2
0
0
1
1
2
1
1
1
2
2
2
1
1
0
1
2
1
0
0
1
0
1
0
0
2
1
1
0
4
1
1
4
0
0
3
0
1
2
5
0
1
1
2
2
1
0
1
1
0
1
2
3
1
0
2
1
0
1
0
0
0
2
1
2
1
0
0
0
0
1
3
1
1
0
1
0
0
0
0
1
3
0
1
1
2
0
0
0
0
1
1
0
0
3
2
1
0
1
0
1
1
0
1
0
1
0
0
2
2
1
3
1
1
2
0
1
2
0
1
2
1
1
2
0
2
0
3
1
1
0
1
1
1
1
2
1
0
1
2
0
1
1
0
0
1
1
0
2
0
3
0
0
2
0
3
1
2
1
1
2
0
1
0
0
0
1
1
1
4
2
2
1
0
1
0
2
1
1
1
0
1
0
1
0
0
2
2
1
2
2
0
3
0
4
3
1
2
2
1
1
2
0
1
2
1
1
4
0
1
2
1
2
1
0
1
2
0
1
1
1
1
2
2
1
5
3
0
1
0
1
0
0
1
3
0
1
1
2
0
2
1
1
2
1
0
0
1
2
2
3
2
0
1
0
2
2
2
3
1
2
1
1
2
1
3
0
2
1
1
1
1
2
1
0
1
2
0
0
1
1
1
1
1
1
0
0
1
2
1
0
3
1
2
1
0
3
1
3
2
0
1
0
1
3
2
2
0
1
0
2
2
0
0
0
0
2
1
2
3
1
0
1
2
0
2
1
0
0
0
1
0
0
2
0
3
1
1
3
0
1
0
1
2
3
0
2
0
1
0
3
2
1
2
0
3
0
1
1
2
1
2
1
3
1
2
1
2
0
0
0
3
2
2
0
0
0
1
4
0
1
2
0
1
0
3
0
1
1
1
0
0
2
0
2
0
0
0
2
1
2
4
4
1
1
0
0
1
2
0
1
3
1
1
0
1
2
0
1
0
2
3
3
2
1
2
2
0
1
0
1
1
0
1
1
0
3
2
1
0
2
0
3
2
0
0
1
2
0
2
1
0
0
1
1
0
0
0
1
1
3
0
0
0
1
1
0
1
0
3
0
1
2
2
1
2
1
2
0
0
1
2
1
2
3
2
0
2
0
1
0
0
3
2
1
1
2
1
0
2
0
1
1
0
1
0
1
0
1
0
0
1
0
0
1
0
0
0
1
3
2
1
0
3
0
2
3
0
0
1
4
0
2
0
2
1
2
0
1
3
0
2
1
1
0
2
2
0
2
1
1
1
1
0
1
1
1
1
1
1
3
1
1
1
2
1
2
0
2
1
1
0
0
1
1
1
1
1
1
0
1
1
1
0
2
0
3
2
1
2
0
2
1
0
2
1
0
2
1
0
1
1
0
1
1
2
2
1
4
1
0
2
0
0
0
0
1
2
2
0
2
1
3
0
2
1
2
0
1
1
2
0
4
1
0
4
2
1
0
1
2
1
0
2
1
1
0
0
0
1
0
1
1
2
2
1
0
3
1
0
1
1
1
2
2
0
0
1
0
0
3
2
2
0
1
1
2
1
0
2
2
0
0
0
1
2
1
1
0
0
0
0
2
1
0
2
1
0
2
3
3
0
1
1
1
2
3
2
0
0
1
1
3
0
0
1
0
1
0
1
1
1
1
2
1
0
1
2
1
0
0
0
0
2
0
1
1
0
2
4
1
2
3
1
3
1
2
1
0
0
1
0
0
1
0
1
2
1
1
1
1
2
0
3
0
0
1
2
0
0
1
3
1
1
2
2
3
0
1
2
1
1
1
1
1
1
0
0
1
3
0
1
0
0
2
0
0
1
2
0
0
0
1
2
1
0
1
1
1
0
0
2
0
1
1
1
1
0
2
0
0
1
0
1
2
1
1
0
3
0
1
0
0
0
0
2
1
0
1
2
1
2
1
2
2
0
1
0
0
3
1
1
2
1
1
2
1
0
1
1
0
1
2
0
1
1
2
2
1
3
3
1
0
1
0
3
1
0
1
1
0
1
3
1
0
0
1
0
0
1
2
2
0
1
0
2
1
1
0
0
0
0
0
2
1
1
0
2
3
0
1
1
1
0
0
1
1
1
2
0
1
0
0
2
2
2
1
1
1
0
0
1
1
3
1
1
1
0
1
2
0
1
0
1
1
0
0
2
1
2
0
2
2
1
0
0
1
0
1
1
0
1
2
1
1
1
0
4
2
0
0
0
0
1
1
0
1
0
3
0
0
0
2
1
0
2
2
0
0
3
1
2
1
1
1
1
1
0
0
1
0
0
0
1
1
0
1
1
3
1
1
0
3
3
3
0
2
1
1
2
4
2
3
3
0
1
1
0
0
1
1
2
1
0
0
0
0
2
0
2
2
1
2
0
0
1
0
0
0
0
1
1
0
2
1
4
3
0
0
0
0
1
2
0
1
2
3
0
0
3
1
2
1
2
1
0
0
1
1
0
1
1
1
0
0
1
1
0
0
0
1
1
1
0
1
0
0
0
0
1
1
3
0
1
1
1
1
2
2
2
0
0
0
1
1
0
1
4
1
0
1
0
2
1
0
0
1
0
2
1
0
1
0
2
0
0
1
0
1
1
0
2
3
1
0
0
0
2
0
1
1
2
0
0
0
1
0
1
3
1
2
0
0
1
0
0
1
0
0
1
0
2
1
1
0
0
0
0
0
0
0
0
2
2
0
0
1
1
0
0
1
1
0
1
1
0
0
1
0
1
0
0
2
1
1
2
1
1
0
1
0
0
0
0
0
0
0
1
0
1
0
0
2
0
0
0
0
1
0
0
1
2
0
0
0
0
0
0
0
0
1
0
0
0
1
0
1
0
0
1
1
1
1
1
2
1
2
0
1
1
1
0
0
2
1
1
1
0
0
3
1
1
1
0
1
1
1
1
0
1
1
1
1
1
1
1
0
0
0
1
1
0
1
1
1
2
0
0
1
3
0
0
1
0
1
3
0
0
1
0
2
0
1
0
0
0
0
0
1
1
2
0
1
0
1
0
1
0
0
1
1
0
0
1
1
1
1
1
1
0
1
0
0
0
1
1
1
1
0
1
1
0
0
1
0
0
1
0
0
2
0
1
0
1
0
1
0
1
3
1
0
1
0
1
3
0
0
0
0
0
1
1
1
1
0
0
1
0
0
1
0
3
1
0
1
1
1
0
0
0
1
0
2
2
0
0
0
2
0
0
0
2
1
1
0
0
0
2
1
0
0
1
1
1
3
0
2
0
0
1
0
0
2
0
2
1
1
0
1
0
2
3
0
0
0
2
0
2
0
0
1
0
1
0
1
0
0
1
1
2
1
2
0
0
2
2
1
0
1
2
1
1
1
2
0
1
0
0
2
2
2
1
2
1
2
1
2
0
1
2
1
0
0
0
1
2
0
1
1
1
0
1
0
1
1
0
0
1
0
0
0
0
0
2
0
1
0
0
0
1
0
0
1
1
2
0
2
2
3
0
1
1
1
0
2
2
0
3
2
2
0
1
1
0
0
0
0
1
1
1
0
0
0
3
1
0
1
2
1
1
0
0
0
0
1
0
1
1
3
0
0
0
2
0
2
4
0
2
0
0
1
0
4
1
1
1
1
0
4
0
0
1
1
1
2
1
0
2
1
2
0
0
1
1
2
0
1
1
1
1
1
0
1
1
0
2
1
1
1
0
2
0
1
0
0
0
0
0
1
1
0
0
1
1
0
0
4
2
2
0
1
2
0
1
2
0
1
2
2
1
1
0
1
0
2
2
0
1
1
0
0
1
0
1
0
0
2
1
1
0
0
1
1
1
1
0
0
2
1
0
1
1
2
0
0
1
0
1
1
2
0
0
1
1
0
1
2
0
0
1
1
3
1
1
2
0
1
1
2
1
1
0
1
0
0
1
1
0
2
0
2
0
0
0
1
0
0
0
0
3
1
2
0
2
1
2
0
0
0
2
3
0
0
2
3
1
0
3
0
0
2
1
0
0
0
2
0
2
0
0
1
0
0
0
0
1
1
0
0
2
2
0
2
1
0
2
2
0
3
0
1
1
0
0
1
2
1
2
1
1
0
0
0
0
0
1
1
1
2
0
1
1
3
1
1
0
1
0
2
0
1
1
0
3
1
0
0
1
3
1
0
1
0
0
1
0
0
0
1
0
1
0
1
1
1
2
0
0
1
2
0
0
0
1
0
0
4
0
0
1
1
0
0
0
0
0
1
0
0
0
2
1
0
0
0
0
2
0
1
1
0
0
0
0
1
2
4
0
0
0
1
1
0
0
1
0
1
1
0
0
0
1
1
2
0
0
0
1
0
2
2
1
1
1
0
2
0
0
0
0
1
1
1
1
1
4
0
0
0
3
0
1
2
1
1
0
2
1
0
1
2
0
3
0
2
0
3
1
0
1
0
1
1
2
0
1
2
1
0
0
0
0
3
0
0
0
0
0
0
1
0
0
0
1
0
0
0
0
0
2
1
1
1
1
0
0
0
0
0
1
1
0
2
1
3
0
0
1
1
0
0
1
0
3
1
0
1
0
1
0
1
2
0
1
0
0
0
0
2
0
1
1
0
0
2
1
2
1
0
0
0
1
2
0
2
3
1
1
0
1
0
1
1
2
0
0
0
0
0
3
2
0
1
2
0
1
1
0
0
0
0
1
1
1
1
1
1
0
0
2
0
0
1
1
1
0
1
1
1
1
0
0
1
1
0
0
0
1
1
2
0
1
0
0
1
0
0
0
1
0
2
1
0
1
1
3
1
1
0
0
0
1
1
0
1
0
0
0
1
1
0
1
0
0
1
1
0
0
2
0
0
0
1
1
0
0
1
1
2
1
0
0
2
0
1
0
3
1
0
1
3
0
0
0
1
0
1
0
0
1
0
0
2
2
0
0
1
2
0
0
0
2
0
1
1
0
0
0
2
1
0
1
0
1
0
1
1
3
1
0
0
1
1
0
0
2
1
0
0
2
1
2
0
2
1
1
0
0
0
0
1
0
1
0
0
1
1
0
0
1
1
2
0
0
0
0
0
1
2
0
0
2
0
2
0
1
0
0
0
0
0
1
0
0
1
1
2
1
0
0
0
0
1
1
0
0
0
1
1
1
0
0
1
3
0
1
1
4
2
1
0
0
2
1
0
0
1
0
1
1
0
1
0
0
0
0
0
0
0
1
1
0
1
1
0
1
1
0
1
0
2
0
0
0
1
0
2
0
0
2
1
0
3
0
1
1
0
0
0
0
0
2
1
0
0
1
0
0
0
0
1
0
1
0
0
1
0
1
0
0
1
0
1
1
0
0
1
0
0
0
0
0
1
0
1
0
0
0
0
0
0
2
0
0
1
0
0
0
0
0
1
0
1
0
0
0
1
0
1
1
0
1
0
0
0
1
0
2
0
1
0
1
0
0
0
1
1
0
0
0
0
2
2
0
0
0
0
0
1
1
1
0
1
0
0
1
2
1
0
0
0
0
0
3
1
1
0
0
2
0
0
1
1
1
0
1
0
0
1
0
0
0
1
1
0
1
0
0
0
1
0
1
0
0
0
1
0
0
1
0
0
1
0
1
0
0
0
1
1
0
1
0
1
1
0
0
0
0
1
2
0
0
0
0
0
0
1
0
1
0
0
3
0
1
0
1
0
1
0
0
0
0
1
0
0
2
0
4
0
0
0
1
0
0
1
0
0
0
1
0
0
0
0
0
0
0
1
0
2
0
1
0
1
0
0
0
0
0
0
0
1
1
0
2
0
1
0
0
1
1
1
0
0
0
0
1
0
3
0
0
0
1
0
0
1
1
0
0
0
0
0
0
1
2
0
0
1
2
0
0
0
0
0
1
2
0
0
0
0
1
1
0
1
1
0
0
0
0
0
0
1
0
0
3
0
0
0
0
1
4
0
0
2
1
0
0
0
1
0
2
2
1
0
0
0
0
0
0
1
0
2
0
0
0
0
0
0
1
0
0
0
0
1
0
0
0
0
1
1
0
0
0
0
0
0
1
0
0
1
0
0
0
1
1
0
1
0
1
0
1
1
1
1
0
1
1
0
0
0
1
1
1
0
0
0
0
0
0
0
1
0
0
1
0
0
0
1
0
1
0
0
0
0
0
0
0
0
0
1
2
0
0
0
2
0
0
1
0
1
0
0
1
1
2
0
1
0
1
0
1
0
0
0
0
0
0
0
2
1
1
0
0
1
0
0
1
1
0
0
0
0
0
0
0
0
1
0
0
0
0
0
0
0
0
1
1
0
1
0
2
0
0
1
2
0
0
0
0
1
1
3
3
0
0
0
1
0
0
0
0
0
1
0
1
1
2
1
0
1
2
2
0
0
0
2
1
0
0
0
0
1
0
2
1
0
0
0
1
0
1
0
0
0
1
1
1
1
0
0
1
0
0
0
0
0
0
0
1
1
2
0
1
3
0
0
0
2
0
1
1
0
0
0
1
0
1
0
2
0
1
0
0
0
1
0
0
0
0
1
0
2
1
0
0
0
0
1
1
0
0
0
1
0
0
0
0
0
0
0
0
0
0
1
0
0
1
1
0
0
0
0
0
0
0
0
0
0
0
0
0
0
1
0
1
0
2
0
1
0
1
0
0
1
0
0
1
1
0
1
0
0
1
0
0
0
0
1
1
1
0
1
1
0
1
0
1
0
0
0
0
0
0
0
0
0
0
1
0
0
2
0
0
0
0
1
1
0
1
0
0
1
0
1
0
0
0
1
0
0
0
0
0
1
1
0
0
1
0
0
0
2
0
0
0
1
2
0
0
0
1
0
0
0
0
0
0
1
1
0
0
0
2
0
1
0
0
0
0
0
0
0
0
1
0
0
0
1
0
0
0
0
0
1
1
0
0
0
0
0
2
0
0
0
0
0
0
1
0
0
1
0
0
0
0
1
0
1
1
0
0
3
1
0
1
0
0
1
0
1
2
0
0
0
0
1
0
0
0
1
0
2
0
0
0
0
0
2
0
0
0
1
0
1
1
0
0
0
0
0
1
0
0
2
0
0
0
1
0
0
0
2
0
1
0
0
0
2
1
1
0
2
1
1
0
0
0
0
1
0
1
0
1
0
0
0
0
0
0
2
0
0
0
1
0
2
0
0
0
0
0
1
1
0
0
0
1
2
0
0
1
0
0
0
0
0
0
0
0
0
0
1
1
0
0
2
0
0
1
0
0
0
1
2
0
0
0
0
0
0
1
0
1
0
0
0
1
0
0
2
0
0
3
0
1
1
0
2
0
1
0
0
0
1
1
0
1
0
0
1
0
0
0
1
0
0
0
1
1
1
1
2
0
0
0
0
0
0
1
0
0
0
2
0
0
1
0
1
0
0
0
1
1
0
0
0
0
0
1
1
0
1
0
0
0
0
0
1
0
1
2
3
1
0
0
1
0
0
0
1
1
1
0
0
0
1
0
1
0
1
1
1
1
0
0
1
0
0
1
1
2
0
0
0
0
0
0
1
0
0
1
1
0
0
0
0
0
1
0
0
1
1
0
0
1
0
0
0
0
0
0
1
0
0
1
0
0
1
0
1
0
1
1
0
0
0
1
1
2
2
1
3
1
0
1
1
0
0
1
0
0
0
0
1
1
1
0
0
0
1
1
0
0
1
0
0
1
0
2
1
1
1
0
0
0
0
1
0
0
1
1
0
1
0
0
1
0
0
0
1
0
0
2
0
0
0
1
0
2
1
0
0
0
0
1
0
1
0
0
1
1
0
1
0
0
1
0
1
1
1
1
1
0
0
0
1
1
0
0
1
1
0
0
0
1
1
2
0
1
1
0
2
0
0
0
0
1
0
0
2
0
1
1
1
2
3
1
0
0
0
0
1
0
0
1
1
0
1
0
0
0
0
0
1
0
1
0
0
0
3
0
0
2
0
1
0
0
1
0
0
2
1
0
0
1
0
0
0
0
1
0
0
0
0
1
1
1
1
0
1
0
0
1
0
1
0
0
0
0
1
1
2
1
1
1
1
0
0
0
0
1
0
1
0
0
0
0
0
0
0
0
1
1
0
1
2
1
1
0
2
2
0
0
0
0
0
0
0
0
1
0
0
0
0
1
0
0
2
0
1
1
1
1
0
0
1
1
2
0
1
0
0
0
0
1
0
0
0
0
0
1
0
1
0
0
2
1
0
0
2
2
0
0
1
0
0
1
2
2
1
1
2
0
1
0
1
0
2
1
0
2
1
1
0
0
0
0
1
0
0
0
1
0
0
0
1
1
0
0
0
1
0
1
0
0
0
0
0
0
1
1
0
0
2
0
0
0
1
0
1
0
1
1
1
0
0
2
0
0
0
3
0
1
0
1
1
0
0
0
0
0
0
0
1
0
0
0
0
0
0
1
3
1
0
0
0
1
1
0
1
0
1
0
0
1
3
0
1
1
0
1
1
1
2
0
1
0
0
0
1
1
3
0
0
0
1
1
0
0
0
0
1
1
0
0
0
0
0
3
0
1
2
0
2
2
1
1
1
1
1
0
1
1
1
0
0
0
1
0
2
0
0
1
0
0
0
0
0
1
1
0
1
1
0
0
1
0
0
1
1
0
2
4
0
0
1
1
0
0
0
0
0
0
1
0
0
0
0
0
1
0
0
2
0
0
0
1
0
0
2
0
2
0
0
3
2
0
0
1
0
1
1
1
0
0
0
2
1
2
1
0
0
0
0
2
1
0
0
0
0
1
0
0
0
2
1
3
0
0
0
1
0
0
2
0
2
0
0
0
1
0
0
1
0
1
0
0
2
2
2
0
0
1
1
0
0
1
0
1
0
0
2
1
1
0
3
0
2
0
0
0
0
1
0
0
0
1
0
0
1
1
0
2
0
3
1
0
0
0
0
0
0
0
0
1
1
1
1
1
2
1
1
0
2
0
1
0
0
1
1
0
0
2
0
1
1
0
1
1
0
1
1
0
0
1
0
1
1
0
2
1
0
1
0
0
2
0
0
2
0
0
0
1
0
0
1
1
2
0
1
0
0
1
1
0
0
0
0
0
0
1
1
1
0
2
0
0
0
0
0
1
1
0
1
2
0
0
1
1
0
0
0
0
1
1
2
1
0
0
0
0
0
1
0
1
1
0
1
1
1
0
1
0
1
1
0
0
0
1
0
1
0
0
1
2
0
1
0
1
1
0
0
1
0
0
0
0
0
0
0
1
1
2
1
1
0
0
0
0
0
1
1
1
1
2
2
0
1
0
0
0
1
0
0
1
0
1
0
2
0
1
0
0
0
0
2
1
0
2
0
0
1
0
1
0
1
2
2
2
0
0
0
1
0
0
0
0
1
1
0
1
2
0
0
2
0
1
0
0
0
0
1
0
1
1
0
0
0
1
0
1
2
0
1
1
0
0
0
2
1
0
3
0
2
2
0
0
0
0
0
1
0
1
1
1
1
0
0
0
1
0
0
0
0
0
0
1
0
0
0
0
0
0
1
0
1
0
0
1
0
2
0
0
0
0
0
0
0
0
2
1
0
0
0
1
1
1
0
0
0
0
0
2
2
0
0
1
0
0
0
1
0
0
0
1
0
0
1
0
1
0
0
1
1
0
1
1
2
0
1
1
0
2
0
1
1
3
0
0
1
1
1
0
1
0
0
1
0
0
1
0
0
0
1
2
0
2
0
1
2
0
0
0
1
0
1
1
1
0
1
1
2
0
1
0
0
1
1
0
1
0
0
2
1
0
0
0
0
0
0
0
0
0
0
1
0
2
1
0
0
0
1
1
1
1
0
0
0
0
1
1
1
0
1
0
0
0
0
0
0
1
1
0
2
1
1
0
1
0
1
0
0
1
1
1
2
0
0
1
0
0
0
2
1
0
0
1
0
1
1
1
0
2
0
2
1
0
0
1
0
1
1
1
0
1
0
0
0
0
0
0
1
1
0
0
0
1
1
0
0
0
1
1
0
2
0
0
0
1
1
1
1
1
0
1
1
1
2
1
0
1
0
1
0
1
0
3
0
1
0
1
1
0
0
2
0
0
2
0
1
1
0
2
0
1
1
0
2
1
2
0
0
2
1
0
0
1
1
1
0
0
1
1
0
0
1
1
2
2
0
1
0
2
2
1
2
2
0
2
1
1
0
2
1
2
0
0
1
0
1
0
0
2
0
1
2
2
1
1
0
2
2
1
1
1
2
2
1
1
0
0
2
1
1
1
1
0
1
1
0
3
1
0
0
0
1
1
1
1
1
1
2
1
0
0
0
1
3
2
1
1
0
0
0
0
1
1
1
0
1
0
0
1
1
4
1
1
0
2
0
2
2
0
0
2
1
1
2
0
0
1
1
0
0
0
2
0
1
1
0
1
1
0
1
1
1
0
0
1
0
0
1
1
0
3
1
3
0
1
0
0
2
1
0
0
0
1
1
2
1
0
2
2
2
1
0
1
0
1
0
0
1
0
0
1
0
1
2
2
0
0
1
0
3
3
0
1
2
0
2
1
4
2
0
0
0
0
1
0
0
2
0
0
2
2
3
1
1
1
3
0
1
1
1
0
1
2
2
0
1
0
2
1
0
2
0
0
0
1
2
0
4
0
0
0
0
0
2
0
0
1
1
1
0
0
2
2
2
0
0
1
2
0
1
1
1
1
2
1
0
2
3
1
0
1
1
2
0
2
1
0
0
1
0
2
0
0
3
0
0
1
2
2
0
0
0
0
2
0
1
1
2
0
1
0
1
1
3
1
0
1
0
0
1
0
1
2
2
0
1
1
1
0
1
1
0
0
0
0
0
0
1
1
1
1
1
0
0
1
1
0
2
2
0
0
1
0
1
0
0
0
0
1
1
1
2
2
0
0
0
2
0
0
1
0
1
0
1
0
1
0
0
1
2
0
2
0
2
0
0
0
2
1
2
1
0
2
0
0
0
0
1
0
1
0
0
0
1
1
0
0
1
0
0
0
0
1
0
0
0
0
0
1
1
0
0
0
1
0
2
0
0
1
0
0
1
1
0
1
1
1
1
0
3
3
0
1
2
0
0
1
4
2
1
0
2
0
1
0
1
1
0
0
1
0
0
0
1
1
0
0
1
1
2
0
0
0
0
0
2
2
1
1
2
0
1
1
4
0
0
0
1
2
0
2
0
1
1
0
0
0
1
1
2
3
1
0
1
0
1
1
2
2
0
1
0
0
0
1
1
0
1
0
1
0
0
0
0
0
0
0
0
0
0
1
0
0
0
0
1
0
1
1
1
0
1
0
0
1
0
0
0
0
1
1
2
2
1
0
0
0
0
2
0
1
0
1
0
2
1
0
0
1
0
1
1
1
1
1
0
1
0
0
0
0
1
1
1
0
0
0
0
0
1
0
0
0
1
1
1
0
1
0
0
0
0
0
1
0
0
0
0
0
2
0
1
1
0
0
0
2
0
2
0
0
2
1
0
1
0
0
0
0
1
1
0
0
0
0
0
0
1
2
1
2
0
1
0
0
0
2
0
0
0
0
0
0
0
0
0
0
0
1
0
0
0
1
0
0
0
1
0
1
0
0
0
1
0
0
0
1
0
0
0
0
1
0
1
0
0
0
1
1
0
0
0
1
1
1
1
0
1
0
1
1
0
0
0
0
0
1
0
1
1
0
0
0
0
1
0
0
1
0
1
1
0
0
0
0
0
0
0
0
1
0
1
1
0
0
0
0
0
0
0
1
0
1
0
1
1
0
0
0
0
0
0
1
0
0
0
0
0
0
0
0
0
1
0
0
0
0
1
1
0
1
0
0
0
0
1
0
0
0
0
0
1
1
1
0
1
1
1
0
0
0
0
0
0
0
1
0
0
0
1
1
0
1
0
0
0
0
1
0
1
0
0
0
0
0
0
0
0
0
0
0
0
0
0
0
0
0
0
0
0
0
0
1
0
0
3
0
0
0
0
0
0
0
0
0
0
1
0
1
1
0
0
0
1
0
0
0
0
0
0
0
0
0
1
0
0
1
0
0
1
0
0
0
0
0
0
0
0
0
0
0
1
0
0
0
1
0
0
0
0
0
1
1
0
0
0
0
0
0
0
0
0
0
0
0
0
0
0
0
0
0
1
0
1
1
0
0
1
0
0
0
0
1
0
0
0
0
0
0
0
1
0
0
0
0
0
0
0
0
0
0
1
1
0
0
0
0
0
0
0
0
0
0
0
0
0
0
0
0
1
0
0
0
1
0
0
0
1
0
2
2
0
0
0
0
0
0
0
0
0
0
0
0
1
0
0
0
0
0
0
0
0
0
0
0
0
0
0
0
0
1
0
0
0
0
0
0
0
0
1
0
0
0
0
1
0
0
0
1
0
0
1
0
1
0
0
0
0
0
0
0
1
1
0
0
0
0
0
0
0
0
0
1
0
0
0
1
0
0
1
0
0
1
0
0
0
0
0
0
1
0
0
0
0
0
0
0
0
1
0
0
1
1
0
0
0
0
0
0
1
0
0
0
0
0
0
0
0
0
0
0
0
0
1
0
0
0
0
0
0
0
0
0
0
0
3
0
0
0
0
0
0
0
0
0
0
0
0
0
0
0
0
0
0
0
0
0
0
0
0
0
0
0
0
0
0
0
0
0
0
0
1
1
0
0
0
0
1
0
0
0
0
0
0
0
0
0
0
1
1
1
0
0
0
0
0
0
0
0
0
0
0
0
0
0
0
0
0
0
0
0
0
0
0
0
0
0
0
0
0
0
1
1
0
0
0
0
0
0
0
0
0
1
0
0
0
0
0
0
0
0
0
1
0
0
0
0
1
0
0
0
0
0
0
0
0
0
1
0
0
1
0
0
0
0
0
0
0
0
0
0
0
0
0
0
0
0
0
0
0
0
0
0
0
0
0
1
0
0
0
0
0
0
0
0
0
0
0
0
0
0
1
0
0
1
0
0
0
0
1
0
0
0
0
0
0
0
1
0
0
0
0
0
0
0
0
0
0
0
1
0
0
0
0
0
0
0
0
0
1
0
0
0
1
0
0
0
0
0
0
0
0
0
0
0
0
0
0
0
0
0
0
0
0
0
0
0
0
0
0
0
0
0
0
0
0
0
0
0
0
1
0
0
0
0
0
0
1
0
0
0
0
0
0
1
0
0
0
0
0
0
1
0
0
0
0
0
0
1
0
0
0
0
0
0
0
0
0
0
0
0
0
0
0
0
0
0
0
0
0
0
0
0
1
0
0
0
0
0
0
0
0
0
0
1
0
0
0
0
0
0
0
0
0
0
0
0
0
0
0
0
0
1
1
0
0
0
0
0
0
0
0
0
0
0
0
0
0
0
0
0
0
0
0
0
0
0
0
0
0
1
0
0
0
0
0
0
0
0
0
0
0
0
0
0
0
0
1
0
0
0
0
0
1
0
0
0
0
1
0
0
0
0
0
0
0
0
0
0
0
0
0
0
0
0
0
0
0
0
0
0
1
0
0
0
0
0
0
0
0
0
0
0
0
0
1
0
0
0
1
0
0
0
0
0
0
0
0
0
0
0
0
1
0
0
0
1
0
2
0
1
0
0
1
0
0
0
0
0
0
0
0
0
0
0
0
2
0
1
0
0
0
0
0
0
0
0
0
0
0
0
0
0
0
0
0
0
1
0
0
0
1
0
0
0
0
0
0
0
0
0
0
0
0
0
1
0
0
2
0
0
0
0
0
0
0
0
0
0
0
0
0
0
0
0
0
0
0
0
0
0
0
0
0
0
1
0
0
0
0
0
0
0
0
0
0
1
0
0
0
0
0
0
0
0
1
0
0
0
0
0
0
0
0
0
0
0
0
0
0
0
0
0
0
0
0
0
0
1
0
0
0
0
0
0
0
0
0
0
0
0
0
0
0
1
0
0
0
0
0
0
0
0
0
0
0
1
0
0
0
0
0
0
1
0
0
0
0
0
0
0
0
1
0
0
0
0
0
0
0
0
0
0
0
0
1
0
0
0
0
0
0
0
0
0
0
0
0
0
0
0
0
0
0
1
0
0
0
0
0
0
0
0
0
0
0
0
0
0
0
1
0
0
0
0
1
0
0
0
0
1
0
0
0
0
1
0
1
0
0
0
0
0
0
0
1
0
0
0
0
0
0
2
0
0
0
0
0
0
0
0
0
0
0
0
0
0
0
0
0
0
0
0
0
0
0
0
0
0
0
0
0
0
0
0
0
0
0
0
0
0
0
0
0
0
0
0
0
0
0
0
0
0
1
0
0
0
0
1
0
0
0
0
0
0
0
1
0
0
0
0
0
1
0
0
0
1
0
2
0
0
0
0
0
0
0
0
0
0
1
0
1
0
0
0
0
0
0
1
0
0
0
0
0
0
0
0
0
0
0
0
0
0
0
1
0
0
0
0
0
0
0
0
1
0
0
0
0
0
0
0
0
0
0
0
0
0
0
0
0
0
0
0
0
0
1
0
0
0
0
0
2
0
0
1
0
0
0
0
0
0
0
0
0
0
1
0
0
0
0
1
0
0
0
0
0
0
0
0
0
0
0
0
0
0
1
0
0
0
0
1
0
0
1
0
0
0
0
0
0
0
1
0
0
0
0
0
0
0
1
1
0
0
0
0
1
0
0
0
0
0
0
0
0
0
0
0
0
0
0
0
0
0
0
1
0
0
0
0
0
0
0
0
0
1
0
1
0
0
0
0
0
0
0
0
0
0
0
0
0
0
0
0
0
0
0
0
1
0
0
0
0
0
0
0
0
0
1
0
1
0
0
0
1
0
0
0
0
0
0
0
1
1
0
1
0
0
0
0
0
0
1
0
0
0
0
0
0
0
0
0
0
0
0
0
0
1
0
0
0
0
0
0
0
0
0
0
0
0
0
0
0
0
0
0
0
0
0
0
0
0
0
0
0
0
0
0
0
0
0
0
0
0
0
0
0
0
0
0
0
0
1
0
1
0
0
0
0
0
0
0
1
0
0
0
0
0
0
0
0
0
0
0
0
0
0
0
0
0
0
0
0
0
0
0
0
0
0
0
0
0
0
0
0
0
0
0
0
1
0
0
0
0
0
0
0
0
0
0
1
0
0
0
0
0
0
0
0
0
0
0
0
0
0
0
0
0
0
0
0
0
0
0
0
0
1
0
1
0
1
0
0
0
0
0
0
0
0
0
0
0
0
0
0
0
0
0
0
0
0
0
0
1
0
0
0
0
0
0
0
1
0
1
0
0
0
0
0
0
0
0
0
0
1
1
0
0
0
0
0
1
0
1
0
0
0
0
0
0
0
0
0
0
0
0
1
1
0
0
0
0
0
0
0
0
0
1
0
0
0
0
0
1
0
1
0
0
0
0
0
0
0
0
0
0
0
0
0
0
0
0
0
0
0
0
0
0
0
0
0
0
0
0
0
1
0
1
0
0
0
0
0
1
0
0
0
0
0
0
0
1
1
0
0
0
0
0
0
0
0
0
1
0
0
0
0
0
0
0
0
0
0
1
1
0
0
0
0
0
0
1
0
0
0
0
0
0
0
0
0
0
0
0
0
0
0
0
0
0
0
0
0
0
1
0
1
0
0
0
0
0
0
0
0
0
0
0
0
0
0
0
0
0
0
0
0
1
0
0
0
0
0
0
0
0
0
1
0
0
0
0
0
0
0
0
0
1
0
0
0
0
0
0
0
0
0
0
0
0
0
1
0
0
0
0
0
0
0
0
0
0
1
1
1
1
1
0
0
0
1
0
0
0
0
0
0
0
0
1
0
0
0
0
0
0
0
0
0
0
0
0
1
1
0
1
0
0
0
0
0
1
0
0
0
0
0
0
1
0
0
0
0
1
0
0
0
0
0
0
0
0
0
0
0
0
0
0
0
0
0
0
0
0
0
0
1
0
0
0
1
0
1
0
0
0
0
0
0
0
0
0
0
0
0
0
0
0
0
1
0
0
0
0
0
1
1
1
0
0
0
0
0
0
1
0
0
0
0
0
1
0
0
0
1
0
0
1
0
0
0
0
1
0
0
0
0
0
0
0
0
0
0
0
0
0
0
0
0
0
0
0
0
0
0
0
0
0
0
0
0
0
0
0
0
0
0
0
0
0
0
0
0
0
0
0
0
0
0
1
0
0
0
0
0
0
0
0
0
0
0
1
0
0
0
0
0
0
1
0
0
0
0
0
0
0
0
0
0
0
0
0
0
0
0
0
0
1
0
0
0
0
0
0
0
0
0
0
0
0
0
0
0
0
0
0
0
0
0
0
0
0
0
0
0
0
0
0
0
0
0
0
0
1
0
0
0
0
0
0
0
0
1
1
0
0
0
0
0
0
0
0
0
1
0
1
0
0
0
0
0
0
0
0
0
0
0
0
0
0
0
0
0
0
0
1
0
0
0
0
0
0
0
0
1
0
0
1
0
0
0
0
1
0
0
0
1
0
0
0
0
0
0
0
0
0
0
0
0
0
0
0
0
0
0
0
0
0
0
0
0
1
0
0
0
0
0
1
0
0
0
0
0
0
1
0
0
0
0
0
0
0
0
0
0
0
0
0
0
0
0
0
1
0
0
0
0
2
0
1
0
0
0
1
1
0
0
0
0
0
0
0
1
0
0
0
0
0
0
0
0
0
0
0
0
0
0
0
0
1
0
0
0
0
0
0
0
1
0
0
0
0
0
0
0
0
0
0
0
0
0
0
0
0
1
0
0
0
0
0
0
0
0
0
0
0
0
0
0
0
1
0
1
0
0
0
0
0
0
0
1
0
0
0
1
0
0
0
0
1
0
0
0
0
1
0
0
0
0
0
0
0
0
1
0
0
0
0
0
1
0
0
0
0
0
0
0
0
0
0
0
0
0
0
0
0
0
0
0
1
0
0
0
0
0
0
1
0
0
0
0
0
0
0
1
0
0
0
0
0
0
0
0
0
0
0
0
0
0
0
0
0
0
0
0
0
0
0
0
0
0
0
0
1
0
0
1
0
0
0
0
0
0
0
0
0
0
0
0
0
0
2
0
0
0
0
0
0
0
0
0
0
0
0
0
0
0
0
0
0
1
0
0
0
0
1
0
1
0
0
0
0
1
0
0
0
0
0
0
0
0
0
0
0
0
0
0
0
0
0
0
0
0
0
0
0
0
0
0
0
0
0
0
0
0
0
0
0
0
0
0
0
0
0
0
0
0
0
0
0
0
0
1
0
1
0
0
1
0
0
0
0
0
0
0
0
0
0
0
0
0
0
0
0
0
0
0
0
0
0
0
0
0
0
0
0
0
0
0
0
0
0
0
0
0
0
0
0
0
0
0
0
0
0
0
0
0
0
0
1
0
0
0
0
0
0
0
0
0
0
0
0
0
0
0
0
0
0
0
0
0
1
0
0
0
0
0
0
0
0
0
0
0
0
0
0
0
0
0
1
0
0
0
1
0
0
0
0
0
0
0
0
0
0
0
0
0
0
0
0
0
0
0
0
0
0
0
0
0
0
0
1
0
0
0
0
0
0
0
0
0
0
0
0
0
0
0
0
0
0
0
0
0
0
0
0
0
0
0
0
0
0
0
0
0
0
0
0
1
0
0
0
0
1
0
0
0
0
0
0
1
1
0
0
0
0
0
0
0
0
0
0
0
0
0
0
0
0
0
0
0
0
1
0
0
1
0
0
0
0
0
0
0
1
0
0
0
0
0
0
0
0
0
0
0
0
0
0
0
0
0
0
0
0
1
0
0
0
0
0
0
0
0
0
0
0
0
0
0
0
0
0
0
0
0
0
0
0
0
0
0
0
0
0
0
0
1
0
0
0
0
1
0
1
0
0
0
1
0
0
0
0
0
0
0
0
0
0
0
0
0
0
0
0
0
0
0
0
1
0
0
0
0
0
0
0
0
0
0
0
0
0
0
1
0
0
0
0
0
0
0
1
0
0
0
0
0
0
0
0
0
0
0
0
1
0
0
0
0
0
0
0
0
0
1
0
0
0
0
0
0
0
0
0
0
0
0
0
0
0
0
0
0
0
0
0
1
0
1
0
0
0
0
0
0
0
0
0
1
0
0
0
0
0
0
0
0
0
0
0
0
0
0
0
0
0
1
0
0
0
0
0
0
0
0
0
0
0
0
0
0
0
0
0
0
1
0
0
0
0
0
0
0
0
0
0
0
0
0
0
0
0
0
0
0
0
0
0
0
0
0
0
0
0
0
1
0
0
0
0
0
0
0
0
0
0
0
0
0
0
0
0
0
0
0
1
0
0
0
0
0
0
0
1
0
0
0
1
0
0
0
0
0
0
0
0
0
0
0
0
0
0
0
0
0
0
0
1
0
0
0
0
0
0
0
0
0
0
0
0
0
0
0
0
0
0
0
0
0
0
0
0
0
0
0
0
0
1
0
0
0
0
0
0
0
0
0
0
0
0
0
0
0
0
0
1
0
0
0
0
0
0
0
0
0
0
0
0
0
0
0
0
0
0
0
0
0
0
0
0
0
0
0
1
0
0
0
0
0
0
0
0
0
0
0
0
0
0
0
0
0
0
1
0
0
0
1
0
0
1
0
0
0
0
0
0
0
0
0
0
0
0
0
0
0
0
0
0
1
0
0
0
0
0
0
0
0
0
0
0
0
0
0
0
0
0
0
1
0
0
0
0
0
0
0
0
0
0
0
0
0
0
0
0
0
0
0
0
0
0
0
0
0
0
0
0
0
0
0
0
0
0
0
0
0
0
0
0
1
0
0
0
0
0
0
0
0
0
0
0
0
0
0
0
0
0
0
0
0
0
0
0
0
2
0
0
0
0
0
0
0
0
0
0
0
0
0
0
0
0
0
0
0
2
1
0
0
0
0
0
0
0
0
0
0
0
0
1
0
0
0
0
0
0
0
0
0
0
0
0
0
0
0
0
0
0
0
0
0
1
0
0
0
1
0
0
0
0
0
0
0
0
0
0
0
0
0
0
0
0
0
0
1
0
0
0
0
0
0
0
0
0
0
0
0
0
0
0
0
0
0
0
0
0
0
0
0
0
0
0
0
0
0
0
0
0
0
0
0
0
0
0
0
0
0
0
0
0
0
0
0
0
0
0
0
0
0
0
0
0
0
0
0
0
0
0
0
0
0
1
0
0
0
0
0
0
0
0
0
0
0
0
0
0
0
0
0
0
0
0
1
0
0
0
0
0
0
0
0
0
0
0
0
0
0
0
0
0
0
0
0
0
0
0
0
0
0
0
0
0
0
0
0
0
0
0
0
0
0
0
0
0
0
0
0
0
0
0
0
0
0
0
0
0
0
0
0
0
0
0
0
0
0
0
0
0
0
0
0
0
0
0
0
0
0
0
0
0
0
0
0
0
0
0
0
0
0
0
0
0
0
0
0
0
0
0
0
0
0
0
0
0
0
0
0
0
0
0
0
0
0
0
0
0
0
0
0
0
0
0
0
0
0
0
0
0
0
0
0
0
0
0
0
0
0
0
0
0
0
0
1
0
0
0
0
0
0
0
0
1
0
0
0
0
0
0
0
0
0
0
0
0
0
0
0
0
0
0
0
0
0
0
0
0
1
0
0
0
0
0
0
0
0
0
0
0
0
0
0
0
0
0
0
0
0
0
0
0
0
0
0
0
0
0
0
0
0
0
0
0
0
0
0
0
0
0
0
0
0
0
0
0
0
0
1
0
0
0
0
1
1
0
0
0
0
0
0
0
0
0
0
0
0
0
0
0
0
0
0
0
0
0
0
0
0
0
0
0
0
0
0
0
0
0
0
0
0
0
0
0
0
0
0
1
0
0
0
0
0
0
0
1
0
0
0
0
0
0
0
1
0
0
0
0
0
0
0
0
0
0
0
0
0
0
0
0
0
0
0
0
0
0
0
1
0
0
0
0
0
0
0
0
0
0
0
0
0
0
1
0
0
0
0
0
0
0
0
0
0
0
0
0
0
0
0
0
0
0
1
0
0
0
0
0
0
0
0
0
0
0
0
0
0
0
0
0
0
0
1
0
0
0
0
0
0
0
0
0
0
0
0
0
0
0
0
0
0
0
0
0
0
0
0
0
0
0
0
0
0
0
0
1
0
0
0
0
0
0
0
0
0
0
0
0
0
0
0
0
1
0
0
0
0
0
0
0
0
0
0
0
0
0
0
0
0
0
0
0
0
0
0
0
0
0
0
0
0
0
0
0
0
0
0
0
0
0
0
0
0
0
0
0
0
1
0
0
0
0
0
0
0
0
0
0
0
0
0
0
0
0
0
0
0
0
1
0
0
0
0
0
0
0
0
0
0
0
0
0
0
0
0
0
0
0
0
0
0
0
0
0
0
0
0
0
0
0
0
0
0
0
0
0
0
0
0
0
0
0
0
0
0
0
0
0
0
0
0
0
0
0
0
0
1
0
0
0
0
0
0
0
0
0
0
0
0
0
272
