0	0
1	0
2	0
3	0
4	0
5	0
6	0
7	0
8	0
9	0
10	0
11	0
12	0
13	0
14	0
15	0
16	0
17	0
18	0
19	0
20	0
21	0
22	0
23	0
24	0
25	0
26	0
27	0
28	0
29	0
30	0
31	0
32	0
33	0
34	0
35	0
36	0
37	0
38	0
39	0
40	0
41	0
42	0
43	0
44	0
45	0
46	0
47	0
48	0
49	0
50	0
51	0
52	0
53	0
54	0
55	0
56	0
57	0
58	0
59	0
60	0
61	0
62	0
63	0
64	0
65	0
66	0
67	0
68	0
69	0
70	0
71	0
72	0
73	0
74	0
75	0
76	0
77	0
78	0
79	0
80	0
81	0
82	0
83	0
84	0
85	0
86	0
87	0
88	0
89	0
90	0
91	0
92	0
93	0
94	0
95	0
96	0
97	0
98	0
99	0
100	0
101	0
102	0
103	0
104	0
105	0
106	0
107	0
108	0
109	0
110	0
111	0
112	0
113	0
114	0
115	0
116	0
117	0
118	0
119	1
120	1
121	1
122	0
123	0
124	0
125	1
126	0
127	1
128	0
129	0
130	0
131	1
132	0
133	1
134	1
135	1
136	0
137	0
138	2
139	2
140	2
141	2
142	0
143	1
144	0
145	2
146	1
147	0
148	1
149	1
150	1
151	2
152	0
153	2
154	1
155	0
156	1
157	1
158	2
159	1
160	1
161	1
162	0
163	0
164	2
165	0
166	0
167	2
168	0
169	0
170	1
171	0
172	1
173	2
174	1
175	1
176	2
177	0
178	1
179	0
180	1
181	1
182	0
183	0
184	2
185	0
186	1
187	0
188	1
189	2
190	1
191	2
192	0
193	0
194	0
195	3
196	0
197	1
198	2
199	1
200	0
201	1
202	1
203	0
204	4
205	3
206	0
207	0
208	1
209	1
210	0
211	1
212	1
213	0
214	0
215	1
216	0
217	2
218	2
219	0
220	2
221	1
222	1
223	0
224	1
225	2
226	0
227	2
228	3
229	3
230	1
231	0
232	3
233	3
234	1
235	2
236	0
237	0
238	0
239	1
240	2
241	2
242	1
243	1
244	0
245	0
246	2
247	3
248	1
249	0
250	1
251	1
252	1
253	0
254	1
255	0
256	2
257	0
258	2
259	1
260	1
261	0
262	1
263	1
264	0
265	2
266	0
267	1
268	0
269	1
270	1
271	3
272	2
273	0
274	1
275	0
276	0
277	0
278	1
279	1
280	0
281	0
282	2
283	1
284	3
285	0
286	0
287	0
288	0
289	0
290	1
291	2
292	0
293	1
294	1
295	0
296	1
297	0
298	2
299	0
300	1
301	1
302	0
303	1
304	1
305	1
306	0
307	3
308	2
309	0
310	0
311	2
312	0
313	1
314	3
315	0
316	1
317	4
318	0
319	0
320	1
321	1
322	0
323	0
324	5
325	0
326	0
327	2
328	1
329	3
330	3
331	1
332	0
333	0
334	1
335	1
336	0
337	1
338	2
339	0
340	2
341	0
342	0
343	1
344	1
345	1
346	2
347	0
348	0
349	3
350	1
351	0
352	0
353	0
354	1
355	2
356	1
357	2
358	0
359	1
360	0
361	2
362	3
363	0
364	1
365	2
366	0
367	1
368	0
369	0
370	0
371	1
372	1
373	0
374	0
375	0
376	1
377	1
378	1
379	0
380	2
381	0
382	4
383	3
384	2
385	1
386	3
387	0
388	2
389	0
390	0
391	0
392	1
393	1
394	0
395	0
396	1
397	1
398	2
399	0
400	0
401	0
402	0
403	1
404	1
405	1
406	0
407	2
408	1
409	1
410	1
411	0
412	1
413	0
414	1
415	2
416	4
417	0
418	0
419	0
420	0
421	1
422	1
423	2
424	0
425	1
426	2
427	1
428	0
429	0
430	1
431	1
432	0
433	2
434	0
435	1
436	2
437	0
438	0
439	2
440	2
441	1
442	1
443	1
444	1
445	0
446	0
447	2
448	2
449	1
450	3
451	2
452	1
453	1
454	0
455	1
456	0
457	1
458	0
459	1
460	0
461	1
462	1
463	2
464	2
465	0
466	0
467	2
468	1
469	2
470	0
471	1
472	1
473	3
474	0
475	2
476	0
477	0
478	0
479	1
480	2
481	0
482	1
483	2
484	1
485	0
486	1
487	2
488	0
489	0
490	1
491	0
492	2
493	1
494	2
495	2
496	0
497	2
498	1
499	2
500	0
501	1
502	1
503	1
504	1
505	1
506	0
507	2
508	3
509	1
510	3
511	3
512	0
513	2
514	1
515	0
516	2
517	0
518	1
519	0
520	1
521	2
522	1
523	0
524	0
525	1
526	2
527	6
528	2
529	0
530	0
531	2
532	2
533	0
534	1
535	2
536	1
537	2
538	0
539	0
540	0
541	0
542	1
543	0
544	3
545	1
546	1
547	0
548	1
549	2
550	1
551	1
552	0
553	1
554	1
555	1
556	1
557	1
558	2
559	0
560	0
561	3
562	1
563	0
564	1
565	1
566	0
567	0
568	2
569	2
570	0
571	1
572	0
573	3
574	0
575	4
576	3
577	0
578	0
579	1
580	0
581	3
582	0
583	2
584	0
585	2
586	2
587	0
588	1
589	0
590	0
591	5
592	2
593	0
594	1
595	1
596	1
597	4
598	0
599	2
600	0
601	6
602	0
603	2
604	3
605	1
606	2
607	0
608	1
609	0
610	1
611	2
612	0
613	1
614	0
615	2
616	0
617	0
618	1
619	0
620	2
621	2
622	1
623	0
624	2
625	3
626	4
627	1
628	0
629	0
630	3
631	0
632	0
633	2
634	2
635	3
636	0
637	1
638	1
639	1
640	2
641	0
642	1
643	0
644	3
645	3
646	1
647	2
648	0
649	1
650	1
651	0
652	2
653	1
654	0
655	0
656	0
657	0
658	3
659	0
660	2
661	2
662	2
663	1
664	2
665	0
666	0
667	0
668	0
669	0
670	4
671	0
672	0
673	2
674	1
675	1
676	3
677	3
678	1
679	1
680	4
681	3
682	0
683	0
684	2
685	1
686	1
687	4
688	1
689	2
690	1
691	2
692	1
693	0
694	1
695	2
696	1
697	0
698	0
699	2
700	3
701	2
702	0
703	0
704	0
705	1
706	1
707	0
708	1
709	1
710	1
711	1
712	1
713	0
714	0
715	3
716	3
717	0
718	0
719	0
720	0
721	1
722	0
723	3
724	0
725	1
726	0
727	0
728	1
729	0
730	0
731	0
732	1
733	1
734	3
735	1
736	3
737	2
738	3
739	5
740	1
741	0
742	1
743	2
744	2
745	2
746	2
747	0
748	0
749	3
750	0
751	2
752	5
753	2
754	1
755	1
756	2
757	0
758	1
759	3
760	0
761	0
762	1
763	2
764	3
765	0
766	5
767	1
768	2
769	0
770	2
771	1
772	3
773	0
774	0
775	3
776	7
777	0
778	2
779	0
780	0
781	3
782	2
783	1
784	1
785	2
786	1
787	0
788	1
789	2
790	0
791	0
792	0
793	1
794	2
795	2
796	2
797	1
798	3
799	1
800	4
801	1
802	2
803	1
804	1
805	1
806	2
807	2
808	0
809	3
810	0
811	2
812	3
813	1
814	0
815	4
816	2
817	1
818	1
819	0
820	2
821	1
822	0
823	2
824	1
825	0
826	0
827	1
828	1
829	0
830	1
831	4
832	2
833	3
834	1
835	2
836	2
837	3
838	1
839	1
840	1
841	2
842	1
843	1
844	0
845	0
846	2
847	2
848	2
849	3
850	2
851	0
852	1
853	2
854	0
855	1
856	1
857	1
858	0
859	1
860	2
861	1
862	2
863	0
864	0
865	1
866	0
867	3
868	2
869	0
870	1
871	0
872	3
873	1
874	3
875	1
876	1
877	0
878	2
879	2
880	2
881	1
882	2
883	1
884	3
885	4
886	1
887	0
888	2
889	3
890	3
891	2
892	4
893	0
894	3
895	2
896	1
897	2
898	0
899	1
900	2
901	2
902	0
903	2
904	0
905	2
906	1
907	1
908	2
909	0
910	1
911	0
912	2
913	0
914	2
915	0
916	0
917	2
918	1
919	3
920	1
921	1
922	2
923	1
924	0
925	1
926	1
927	1
928	1
929	3
930	1
931	3
932	2
933	1
934	4
935	3
936	2
937	1
938	0
939	1
940	0
941	0
942	3
943	3
944	2
945	4
946	1
947	2
948	3
949	2
950	3
951	1
952	2
953	2
954	2
955	1
956	2
957	0
958	2
959	1
960	0
961	2
962	0
963	1
964	0
965	5
966	2
967	2
968	2
969	1
970	1
971	0
972	3
973	0
974	0
975	3
976	4
977	1
978	2
979	5
980	0
981	2
982	1
983	3
984	2
985	1
986	6
987	4
988	0
989	0
990	1
991	1
992	1
993	0
994	3
995	0
996	4
997	2
998	1
999	2
1000	3
1001	2
1002	4
1003	0
1004	1
1005	2
1006	1
1007	2
1008	2
1009	3
1010	1
1011	3
1012	1
1013	3
1014	1
1015	2
1016	4
1017	1
1018	1
1019	4
1020	1
1021	2
1022	1
1023	1
1024	1
1025	1
1026	4
1027	1
1028	0
1029	1
1030	2
1031	2
1032	4
1033	3
1034	2
1035	0
1036	1
1037	1
1038	4
1039	4
1040	2
1041	2
1042	2
1043	2
1044	1
1045	4
1046	2
1047	2
1048	2
1049	7
1050	3
1051	1
1052	4
1053	2
1054	4
1055	4
1056	4
1057	1
1058	0
1059	3
1060	4
1061	1
1062	1
1063	5
1064	2
1065	4
1066	6
1067	2
1068	2
1069	3
1070	1
1071	1
1072	3
1073	4
1074	1
1075	5
1076	0
1077	4
1078	3
1079	3
1080	3
1081	3
1082	4
1083	2
1084	3
1085	4
1086	2
1087	4
1088	2
1089	2
1090	1
1091	3
1092	2
1093	2
1094	1
1095	0
1096	8
1097	3
1098	4
1099	1
1100	2
1101	8
1102	5
1103	5
1104	5
1105	0
1106	2
1107	6
1108	6
1109	2
1110	1
1111	2
1112	5
1113	4
1114	3
1115	3
1116	7
1117	6
1118	3
1119	9
1120	4
1121	3
1122	6
1123	4
1124	5
1125	6
1126	10
1127	5
1128	2
1129	6
1130	8
1131	7
1132	4
1133	2
1134	2
1135	7
1136	3
1137	6
1138	2
1139	2
1140	8
1141	6
1142	5
1143	6
1144	4
1145	2
1146	5
1147	6
1148	4
1149	5
1150	6
1151	5
1152	5
1153	6
1154	7
1155	10
1156	2
1157	4
1158	4
1159	6
1160	5
1161	4
1162	5
1163	7
1164	5
1165	2
1166	7
1167	8
1168	7
1169	6
1170	6
1171	7
1172	4
1173	8
1174	6
1175	9
1176	7
1177	4
1178	7
1179	8
1180	9
1181	5
1182	7
1183	10
1184	6
1185	6
1186	2
1187	8
1188	6
1189	5
1190	11
1191	11
1192	13
1193	9
1194	8
1195	6
1196	9
1197	6
1198	13
1199	8
1200	13
1201	11
1202	11
1203	10
1204	9
1205	5
1206	8
1207	8
1208	9
1209	8
1210	3
1211	13
1212	5
1213	5
1214	11
1215	6
1216	8
1217	12
1218	11
1219	10
1220	11
1221	10
1222	12
1223	11
1224	6
1225	10
1226	14
1227	3
1228	10
1229	11
1230	16
1231	8
1232	7
1233	16
1234	11
1235	18
1236	9
1237	8
1238	12
1239	17
1240	10
1241	15
1242	12
1243	15
1244	11
1245	18
1246	18
1247	18
1248	18
1249	10
1250	16
1251	11
1252	15
1253	16
1254	13
1255	15
1256	13
1257	10
1258	17
1259	16
1260	12
1261	15
1262	15
1263	16
1264	18
1265	18
1266	16
1267	10
1268	16
1269	16
1270	18
1271	16
1272	22
1273	13
1274	11
1275	24
1276	14
1277	16
1278	20
1279	16
1280	25
1281	13
1282	21
1283	22
1284	22
1285	20
1286	19
1287	15
1288	21
1289	19
1290	19
1291	23
1292	11
1293	13
1294	15
1295	18
1296	20
1297	27
1298	14
1299	13
1300	21
1301	20
1302	22
1303	20
1304	20
1305	20
1306	31
1307	24
1308	23
1309	22
1310	28
1311	26
1312	15
1313	22
1314	23
1315	27
1316	16
1317	34
1318	30
1319	27
1320	27
1321	23
1322	25
1323	35
1324	22
1325	30
1326	23
1327	27
1328	36
1329	31
1330	19
1331	18
1332	31
1333	27
1334	20
1335	20
1336	16
1337	27
1338	33
1339	22
1340	28
1341	25
1342	38
1343	31
1344	35
1345	39
1346	25
1347	25
1348	33
1349	27
1350	30
1351	32
1352	35
1353	33
1354	37
1355	23
1356	40
1357	39
1358	41
1359	36
1360	39
1361	35
1362	32
1363	41
1364	38
1365	33
1366	31
1367	39
1368	31
1369	50
1370	41
1371	34
1372	33
1373	36
1374	36
1375	33
1376	33
1377	47
1378	41
1379	41
1380	34
1381	49
1382	50
1383	31
1384	40
1385	37
1386	30
1387	44
1388	46
1389	33
1390	36
1391	37
1392	46
1393	57
1394	34
1395	59
1396	46
1397	46
1398	38
1399	53
1400	44
1401	42
1402	43
1403	38
1404	53
1405	44
1406	54
1407	43
1408	49
1409	55
1410	52
1411	63
1412	54
1413	54
1414	62
1415	48
1416	48
1417	46
1418	48
1419	42
1420	52
1421	47
1422	55
1423	53
1424	64
1425	65
1426	63
1427	56
1428	45
1429	47
1430	59
1431	55
1432	57
1433	48
1434	57
1435	64
1436	71
1437	62
1438	62
1439	61
1440	60
1441	63
1442	56
1443	79
1444	76
1445	59
1446	62
1447	55
1448	59
1449	54
1450	58
1451	76
1452	81
1453	64
1454	70
1455	56
1456	73
1457	58
1458	50
1459	60
1460	70
1461	74
1462	63
1463	78
1464	89
1465	73
1466	71
1467	64
1468	64
1469	79
1470	68
1471	70
1472	63
1473	70
1474	63
1475	62
1476	78
1477	62
1478	81
1479	58
1480	74
1481	80
1482	72
1483	81
1484	82
1485	77
1486	84
1487	98
1488	67
1489	75
1490	81
1491	89
1492	75
1493	72
1494	79
1495	73
1496	86
1497	86
1498	87
1499	80
1500	86
1501	88
1502	89
1503	90
1504	86
1505	82
1506	95
1507	103
1508	88
1509	83
1510	88
1511	89
1512	97
1513	86
1514	91
1515	105
1516	79
1517	102
1518	102
1519	113
1520	87
1521	83
1522	96
1523	107
1524	99
1525	95
1526	112
1527	114
1528	90
1529	85
1530	89
1531	91
1532	98
1533	106
1534	107
1535	85
1536	111
1537	105
1538	112
1539	89
1540	110
1541	85
1542	119
1543	115
1544	120
1545	106
1546	113
1547	96
1548	103
1549	102
1550	129
1551	119
1552	109
1553	115
1554	98
1555	99
1556	115
1557	105
1558	103
1559	97
1560	124
1561	122
1562	114
1563	120
1564	115
1565	98
1566	116
1567	137
1568	101
1569	131
1570	126
1571	120
1572	126
1573	112
1574	111
1575	117
1576	130
1577	135
1578	140
1579	128
1580	125
1581	133
1582	128
1583	127
1584	119
1585	141
1586	124
1587	121
1588	123
1589	149
1590	135
1591	135
1592	118
1593	126
1594	125
1595	123
1596	116
1597	139
1598	114
1599	125
1600	143
1601	143
1602	132
1603	145
1604	147
1605	154
1606	136
1607	142
1608	136
1609	129
1610	133
1611	143
1612	134
1613	143
1614	143
1615	142
1616	145
1617	132
1618	136
1619	128
1620	138
1621	140
1622	137
1623	149
1624	138
1625	168
1626	157
1627	148
1628	115
1629	143
1630	129
1631	145
1632	145
1633	151
1634	146
1635	139
1636	150
1637	152
1638	169
1639	140
1640	157
1641	174
1642	142
1643	153
1644	135
1645	162
1646	159
1647	177
1648	136
1649	173
1650	173
1651	179
1652	156
1653	151
1654	149
1655	160
1656	167
1657	150
1658	168
1659	179
1660	180
1661	171
1662	162
1663	180
1664	167
1665	167
1666	152
1667	155
1668	172
1669	174
1670	188
1671	149
1672	150
1673	164
1674	187
1675	198
1676	175
1677	193
1678	186
1679	168
1680	153
1681	168
1682	168
1683	158
1684	174
1685	147
1686	183
1687	173
1688	171
1689	173
1690	183
1691	191
1692	173
1693	167
1694	165
1695	155
1696	186
1697	181
1698	189
1699	226
1700	174
1701	180
1702	204
1703	180
1704	160
1705	160
1706	189
1707	207
1708	172
1709	190
1710	181
1711	226
1712	181
1713	194
1714	195
1715	205
1716	181
1717	208
1718	188
1719	172
1720	212
1721	201
1722	223
1723	169
1724	186
1725	205
1726	181
1727	175
1728	187
1729	225
1730	202
1731	234
1732	196
1733	218
1734	200
1735	213
1736	203
1737	210
1738	215
1739	212
1740	228
1741	198
1742	194
1743	216
1744	202
1745	216
1746	193
1747	234
1748	247
1749	218
1750	192
1751	210
1752	199
1753	208
1754	215
1755	206
1756	210
1757	204
1758	220
1759	228
1760	234
1761	230
1762	217
1763	255
1764	222
1765	211
1766	207
1767	244
1768	223
1769	203
1770	223
1771	237
1772	227
1773	227
1774	239
1775	227
1776	213
1777	248
1778	204
1779	257
1780	210
1781	235
1782	205
1783	248
1784	223
1785	245
1786	236
1787	242
1788	240
1789	255
1790	206
1791	236
1792	219
1793	224
1794	217
1795	206
1796	225
1797	226
1798	230
1799	238
1800	214
1801	253
1802	263
1803	277
1804	252
1805	247
1806	236
1807	229
1808	250
1809	268
1810	234
1811	272
1812	240
1813	250
1814	255
1815	238
1816	235
1817	231
1818	249
1819	226
1820	248
1821	247
1822	236
1823	253
1824	228
1825	223
1826	247
1827	265
1828	238
1829	241
1830	223
1831	223
1832	247
1833	245
1834	281
1835	259
1836	236
1837	243
1838	252
1839	242
1840	232
1841	211
1842	291
1843	243
1844	243
1845	270
1846	261
1847	244
1848	233
1849	248
1850	266
1851	250
1852	267
1853	285
1854	247
1855	251
1856	264
1857	265
1858	291
1859	274
1860	251
1861	253
1862	280
1863	243
1864	260
1865	267
1866	285
1867	250
1868	268
1869	274
1870	275
1871	274
1872	260
1873	283
1874	242
1875	233
1876	269
1877	267
1878	312
1879	274
1880	300
1881	260
1882	250
1883	289
1884	276
1885	281
1886	261
1887	267
1888	283
1889	264
1890	244
1891	243
1892	283
1893	284
1894	287
1895	266
1896	263
1897	273
1898	289
1899	287
1900	286
1901	276
1902	285
1903	289
1904	254
1905	273
1906	296
1907	291
1908	257
1909	295
1910	255
1911	265
1912	297
1913	291
1914	289
1915	270
1916	265
1917	277
1918	283
1919	283
1920	301
1921	252
1922	268
1923	294
1924	289
1925	262
1926	273
1927	292
1928	278
1929	288
1930	257
1931	308
1932	291
1933	268
1934	264
1935	289
1936	279
1937	283
1938	285
1939	314
1940	277
1941	293
1942	304
1943	290
1944	256
1945	264
1946	292
1947	285
1948	297
1949	325
1950	274
1951	314
1952	274
1953	263
1954	304
1955	279
1956	306
1957	249
1958	281
1959	302
1960	338
1961	257
1962	284
1963	314
1964	298
1965	316
1966	287
1967	300
1968	299
1969	277
1970	307
1971	282
1972	305
1973	281
1974	264
1975	306
1976	304
1977	289
1978	284
1979	285
1980	276
1981	305
1982	304
1983	291
1984	307
1985	311
1986	337
1987	281
1988	281
1989	314
1990	273
1991	296
1992	317
1993	292
1994	323
1995	285
1996	282
1997	274
1998	290
1999	303
2000	288
2001	298
2002	281
2003	274
2004	293
2005	309
2006	302
2007	293
2008	285
2009	342
2010	287
2011	283
2012	286
2013	322
2014	327
2015	285
2016	281
2017	297
2018	306
2019	312
2020	288
2021	309
2022	297
2023	284
2024	313
2025	277
2026	305
2027	307
2028	304
2029	299
2030	309
2031	293
2032	321
2033	268
2034	316
2035	292
2036	297
2037	266
2038	305
2039	310
2040	312
2041	296
2042	290
2043	329
2044	315
2045	322
2046	321
2047	330
2048	273
2049	309
2050	312
2051	330
2052	291
2053	277
2054	325
2055	285
2056	304
2057	304
2058	307
2059	293
2060	273
2061	297
2062	280
2063	298
2064	314
2065	275
2066	287
2067	329
2068	329
2069	312
2070	331
2071	299
2072	289
2073	297
2074	302
2075	265
2076	295
2077	279
2078	307
2079	298
2080	311
2081	323
2082	322
2083	333
2084	303
2085	313
2086	330
2087	313
2088	290
2089	337
2090	320
2091	333
2092	312
2093	272
2094	314
2095	307
2096	298
2097	305
2098	309
2099	292
2100	346
2101	329
2102	315
2103	325
2104	338
2105	301
2106	308
2107	327
2108	317
2109	299
2110	278
2111	302
2112	307
2113	306
2114	293
2115	321
2116	369
2117	301
2118	284
2119	301
2120	341
2121	318
2122	320
2123	323
2124	262
2125	308
2126	296
2127	325
2128	344
2129	303
2130	333
2131	280
2132	308
2133	292
2134	305
2135	322
2136	323
2137	314
2138	270
2139	294
2140	267
2141	335
2142	316
2143	334
2144	295
2145	299
2146	300
2147	333
2148	316
2149	329
2150	301
2151	318
2152	317
2153	337
2154	338
2155	299
2156	332
2157	344
2158	304
2159	320
2160	328
2161	324
2162	271
2163	308
2164	303
2165	309
2166	314
2167	319
2168	316
2169	279
2170	299
2171	335
2172	301
2173	316
2174	320
2175	319
2176	295
2177	318
2178	314
2179	288
2180	311
2181	299
2182	339
2183	307
2184	324
2185	304
2186	293
2187	267
2188	285
2189	317
2190	324
2191	310
2192	319
2193	324
2194	302
2195	320
2196	309
2197	324
2198	338
2199	323
2200	334
2201	331
2202	330
2203	328
2204	320
2205	328
2206	309
2207	336
2208	298
2209	303
2210	280
2211	328
2212	291
2213	324
2214	318
2215	321
2216	329
2217	310
2218	318
2219	315
2220	308
2221	312
2222	293
2223	295
2224	329
2225	303
2226	316
2227	316
2228	310
2229	309
2230	289
2231	328
2232	341
2233	310
2234	321
2235	316
2236	316
2237	331
2238	299
2239	317
2240	328
2241	311
2242	320
2243	285
2244	311
2245	316
2246	310
2247	345
2248	306
2249	324
2250	320
2251	296
2252	328
2253	313
2254	308
2255	301
2256	309
2257	306
2258	316
2259	340
2260	294
2261	288
2262	320
2263	317
2264	291
2265	313
2266	299
2267	315
2268	279
2269	304
2270	284
2271	273
2272	297
2273	315
2274	295
2275	307
2276	308
2277	300
2278	285
2279	296
2280	305
2281	305
2282	306
2283	299
2284	300
2285	304
2286	274
2287	311
2288	305
2289	302
2290	323
2291	287
2292	275
2293	278
2294	282
2295	272
2296	298
2297	309
2298	293
2299	290
2300	323
2301	282
2302	308
2303	298
2304	323
2305	310
2306	270
2307	330
2308	279
2309	288
2310	280
2311	262
2312	294
2313	330
2314	259
2315	330
2316	273
2317	305
2318	316
2319	281
2320	291
2321	265
2322	284
2323	282
2324	309
2325	293
2326	288
2327	297
2328	304
2329	278
2330	296
2331	287
2332	332
2333	273
2334	260
2335	279
2336	260
2337	275
2338	296
2339	294
2340	292
2341	298
2342	275
2343	271
2344	289
2345	279
2346	294
2347	288
2348	284
2349	286
2350	286
2351	280
2352	279
2353	280
2354	283
2355	279
2356	295
2357	305
2358	287
2359	288
2360	269
2361	276
2362	279
2363	276
2364	265
2365	313
2366	248
2367	283
2368	270
2369	289
2370	301
2371	287
2372	271
2373	270
2374	244
2375	283
2376	308
2377	268
2378	273
2379	288
2380	296
2381	272
2382	248
2383	303
2384	284
2385	250
2386	264
2387	293
2388	280
2389	290
2390	259
2391	264
2392	271
2393	251
2394	283
2395	265
2396	289
2397	251
2398	273
2399	255
2400	248
2401	234
2402	281
2403	263
2404	275
2405	275
2406	275
2407	256
2408	261
2409	272
2410	260
2411	259
2412	250
2413	261
2414	260
2415	251
2416	266
2417	258
2418	250
2419	236
2420	241
2421	264
2422	243
2423	246
2424	248
2425	300
2426	261
2427	276
2428	270
2429	250
2430	294
2431	248
2432	247
2433	270
2434	265
2435	282
2436	253
2437	263
2438	246
2439	258
2440	255
2441	275
2442	256
2443	269
2444	236
2445	259
2446	267
2447	218
2448	262
2449	221
2450	232
2451	245
2452	233
2453	263
2454	246
2455	266
2456	280
2457	250
2458	269
2459	265
2460	256
2461	259
2462	238
2463	252
2464	257
2465	263
2466	247
2467	258
2468	259
2469	234
2470	250
2471	236
2472	226
2473	243
2474	267
2475	267
2476	245
2477	219
2478	254
2479	241
2480	247
2481	274
2482	249
2483	247
2484	244
2485	271
2486	247
2487	270
2488	251
2489	268
2490	237
2491	256
2492	276
2493	240
2494	239
2495	234
2496	260
2497	248
2498	248
2499	250
2500	229
2501	246
2502	258
2503	250
2504	239
2505	235
2506	236
2507	250
2508	260
2509	245
2510	222
2511	242
2512	265
2513	252
2514	243
2515	232
2516	250
2517	254
2518	238
2519	195
2520	255
2521	244
2522	236
2523	248
2524	255
2525	251
2526	244
2527	278
2528	245
2529	256
2530	267
2531	235
2532	275
2533	269
2534	258
2535	249
2536	252
2537	230
2538	253
2539	248
2540	232
2541	231
2542	240
2543	242
2544	245
2545	241
2546	237
2547	252
2548	226
2549	242
2550	248
2551	244
2552	232
2553	256
2554	222
2555	246
2556	219
2557	243
2558	246
2559	228
2560	247
2561	248
2562	249
2563	218
2564	250
2565	228
2566	241
2567	224
2568	246
2569	236
2570	250
2571	203
2572	255
2573	232
2574	249
2575	237
2576	227
2577	235
2578	217
2579	225
2580	252
2581	216
2582	231
2583	227
2584	248
2585	226
2586	268
2587	244
2588	250
2589	256
2590	242
2591	247
2592	210
2593	225
2594	250
2595	233
2596	232
2597	256
2598	244
2599	248
2600	247
2601	232
2602	260
2603	226
2604	225
2605	252
2606	238
2607	224
2608	240
2609	231
2610	226
2611	249
2612	220
2613	218
2614	247
2615	245
2616	212
2617	270
2618	244
2619	220
2620	219
2621	266
2622	210
2623	239
2624	217
2625	226
2626	212
2627	189
2628	221
2629	244
2630	202
2631	236
2632	240
2633	250
2634	210
2635	202
2636	209
2637	228
2638	227
2639	207
2640	223
2641	216
2642	239
2643	205
2644	203
2645	193
2646	215
2647	228
2648	222
2649	224
2650	180
2651	217
2652	234
2653	238
2654	215
2655	239
2656	232
2657	207
2658	206
2659	211
2660	232
2661	234
2662	241
2663	220
2664	203
2665	219
2666	227
2667	229
2668	223
2669	227
2670	215
2671	203
2672	225
2673	227
2674	199
2675	220
2676	210
2677	203
2678	220
2679	233
2680	211
2681	224
2682	220
2683	198
2684	203
2685	227
2686	208
2687	223
2688	207
2689	221
2690	192
2691	193
2692	218
2693	200
2694	205
2695	215
2696	194
2697	205
2698	217
2699	186
2700	188
2701	201
2702	219
2703	206
2704	215
2705	217
2706	223
2707	217
2708	193
2709	212
2710	196
2711	187
2712	189
2713	209
2714	226
2715	197
2716	180
2717	220
2718	219
2719	179
2720	188
2721	203
2722	196
2723	200
2724	197
2725	206
2726	190
2727	181
2728	196
2729	189
2730	211
2731	170
2732	210
2733	214
2734	213
2735	199
2736	216
2737	190
2738	198
2739	194
2740	203
2741	195
2742	215
2743	207
2744	186
2745	204
2746	184
2747	189
2748	176
2749	184
2750	213
2751	207
2752	181
2753	190
2754	180
2755	187
2756	189
2757	179
2758	204
2759	201
2760	165
2761	204
2762	187
2763	191
2764	209
2765	194
2766	174
2767	200
2768	153
2769	199
2770	178
2771	169
2772	178
2773	185
2774	185
2775	206
2776	183
2777	168
2778	197
2779	189
2780	189
2781	176
2782	183
2783	162
2784	169
2785	208
2786	178
2787	186
2788	199
2789	204
2790	188
2791	198
2792	174
2793	204
2794	184
2795	158
2796	172
2797	151
2798	175
2799	177
2800	186
2801	185
2802	173
2803	178
2804	174
2805	181
2806	186
2807	180
2808	174
2809	181
2810	172
2811	194
2812	184
2813	155
2814	165
2815	150
2816	169
2817	181
2818	171
2819	166
2820	179
2821	187
2822	171
2823	175
2824	183
2825	193
2826	185
2827	180
2828	175
2829	175
2830	154
2831	191
2832	155
2833	164
2834	182
2835	154
2836	161
2837	180
2838	201
2839	180
2840	172
2841	170
2842	178
2843	162
2844	170
2845	146
2846	176
2847	175
2848	167
2849	173
2850	189
2851	160
2852	186
2853	163
2854	171
2855	172
2856	175
2857	200
2858	149
2859	173
2860	174
2861	193
2862	175
2863	184
2864	141
2865	158
2866	149
2867	174
2868	172
2869	158
2870	145
2871	150
2872	159
2873	170
2874	179
2875	165
2876	154
2877	153
2878	146
2879	162
2880	156
2881	151
2882	191
2883	172
2884	166
2885	179
2886	162
2887	172
2888	161
2889	187
2890	159
2891	171
2892	155
2893	163
2894	158
2895	158
2896	157
2897	143
2898	155
2899	157
2900	149
2901	160
2902	161
2903	167
2904	149
2905	159
2906	175
2907	168
2908	147
2909	144
2910	141
2911	155
2912	175
2913	148
2914	146
2915	139
2916	156
2917	151
2918	139
2919	157
2920	156
2921	161
2922	171
2923	135
2924	175
2925	143
2926	178
2927	144
2928	147
2929	165
2930	142
2931	150
2932	155
2933	166
2934	137
2935	140
2936	155
2937	166
2938	162
2939	159
2940	156
2941	143
2942	155
2943	163
2944	146
2945	160
2946	159
2947	161
2948	169
2949	169
2950	152
2951	160
2952	154
2953	115
2954	145
2955	158
2956	134
2957	131
2958	124
2959	169
2960	170
2961	152
2962	160
2963	142
2964	140
2965	153
2966	155
2967	129
2968	161
2969	125
2970	159
2971	151
2972	138
2973	145
2974	143
2975	135
2976	147
2977	160
2978	148
2979	146
2980	146
2981	168
2982	164
2983	144
2984	145
2985	135
2986	140
2987	148
2988	175
2989	148
2990	143
2991	133
2992	156
2993	144
2994	132
2995	164
2996	169
2997	149
2998	127
2999	158
3000	145
3001	128
3002	159
3003	146
3004	147
3005	140
3006	131
3007	140
3008	141
3009	143
3010	130
3011	141
3012	123
3013	120
3014	120
3015	147
3016	143
3017	148
3018	127
3019	129
3020	125
3021	114
3022	138
3023	151
3024	140
3025	112
3026	128
3027	132
3028	127
3029	115
3030	141
3031	117
3032	137
3033	161
3034	141
3035	131
3036	146
3037	127
3038	129
3039	114
3040	127
3041	122
3042	145
3043	117
3044	124
3045	132
3046	120
3047	131
3048	133
3049	140
3050	139
3051	103
3052	135
3053	136
3054	127
3055	125
3056	137
3057	91
3058	140
3059	122
3060	134
3061	117
3062	132
3063	135
3064	142
3065	134
3066	127
3067	125
3068	144
3069	126
3070	129
3071	127
3072	138
3073	108
3074	116
3075	121
3076	124
3077	125
3078	142
3079	124
3080	127
3081	114
3082	134
3083	124
3084	122
3085	146
3086	113
3087	120
3088	116
3089	117
3090	133
3091	133
3092	143
3093	130
3094	122
3095	128
3096	121
3097	109
3098	129
3099	107
3100	118
3101	121
3102	115
3103	119
3104	144
3105	128
3106	120
3107	120
3108	116
3109	108
3110	115
3111	132
3112	107
3113	114
3114	110
3115	110
3116	114
3117	120
3118	124
3119	111
3120	120
3121	130
3122	108
3123	111
3124	116
3125	107
3126	114
3127	119
3128	123
3129	120
3130	103
3131	113
3132	130
3133	114
3134	113
3135	122
3136	111
3137	115
3138	126
3139	102
3140	112
3141	106
3142	111
3143	106
3144	139
3145	116
3146	116
3147	119
3148	129
3149	125
3150	146
3151	100
3152	116
3153	107
3154	107
3155	126
3156	100
3157	111
3158	113
3159	95
3160	102
3161	99
3162	109
3163	124
3164	117
3165	104
3166	131
3167	119
3168	100
3169	126
3170	108
3171	96
3172	110
3173	106
3174	120
3175	96
3176	119
3177	115
3178	128
3179	108
3180	123
3181	110
3182	119
3183	94
3184	112
3185	134
3186	107
3187	114
3188	120
3189	89
3190	98
3191	96
3192	108
3193	98
3194	104
3195	137
3196	135
3197	116
3198	101
3199	110
3200	131
3201	91
3202	101
3203	128
3204	118
3205	98
3206	96
3207	126
3208	107
3209	109
3210	102
3211	128
3212	114
3213	92
3214	101
3215	109
3216	87
3217	96
3218	117
3219	98
3220	106
3221	112
3222	109
3223	98
3224	95
3225	103
3226	101
3227	105
3228	108
3229	120
3230	109
3231	101
3232	114
3233	85
3234	135
3235	100
3236	94
3237	120
3238	102
3239	102
3240	105
3241	116
3242	104
3243	126
3244	101
3245	109
3246	112
3247	101
3248	92
3249	106
3250	99
3251	102
3252	109
3253	102
3254	95
3255	116
3256	106
3257	106
3258	90
3259	91
3260	118
3261	111
3262	98
3263	99
3264	104
3265	101
3266	92
3267	111
3268	117
3269	100
3270	108
3271	109
3272	110
3273	109
3274	111
3275	107
3276	124
3277	106
3278	111
3279	102
3280	95
3281	100
3282	93
3283	114
3284	93
3285	112
3286	100
3287	100
3288	106
3289	109
3290	104
3291	119
3292	114
3293	110
3294	106
3295	96
3296	106
3297	92
3298	101
3299	112
3300	101
3301	99
3302	91
3303	90
3304	98
3305	105
3306	103
3307	99
3308	105
3309	96
3310	98
3311	95
3312	111
3313	96
3314	89
3315	100
3316	99
3317	96
3318	104
3319	117
3320	97
3321	85
3322	102
3323	105
3324	94
3325	96
3326	90
3327	100
3328	97
3329	94
3330	97
3331	95
3332	115
3333	94
3334	99
3335	76
3336	97
3337	101
3338	101
3339	98
3340	100
3341	75
3342	94
3343	86
3344	87
3345	105
3346	95
3347	79
3348	114
3349	82
3350	86
3351	101
3352	104
3353	73
3354	87
3355	90
3356	98
3357	93
3358	61
3359	92
3360	82
3361	86
3362	87
3363	91
3364	86
3365	78
3366	87
3367	96
3368	75
3369	97
3370	97
3371	104
3372	96
3373	89
3374	93
3375	80
3376	91
3377	78
3378	105
3379	83
3380	74
3381	96
3382	93
3383	78
3384	78
3385	80
3386	104
3387	78
3388	86
3389	75
3390	89
3391	76
3392	72
3393	96
3394	80
3395	69
3396	85
3397	89
3398	72
3399	82
3400	103
3401	78
3402	82
3403	81
3404	79
3405	65
3406	94
3407	70
3408	76
3409	78
3410	72
3411	81
3412	90
3413	89
3414	80
3415	79
3416	83
3417	80
3418	87
3419	73
3420	85
3421	78
3422	84
3423	91
3424	80
3425	79
3426	101
3427	80
3428	94
3429	72
3430	71
3431	76
3432	62
3433	97
3434	74
3435	75
3436	66
3437	52
3438	78
3439	62
3440	85
3441	84
3442	82
3443	76
3444	63
3445	60
3446	80
3447	58
3448	74
3449	85
3450	71
3451	74
3452	75
3453	73
3454	68
3455	96
3456	67
3457	70
3458	66
3459	79
3460	85
3461	75
3462	75
3463	80
3464	85
3465	66
3466	68
3467	63
3468	78
3469	79
3470	71
3471	84
3472	60
3473	75
3474	67
3475	61
3476	66
3477	75
3478	76
3479	77
3480	77
3481	63
3482	77
3483	72
3484	72
3485	58
3486	69
3487	73
3488	78
3489	64
3490	83
3491	70
3492	60
3493	75
3494	69
3495	76
3496	61
3497	73
3498	60
3499	65
3500	65
3501	69
3502	64
3503	62
3504	67
3505	73
3506	48
3507	65
3508	68
3509	75
3510	73
3511	66
3512	67
3513	73
3514	73
3515	60
3516	82
3517	57
3518	70
3519	59
3520	57
3521	66
3522	65
3523	67
3524	82
3525	77
3526	65
3527	63
3528	64
3529	67
3530	62
3531	61
3532	58
3533	61
3534	52
3535	65
3536	65
3537	72
3538	54
3539	64
3540	62
3541	58
3542	67
3543	67
3544	60
3545	57
3546	61
3547	62
3548	65
3549	66
3550	54
3551	61
3552	69
3553	65
3554	68
3555	53
3556	57
3557	54
3558	55
3559	72
3560	72
3561	77
3562	53
3563	59
3564	64
3565	71
3566	69
3567	62
3568	60
3569	53
3570	54
3571	76
3572	50
3573	53
3574	50
3575	52
3576	56
3577	47
3578	53
3579	63
3580	59
3581	63
3582	72
3583	58
3584	60
3585	49
3586	59
3587	61
3588	55
3589	65
3590	52
3591	61
3592	62
3593	57
3594	52
3595	62
3596	64
3597	53
3598	45
3599	53
3600	60
3601	58
3602	46
3603	53
3604	55
3605	72
3606	52
3607	61
3608	47
3609	64
3610	61
3611	59
3612	57
3613	68
3614	53
3615	46
3616	62
3617	63
3618	50
3619	64
3620	57
3621	37
3622	55
3623	58
3624	51
3625	71
3626	56
3627	54
3628	64
3629	57
3630	60
3631	62
3632	52
3633	47
3634	49
3635	48
3636	45
3637	64
3638	57
3639	52
3640	59
3641	64
3642	64
3643	52
3644	51
3645	65
3646	58
3647	60
3648	57
3649	70
3650	44
3651	57
3652	56
3653	48
3654	52
3655	45
3656	49
3657	45
3658	55
3659	51
3660	46
3661	59
3662	55
3663	64
3664	50
3665	54
3666	54
3667	61
3668	59
3669	55
3670	47
3671	45
3672	57
3673	62
3674	46
3675	54
3676	50
3677	50
3678	64
3679	50
3680	52
3681	53
3682	58
3683	40
3684	49
3685	49
3686	55
3687	58
3688	42
3689	58
3690	55
3691	60
3692	58
3693	61
3694	50
3695	50
3696	55
3697	60
3698	45
3699	49
3700	53
3701	59
3702	55
3703	57
3704	57
3705	49
3706	54
3707	53
3708	52
3709	45
3710	57
3711	50
3712	57
3713	51
3714	60
3715	65
3716	55
3717	64
3718	57
3719	52
3720	56
3721	50
3722	44
3723	58
3724	53
3725	60
3726	45
3727	50
3728	55
3729	50
3730	44
3731	53
3732	56
3733	55
3734	60
3735	60
3736	53
3737	43
3738	57
3739	59
3740	50
3741	52
3742	47
3743	54
3744	58
3745	46
3746	45
3747	50
3748	58
3749	61
3750	44
3751	37
3752	49
3753	50
3754	48
3755	56
3756	52
3757	45
3758	53
3759	44
3760	40
3761	58
3762	66
3763	53
3764	50
3765	46
3766	63
3767	52
3768	53
3769	51
3770	60
3771	47
3772	56
3773	60
3774	45
3775	53
3776	48
3777	40
3778	46
3779	51
3780	54
3781	55
3782	56
3783	53
3784	58
3785	59
3786	50
3787	43
3788	55
3789	47
3790	57
3791	51
3792	47
3793	54
3794	44
3795	52
3796	60
3797	50
3798	58
3799	60
3800	37
3801	50
3802	58
3803	49
3804	32
3805	51
3806	57
3807	39
3808	65
3809	47
3810	52
3811	53
3812	45
3813	49
3814	48
3815	47
3816	41
3817	63
3818	48
3819	49
3820	48
3821	54
3822	46
3823	50
3824	64
3825	39
3826	50
3827	46
3828	42
3829	44
3830	46
3831	54
3832	44
3833	47
3834	63
3835	45
3836	63
3837	53
3838	39
3839	53
3840	40
3841	39
3842	57
3843	48
3844	49
3845	52
3846	42
3847	41
3848	48
3849	50
3850	43
3851	46
3852	43
3853	49
3854	50
3855	48
3856	57
3857	49
3858	51
3859	41
3860	49
3861	60
3862	63
3863	38
3864	56
3865	45
3866	57
3867	33
3868	41
3869	45
3870	56
3871	49
3872	53
3873	34
3874	37
3875	37
3876	34
3877	51
3878	43
3879	41
3880	40
3881	36
3882	43
3883	44
3884	50
3885	45
3886	39
3887	61
3888	46
3889	48
3890	51
3891	33
3892	37
3893	42
3894	43
3895	54
3896	43
3897	42
3898	45
3899	38
3900	55
3901	43
3902	46
3903	49
3904	32
3905	34
3906	47
3907	30
3908	33
3909	35
3910	42
3911	42
3912	37
3913	49
3914	29
3915	45
3916	43
3917	39
3918	51
3919	36
3920	42
3921	35
3922	45
3923	41
3924	48
3925	50
3926	45
3927	44
3928	30
3929	43
3930	52
3931	46
3932	43
3933	32
3934	43
3935	42
3936	38
3937	50
3938	46
3939	49
3940	48
3941	46
3942	32
3943	46
3944	39
3945	35
3946	38
3947	45
3948	32
3949	39
3950	42
3951	33
3952	54
3953	31
3954	36
3955	39
3956	48
3957	44
3958	36
3959	41
3960	33
3961	44
3962	46
3963	26
3964	40
3965	50
3966	32
3967	49
3968	46
3969	46
3970	33
3971	32
3972	50
3973	40
3974	34
3975	30
3976	27
3977	41
3978	35
3979	33
3980	34
3981	42
3982	37
3983	42
3984	33
3985	35
3986	34
3987	29
3988	28
3989	38
3990	43
3991	35
3992	39
3993	31
3994	39
3995	34
3996	40
3997	41
3998	48
3999	28
4000	36
4001	28
4002	36
4003	33
4004	33
4005	42
4006	26
4007	40
4008	33
4009	27
4010	37
4011	38
4012	30
4013	36
4014	28
4015	31
4016	26
4017	46
4018	31
4019	28
4020	32
4021	25
4022	30
4023	41
4024	27
4025	28
4026	38
4027	44
4028	35
4029	41
4030	38
4031	26
4032	36
4033	32
4034	35
4035	34
4036	42
4037	30
4038	32
4039	38
4040	26
4041	32
4042	35
4043	31
4044	35
4045	32
4046	38
4047	35
4048	31
4049	31
4050	28
4051	43
4052	35
4053	33
4054	25
4055	39
4056	29
4057	30
4058	31
4059	31
4060	30
4061	38
4062	43
4063	41
4064	32
4065	44
4066	31
4067	23
4068	30
4069	32
4070	28
4071	29
4072	33
4073	29
4074	27
4075	30
4076	18
4077	21
4078	36
4079	26
4080	33
4081	21
4082	35
4083	32
4084	44
4085	35
4086	28
4087	38
4088	31
4089	35
4090	36
4091	29
4092	35
4093	28
4094	24
4095	42
4096	22
4097	29
4098	32
4099	35
4100	25
4101	21
4102	27
4103	20
4104	27
4105	25
4106	28
4107	34
4108	25
4109	35
4110	35
4111	22
4112	32
4113	27
4114	30
4115	25
4116	31
4117	29
4118	31
4119	33
4120	25
4121	19
4122	14
4123	28
4124	24
4125	32
4126	30
4127	37
4128	24
4129	26
4130	22
4131	39
4132	31
4133	35
4134	32
4135	25
4136	36
4137	29
4138	28
4139	28
4140	41
4141	23
4142	27
4143	29
4144	20
4145	33
4146	30
4147	25
4148	21
4149	21
4150	27
4151	25
4152	31
4153	28
4154	33
4155	31
4156	24
4157	32
4158	30
4159	30
4160	31
4161	34
4162	25
4163	26
4164	38
4165	39
4166	28
4167	33
4168	23
4169	24
4170	40
4171	28
4172	26
4173	34
4174	28
4175	22
4176	28
4177	27
4178	34
4179	32
4180	32
4181	29
4182	28
4183	22
4184	21
4185	29
4186	19
4187	25
4188	33
4189	23
4190	28
4191	37
4192	25
4193	33
4194	27
4195	26
4196	32
4197	21
4198	14
4199	29
4200	22
4201	29
4202	21
4203	21
4204	29
4205	28
4206	29
4207	27
4208	27
4209	24
4210	26
4211	31
4212	28
4213	28
4214	21
4215	25
4216	17
4217	24
4218	16
4219	22
4220	33
4221	33
4222	23
4223	27
4224	23
4225	27
4226	14
4227	24
4228	20
4229	28
4230	20
4231	33
4232	20
4233	19
4234	28
4235	18
4236	22
4237	23
4238	22
4239	28
4240	31
4241	33
4242	23
4243	28
4244	24
4245	32
4246	29
4247	29
4248	29
4249	21
4250	31
4251	31
4252	26
4253	27
4254	29
4255	31
4256	30
4257	22
4258	21
4259	28
4260	30
4261	25
4262	26
4263	21
4264	23
4265	30
4266	32
4267	23
4268	26
4269	13
4270	44
4271	27
4272	24
4273	12
4274	30
4275	23
4276	29
4277	22
4278	25
4279	35
4280	23
4281	28
4282	24
4283	26
4284	23
4285	32
4286	23
4287	23
4288	28
4289	29
4290	21
4291	37
4292	28
4293	18
4294	17
4295	28
4296	23
4297	29
4298	21
4299	25
4300	27
4301	26
4302	23
4303	27
4304	30
4305	23
4306	30
4307	26
4308	21
4309	23
4310	21
4311	22
4312	28
4313	38
4314	26
4315	28
4316	20
4317	20
4318	27
4319	22
4320	23
4321	21
4322	24
4323	15
4324	24
4325	18
4326	22
4327	19
4328	24
4329	23
4330	19
4331	20
4332	26
4333	19
4334	22
4335	27
4336	18
4337	30
4338	18
4339	27
4340	18
4341	38
4342	22
4343	27
4344	24
4345	24
4346	14
4347	29
4348	22
4349	21
4350	22
4351	15
4352	25
4353	23
4354	25
4355	20
4356	18
4357	24
4358	22
4359	26
4360	26
4361	17
4362	23
4363	24
4364	21
4365	17
4366	16
4367	23
4368	29
4369	21
4370	25
4371	14
4372	26
4373	18
4374	19
4375	23
4376	22
4377	21
4378	27
4379	24
4380	17
4381	21
4382	21
4383	23
4384	27
4385	19
4386	18
4387	20
4388	23
4389	27
4390	22
4391	21
4392	19
4393	21
4394	20
4395	21
4396	21
4397	13
4398	27
4399	15
4400	25
4401	22
4402	20
4403	18
4404	24
4405	18
4406	18
4407	19
4408	18
4409	16
4410	20
4411	28
4412	19
4413	16
4414	18
4415	22
4416	27
4417	12
4418	19
4419	27
4420	20
4421	13
4422	19
4423	12
4424	16
4425	19
4426	19
4427	20
4428	19
4429	15
4430	15
4431	24
4432	20
4433	15
4434	19
4435	14
4436	17
4437	26
4438	17
4439	15
4440	17
4441	16
4442	22
4443	26
4444	20
4445	21
4446	22
4447	17
4448	30
4449	22
4450	35
4451	20
4452	18
4453	15
4454	18
4455	13
4456	32
4457	22
4458	17
4459	25
4460	25
4461	22
4462	18
4463	15
4464	18
4465	17
4466	16
4467	27
4468	19
4469	22
4470	27
4471	21
4472	19
4473	21
4474	21
4475	17
4476	26
4477	26
4478	35
4479	22
4480	23
4481	22
4482	24
4483	10
4484	18
4485	20
4486	23
4487	15
4488	22
4489	29
4490	20
4491	20
4492	14
4493	21
4494	16
4495	19
4496	23
4497	19
4498	20
4499	25
4500	14
4501	17
4502	22
4503	12
4504	9
4505	20
4506	10
4507	13
4508	15
4509	16
4510	17
4511	15
4512	7
4513	11
4514	22
4515	23
4516	19
4517	25
4518	13
4519	15
4520	17
4521	15
4522	21
4523	17
4524	18
4525	20
4526	20
4527	13
4528	13
4529	17
4530	12
4531	17
4532	16
4533	18
4534	16
4535	20
4536	19
4537	33
4538	15
4539	16
4540	21
4541	11
4542	16
4543	13
4544	14
4545	9
4546	21
4547	19
4548	15
4549	18
4550	20
4551	15
4552	21
4553	11
4554	19
4555	10
4556	18
4557	15
4558	17
4559	18
4560	10
4561	20
4562	15
4563	15
4564	21
4565	13
4566	23
4567	9
4568	20
4569	18
4570	12
4571	15
4572	12
4573	17
4574	16
4575	9
4576	15
4577	12
4578	18
4579	11
4580	23
4581	24
4582	17
4583	11
4584	17
4585	19
4586	16
4587	17
4588	15
4589	11
4590	16
4591	8
4592	15
4593	18
4594	8
4595	18
4596	15
4597	14
4598	13
4599	16
4600	14
4601	13
4602	19
4603	11
4604	13
4605	14
4606	14
4607	16
4608	16
4609	11
4610	8
4611	17
4612	19
4613	18
4614	13
4615	18
4616	21
4617	23
4618	16
4619	18
4620	11
4621	13
4622	10
4623	10
4624	13
4625	16
4626	12
4627	22
4628	21
4629	15
4630	11
4631	13
4632	15
4633	13
4634	17
4635	16
4636	17
4637	19
4638	12
4639	20
4640	20
4641	14
4642	15
4643	13
4644	10
4645	16
4646	12
4647	16
4648	18
4649	16
4650	20
4651	13
4652	12
4653	12
4654	14
4655	15
4656	13
4657	13
4658	15
4659	17
4660	12
4661	12
4662	14
4663	25
4664	18
4665	9
4666	14
4667	16
4668	13
4669	22
4670	14
4671	8
4672	11
4673	8
4674	18
4675	14
4676	26
4677	14
4678	10
4679	17
4680	11
4681	21
4682	17
4683	21
4684	15
4685	11
4686	15
4687	20
4688	5
4689	15
4690	11
4691	14
4692	10
4693	12
4694	16
4695	11
4696	16
4697	14
4698	10
4699	16
4700	14
4701	12
4702	13
4703	11
4704	14
4705	14
4706	24
4707	16
4708	13
4709	12
4710	9
4711	21
4712	9
4713	13
4714	13
4715	11
4716	13
4717	11
4718	16
4719	12
4720	5
4721	10
4722	12
4723	19
4724	13
4725	19
4726	13
4727	13
4728	12
4729	16
4730	14
4731	15
4732	19
4733	15
4734	17
4735	9
4736	16
4737	26
4738	18
4739	14
4740	12
4741	19
4742	14
4743	13
4744	16
4745	9
4746	11
4747	14
4748	18
4749	14
4750	15
4751	15
4752	10
4753	13
4754	9
4755	26
4756	17
4757	20
4758	15
4759	10
4760	14
4761	14
4762	15
4763	10
4764	19
4765	13
4766	8
4767	5
4768	11
4769	7
4770	10
4771	6
4772	16
4773	17
4774	19
4775	11
4776	8
4777	9
4778	16
4779	9
4780	13
4781	7
4782	11
4783	11
4784	7
4785	16
4786	11
4787	12
4788	9
4789	14
4790	13
4791	18
4792	13
4793	11
4794	6
4795	13
4796	18
4797	9
4798	8
4799	15
4800	16
4801	9
4802	6
4803	15
4804	10
4805	12
4806	17
4807	13
4808	7
4809	11
4810	10
4811	10
4812	10
4813	12
4814	12
4815	14
4816	14
4817	14
4818	13
4819	8
4820	12
4821	10
4822	10
4823	19
4824	9
4825	10
4826	20
4827	8
4828	10
4829	12
4830	15
4831	16
4832	10
4833	15
4834	14
4835	10
4836	9
4837	12
4838	11
4839	16
4840	12
4841	18
4842	20
4843	6
4844	15
4845	9
4846	11
4847	13
4848	16
4849	11
4850	8
4851	11
4852	8
4853	12
4854	12
4855	15
4856	16
4857	11
4858	15
4859	15
4860	12
4861	16
4862	12
4863	13
4864	10
4865	11
4866	10
4867	9
4868	15
4869	17
4870	7
4871	4
4872	6
4873	13
4874	11
4875	14
4876	11
4877	11
4878	10
4879	8
4880	9
4881	11
4882	11
4883	3
4884	14
4885	5
4886	14
4887	6
4888	14
4889	13
4890	12
4891	8
4892	9
4893	11
4894	9
4895	14
4896	11
4897	10
4898	7
4899	10
4900	8
4901	10
4902	17
4903	16
4904	15
4905	13
4906	9
4907	7
4908	12
4909	13
4910	5
4911	10
4912	11
4913	9
4914	4
4915	11
4916	9
4917	9
4918	14
4919	8
4920	11
4921	11
4922	5
4923	5
4924	14
4925	13
4926	10
4927	7
4928	7
4929	11
4930	12
4931	16
4932	10
4933	9
4934	9
4935	8
4936	9
4937	16
4938	9
4939	8
4940	8
4941	13
4942	6
4943	11
4944	15
4945	13
4946	11
4947	6
4948	5
4949	7
4950	7
4951	10
4952	14
4953	10
4954	8
4955	9
4956	11
4957	8
4958	6
4959	11
4960	4
4961	5
4962	8
4963	11
4964	16
4965	8
4966	13
4967	4
4968	11
4969	7
4970	11
4971	12
4972	9
4973	8
4974	12
4975	8
4976	9
4977	8
4978	11
4979	10
4980	4
4981	10
4982	9
4983	12
4984	14
4985	8
4986	7
4987	8
4988	9
4989	11
4990	9
4991	6
4992	7
4993	17
4994	14
4995	9
4996	11
4997	6
4998	8
4999	10
5000	8
5001	5
5002	10
5003	13
5004	10
5005	8
5006	10
5007	7
5008	10
5009	13
5010	9
5011	12
5012	6
5013	12
5014	15
5015	11
5016	9
5017	9
5018	7
5019	9
5020	9
5021	11
5022	8
5023	10
5024	9
5025	13
5026	8
5027	11
5028	13
5029	8
5030	6
5031	4
5032	7
5033	10
5034	9
5035	7
5036	8
5037	9
5038	6
5039	7
5040	6
5041	12
5042	9
5043	8
5044	5
5045	7
5046	6
5047	8
5048	6
5049	12
5050	5
5051	9
5052	14
5053	9
5054	8
5055	6
5056	10
5057	13
5058	7
5059	14
5060	2
5061	9
5062	4
5063	9
5064	4
5065	9
5066	9
5067	12
5068	10
5069	6
5070	12
5071	8
5072	4
5073	11
5074	5
5075	5
5076	6
5077	7
5078	11
5079	7
5080	12
5081	6
5082	6
5083	6
5084	9
5085	7
5086	10
5087	8
5088	11
5089	7
5090	5
5091	5
5092	10
5093	9
5094	12
5095	2
5096	6
5097	10
5098	8
5099	7
5100	3
5101	7
5102	11
5103	8
5104	12
5105	6
5106	12
5107	12
5108	8
5109	9
5110	11
5111	8
5112	11
5113	13
5114	9
5115	7
5116	8
5117	11
5118	13
5119	6
5120	10
5121	7
5122	9
5123	6
5124	4
5125	10
5126	9
5127	12
5128	11
5129	10
5130	7
5131	7
5132	11
5133	9
5134	7
5135	8
5136	12
5137	11
5138	15
5139	11
5140	16
5141	6
5142	9
5143	5
5144	8
5145	11
5146	2
5147	7
5148	11
5149	10
5150	4
5151	11
5152	6
5153	4
5154	6
5155	8
5156	12
5157	5
5158	7
5159	6
5160	7
5161	6
5162	5
5163	14
5164	8
5165	6
5166	3
5167	9
5168	9
5169	7
5170	6
5171	7
5172	10
5173	4
5174	7
5175	6
5176	6
5177	14
5178	4
5179	8
5180	11
5181	6
5182	8
5183	8
5184	3
5185	7
5186	4
5187	5
5188	8
5189	5
5190	4
5191	10
5192	5
5193	7
5194	7
5195	12
5196	9
5197	5
5198	3
5199	9
5200	7
5201	2
5202	5
5203	3
5204	3
5205	7
5206	7
5207	4
5208	6
5209	5
5210	8
5211	4
5212	8
5213	9
5214	6
5215	9
5216	10
5217	4
5218	3
5219	7
5220	6
5221	7
5222	9
5223	6
5224	7
5225	3
5226	13
5227	6
5228	10
5229	8
5230	4
5231	9
5232	4
5233	5
5234	11
5235	11
5236	8
5237	13
5238	3
5239	10
5240	7
5241	9
5242	7
5243	8
5244	2
5245	7
5246	10
5247	9
5248	4
5249	6
5250	4
5251	4
5252	5
5253	9
5254	7
5255	9
5256	5
5257	11
5258	14
5259	9
5260	12
5261	4
5262	5
5263	7
5264	8
5265	6
5266	8
5267	8
5268	4
5269	9
5270	3
5271	8
5272	6
5273	9
5274	7
5275	8
5276	3
5277	6
5278	4
5279	3
5280	6
5281	7
5282	7
5283	6
5284	4
5285	3
5286	4
5287	8
5288	6
5289	6
5290	3
5291	9
5292	7
5293	9
5294	4
5295	5
5296	7
5297	7
5298	12
5299	8
5300	12
5301	6
5302	1
5303	6
5304	5
5305	4
5306	7
5307	7
5308	5
5309	7
5310	7
5311	4
5312	5
5313	7
5314	6
5315	3
5316	4
5317	8
5318	7
5319	7
5320	7
5321	4
5322	5
5323	7
5324	9
5325	7
5326	4
5327	3
5328	11
5329	5
5330	4
5331	7
5332	7
5333	3
5334	4
5335	6
5336	8
5337	7
5338	5
5339	5
5340	9
5341	10
5342	4
5343	11
5344	9
5345	6
5346	9
5347	12
5348	3
5349	6
5350	9
5351	7
5352	5
5353	5
5354	7
5355	4
5356	6
5357	9
5358	8
5359	4
5360	10
5361	10
5362	10
5363	11
5364	6
5365	5
5366	10
5367	7
5368	6
5369	8
5370	8
5371	10
5372	7
5373	8
5374	4
5375	5
5376	8
5377	3
5378	6
5379	5
5380	6
5381	8
5382	2
5383	6
5384	5
5385	5
5386	4
5387	7
5388	2
5389	11
5390	5
5391	6
5392	5
5393	3
5394	9
5395	6
5396	2
5397	6
5398	4
5399	7
5400	6
5401	7
5402	3
5403	4
5404	6
5405	7
5406	7
5407	3
5408	10
5409	10
5410	6
5411	5
5412	4
5413	6
5414	19
5415	8
5416	7
5417	4
5418	3
5419	5
5420	1
5421	10
5422	5
5423	6
5424	3
5425	4
5426	7
5427	4
5428	5
5429	11
5430	10
5431	4
5432	10
5433	6
5434	7
5435	3
5436	7
5437	5
5438	9
5439	4
5440	1
5441	4
5442	2
5443	9
5444	8
5445	6
5446	7
5447	3
5448	4
5449	3
5450	6
5451	4
5452	5
5453	9
5454	5
5455	5
5456	4
5457	5
5458	2
5459	3
5460	8
5461	6
5462	7
5463	3
5464	4
5465	10
5466	4
5467	3
5468	7
5469	7
5470	9
5471	5
5472	4
5473	5
5474	5
5475	3
5476	3
5477	5
5478	4
5479	5
5480	7
5481	3
5482	8
5483	2
5484	5
5485	6
5486	9
5487	6
5488	4
5489	6
5490	6
5491	1
5492	4
5493	6
5494	3
5495	3
5496	3
5497	6
5498	7
5499	4
5500	5
5501	5
5502	6
5503	7
5504	8
5505	10
5506	6
5507	2
5508	6
5509	7
5510	3
5511	3
5512	4
5513	6
5514	4
5515	3
5516	4
5517	6
5518	4
5519	7
5520	5
5521	1
5522	4
5523	11
5524	9
5525	8
5526	3
5527	3
5528	5
5529	4
5530	5
5531	5
5532	3
5533	10
5534	3
5535	6
5536	5
5537	8
5538	7
5539	7
5540	7
5541	5
5542	7
5543	5
5544	3
5545	4
5546	3
5547	9
5548	4
5549	3
5550	4
5551	8
5552	7
5553	4
5554	2
5555	5
5556	8
5557	8
5558	6
5559	6
5560	7
5561	3
5562	5
5563	1
5564	7
5565	3
5566	5
5567	7
5568	4
5569	5
5570	5
5571	1
5572	4
5573	7
5574	8
5575	8
5576	9
5577	4
5578	10
5579	3
5580	1
5581	3
5582	7
5583	4
5584	3
5585	2
5586	5
5587	5
5588	3
5589	10
5590	5
5591	2
5592	1
5593	8
5594	3
5595	8
5596	0
5597	6
5598	9
5599	8
5600	3
5601	4
5602	5
5603	3
5604	4
5605	5
5606	2
5607	10
5608	5
5609	0
5610	6
5611	7
5612	6
5613	6
5614	3
5615	6
5616	8
5617	11
5618	3
5619	5
5620	4
5621	4
5622	5
5623	4
5624	5
5625	5
5626	4
5627	4
5628	7
5629	6
5630	4
5631	1
5632	2
5633	7
5634	5
5635	2
5636	3
5637	3
5638	9
5639	3
5640	6
5641	3
5642	3
5643	6
5644	3
5645	3
5646	6
5647	2
5648	2
5649	5
5650	5
5651	5
5652	1
5653	4
5654	8
5655	5
5656	2
5657	6
5658	5
5659	4
5660	2
5661	4
5662	3
5663	4
5664	0
5665	5
5666	4
5667	4
5668	6
5669	5
5670	4
5671	7
5672	4
5673	4
5674	4
5675	7
5676	5
5677	3
5678	8
5679	3
5680	1
5681	6
5682	5
5683	4
5684	5
5685	7
5686	4
5687	5
5688	2
5689	4
5690	6
5691	6
5692	6
5693	4
5694	4
5695	2
5696	3
5697	4
5698	6
5699	4
5700	6
5701	3
5702	2
5703	4
5704	4
5705	6
5706	4
5707	6
5708	3
5709	6
5710	3
5711	3
5712	2
5713	5
5714	5
5715	4
5716	3
5717	2
5718	4
5719	5
5720	3
5721	3
5722	2
5723	5
5724	2
5725	3
5726	8
5727	6
5728	3
5729	2
5730	5
5731	4
5732	3
5733	1
5734	4
5735	2
5736	5
5737	4
5738	5
5739	8
5740	3
5741	3
5742	6
5743	4
5744	5
5745	0
5746	1
5747	9
5748	1
5749	4
5750	5
5751	5
5752	6
5753	3
5754	2
5755	3
5756	5
5757	7
5758	3
5759	5
5760	3
5761	3
5762	4
5763	4
5764	2
5765	3
5766	4
5767	3
5768	7
5769	3
5770	4
5771	3
5772	3
5773	4
5774	3
5775	3
5776	5
5777	1
5778	1
5779	4
5780	6
5781	2
5782	6
5783	3
5784	0
5785	3
5786	4
5787	3
5788	1
5789	1
5790	5
5791	3
5792	6
5793	3
5794	1
5795	1
5796	7
5797	3
5798	3
5799	2
5800	5
5801	6
5802	6
5803	4
5804	0
5805	7
5806	6
5807	2
5808	4
5809	4
5810	5
5811	1
5812	4
5813	2
5814	3
5815	6
5816	10
5817	5
5818	1
5819	4
5820	2
5821	1
5822	4
5823	6
5824	2
5825	3
5826	4
5827	6
5828	3
5829	4
5830	3
5831	4
5832	2
5833	2
5834	3
5835	3
5836	0
5837	7
5838	3
5839	5
5840	2
5841	3
5842	0
5843	4
5844	2
5845	2
5846	4
5847	4
5848	3
5849	1
5850	0
5851	1
5852	4
5853	3
5854	1
5855	2
5856	6
5857	5
5858	3
5859	5
5860	6
5861	6
5862	3
5863	5
5864	3
5865	2
5866	4
5867	4
5868	2
5869	3
5870	1
5871	1
5872	0
5873	3
5874	5
5875	1
5876	2
5877	3
5878	1
5879	2
5880	3
5881	3
5882	8
5883	5
5884	2
5885	2
5886	1
5887	3
5888	5
5889	4
5890	3
5891	3
5892	0
5893	8
5894	1
5895	3
5896	3
5897	4
5898	3
5899	5
5900	2
5901	6
5902	5
5903	4
5904	2
5905	3
5906	0
5907	4
5908	5
5909	4
5910	3
5911	3
5912	6
5913	1
5914	2
5915	2
5916	1
5917	3
5918	3
5919	3
5920	2
5921	5
5922	3
5923	5
5924	2
5925	5
5926	3
5927	1
5928	4
5929	2
5930	0
5931	2
5932	2
5933	1
5934	3
5935	4
5936	6
5937	4
5938	1
5939	5
5940	1
5941	0
5942	2
5943	1
5944	2
5945	7
5946	2
5947	4
5948	6
5949	4
5950	4
5951	1
5952	2
5953	1
5954	5
5955	3
5956	3
5957	5
5958	3
5959	2
5960	3
5961	4
5962	2
5963	4
5964	6
5965	3
5966	2
5967	2
5968	3
5969	6
5970	3
5971	3
5972	2
5973	3
5974	2
5975	2
5976	3
5977	3
5978	5
5979	4
5980	4
5981	2
5982	3
5983	3
5984	5
5985	2
5986	2
5987	3
5988	5
5989	3
5990	7
5991	3
5992	3
5993	1
5994	2
5995	5
5996	4
5997	2
5998	3
5999	0
6000	4
6001	8
6002	3
6003	4
6004	2
6005	5
6006	5
6007	4
6008	4
6009	2
6010	3
6011	3
6012	3
6013	6
6014	4
6015	4
6016	4
6017	0
6018	3
6019	6
6020	0
6021	2
6022	2
6023	4
6024	5
6025	2
6026	7
6027	0
6028	1
6029	3
6030	3
6031	1
6032	5
6033	4
6034	1
6035	1
6036	4
6037	0
6038	7
6039	5
6040	1
6041	3
6042	1
6043	4
6044	3
6045	3
6046	3
6047	2
6048	1
6049	6
6050	3
6051	1
6052	4
6053	0
6054	6
6055	2
6056	0
6057	7
6058	1
6059	3
6060	4
6061	2
6062	5
6063	3
6064	2
6065	2
6066	8
6067	0
6068	2
6069	3
6070	1
6071	2
6072	3
6073	3
6074	5
6075	0
6076	4
6077	1
6078	3
6079	3
6080	1
6081	3
6082	2
6083	4
6084	3
6085	1
6086	3
6087	5
6088	4
6089	1
6090	7
6091	3
6092	7
6093	3
6094	2
6095	2
6096	3
6097	2
6098	4
6099	2
6100	3
6101	0
6102	2
6103	1
6104	0
6105	2
6106	3
6107	1
6108	3
6109	2
6110	1
6111	2
6112	1
6113	1
6114	3
6115	4
6116	3
6117	2
6118	5
6119	1
6120	2
6121	1
6122	2
6123	2
6124	1
6125	3
6126	5
6127	4
6128	3
6129	9
6130	6
6131	1
6132	7
6133	5
6134	2
6135	3
6136	3
6137	4
6138	3
6139	1
6140	1
6141	4
6142	3
6143	2
6144	5
6145	2
6146	1
6147	1
6148	1
6149	2
6150	6
6151	2
6152	4
6153	3
6154	1
6155	1
6156	2
6157	3
6158	1
6159	1
6160	2
6161	2
6162	1
6163	2
6164	1
6165	3
6166	1
6167	1
6168	3
6169	0
6170	1
6171	1
6172	0
6173	6
6174	3
6175	2
6176	3
6177	1
6178	3
6179	2
6180	1
6181	4
6182	0
6183	1
6184	5
6185	3
6186	9
6187	2
6188	2
6189	5
6190	3
6191	1
6192	2
6193	1
6194	2
6195	0
6196	4
6197	4
6198	2
6199	3
6200	1
6201	0
6202	3
6203	1
6204	3
6205	3
6206	4
6207	1
6208	2
6209	3
6210	2
6211	2
6212	0
6213	2
6214	1
6215	4
6216	1
6217	1
6218	4
6219	1
6220	0
6221	1
6222	2
6223	3
6224	1
6225	2
6226	3
6227	2
6228	1
6229	2
6230	2
6231	3
6232	1
6233	2
6234	2
6235	3
6236	3
6237	4
6238	3
6239	4
6240	2
6241	4
6242	3
6243	2
6244	2
6245	3
6246	3
6247	0
6248	2
6249	0
6250	2
6251	1
6252	2
6253	2
6254	1
6255	0
6256	1
6257	3
6258	3
6259	2
6260	3
6261	1
6262	1
6263	2
6264	1
6265	3
6266	6
6267	5
6268	5
6269	2
6270	3
6271	2
6272	1
6273	1
6274	2
6275	2
6276	0
6277	4
6278	2
6279	3
6280	2
6281	4
6282	1
6283	1
6284	2
6285	1
6286	4
6287	0
6288	3
6289	2
6290	3
6291	1
6292	2
6293	5
6294	4
6295	2
6296	0
6297	2
6298	3
6299	2
6300	2
6301	4
6302	3
6303	2
6304	4
6305	3
6306	5
6307	1
6308	4
6309	4
6310	2
6311	6
6312	1
6313	2
6314	1
6315	1
6316	0
6317	4
6318	2
6319	2
6320	1
6321	1
6322	3
6323	1
6324	1
6325	0
6326	3
6327	1
6328	1
6329	3
6330	1
6331	1
6332	2
6333	1
6334	1
6335	3
6336	3
6337	0
6338	2
6339	5
6340	0
6341	1
6342	2
6343	1
6344	1
6345	2
6346	3
6347	6
6348	3
6349	4
6350	3
6351	6
6352	2
6353	1
6354	4
6355	1
6356	3
6357	3
6358	0
6359	5
6360	3
6361	2
6362	6
6363	0
6364	2
6365	1
6366	2
6367	3
6368	0
6369	4
6370	4
6371	1
6372	1
6373	3
6374	0
6375	3
6376	2
6377	1
6378	2
6379	2
6380	0
6381	1
6382	3
6383	3
6384	5
6385	1
6386	2
6387	3
6388	2
6389	1
6390	1
6391	2
6392	1
6393	3
6394	1
6395	2
6396	2
6397	7
6398	3
6399	0
6400	2
6401	1
6402	1
6403	0
6404	2
6405	0
6406	1
6407	4
6408	1
6409	2
6410	5
6411	3
6412	2
6413	2
6414	2
6415	1
6416	0
6417	1
6418	2
6419	2
6420	1
6421	1
6422	5
6423	3
6424	0
6425	1
6426	3
6427	3
6428	1
6429	0
6430	3
6431	3
6432	3
6433	1
6434	2
6435	2
6436	3
6437	2
6438	0
6439	3
6440	5
6441	2
6442	1
6443	1
6444	0
6445	2
6446	3
6447	3
6448	2
6449	0
6450	2
6451	1
6452	3
6453	1
6454	2
6455	0
6456	1
6457	1
6458	1
6459	1
6460	0
6461	0
6462	1
6463	1
6464	0
6465	0
6466	2
6467	0
6468	0
6469	0
6470	0
6471	0
6472	1
6473	0
6474	0
6475	1
6476	1
6477	1
6478	0
6479	2
6480	0
6481	2
6482	0
6483	0
6484	0
6485	0
6486	0
6487	0
6488	0
6489	0
6490	0
6491	0
6492	0
6493	0
6494	0
6495	0
6496	0
6497	0
6498	0
6499	0
6500	0
6501	0
6502	0
6503	0
6504	0
6505	0
6506	0
6507	0
6508	0
6509	0
6510	0
6511	0
6512	0
6513	0
6514	0
6515	0
6516	0
6517	0
6518	0
6519	0
6520	0
6521	0
6522	0
6523	0
6524	0
6525	0
6526	0
6527	0
6528	0
6529	0
6530	0
6531	0
6532	0
6533	0
6534	0
6535	0
6536	0
6537	0
6538	0
6539	0
6540	0
6541	0
6542	0
6543	0
6544	0
6545	0
6546	0
6547	0
6548	0
6549	0
6550	0
6551	0
6552	0
6553	0
6554	0
6555	0
6556	0
6557	0
6558	0
6559	0
6560	0
6561	0
6562	0
6563	0
6564	0
6565	0
6566	0
6567	0
6568	0
6569	0
6570	0
6571	0
6572	0
6573	0
6574	0
6575	0
6576	0
6577	0
6578	0
6579	0
6580	0
6581	0
6582	0
6583	0
6584	0
6585	0
6586	0
6587	0
6588	0
6589	0
6590	0
6591	0
6592	0
6593	0
6594	0
6595	0
6596	0
6597	0
6598	0
6599	0
6600	0
6601	0
6602	0
6603	0
6604	0
6605	0
6606	0
6607	0
6608	0
6609	0
6610	0
6611	0
6612	0
6613	0
6614	0
6615	0
6616	0
6617	0
6618	0
6619	0
6620	0
6621	0
6622	0
6623	0
6624	0
6625	0
6626	0
6627	0
6628	0
6629	0
6630	0
6631	0
6632	0
6633	0
6634	0
6635	0
6636	0
6637	0
6638	0
6639	0
6640	0
6641	0
6642	0
6643	0
6644	0
6645	0
6646	0
6647	0
6648	0
6649	0
6650	0
6651	0
6652	0
6653	0
6654	0
6655	0
6656	0
6657	0
6658	0
6659	0
6660	0
6661	0
6662	0
6663	0
6664	0
6665	0
6666	0
6667	0
6668	0
6669	0
6670	0
6671	0
6672	0
6673	0
6674	0
6675	0
6676	0
6677	0
6678	0
6679	0
6680	0
6681	0
6682	0
6683	0
6684	0
6685	0
6686	0
6687	0
6688	0
6689	0
6690	0
6691	0
6692	0
6693	0
6694	0
6695	0
6696	0
6697	0
6698	0
6699	0
6700	0
6701	0
6702	0
6703	0
6704	0
6705	0
6706	0
6707	0
6708	0
6709	0
6710	0
6711	0
6712	0
6713	0
6714	0
6715	0
6716	0
6717	0
6718	0
6719	0
6720	0
6721	0
6722	0
6723	0
6724	0
6725	0
6726	0
6727	0
6728	0
6729	0
6730	0
6731	0
6732	0
6733	0
6734	0
6735	0
6736	0
6737	0
6738	0
6739	0
6740	0
6741	0
6742	0
6743	0
6744	0
6745	0
6746	0
6747	0
6748	0
6749	0
6750	0
6751	0
6752	0
6753	0
6754	0
6755	0
6756	0
6757	0
6758	0
6759	0
6760	0
6761	0
6762	0
6763	0
6764	0
6765	0
6766	0
6767	0
6768	0
6769	0
6770	0
6771	0
6772	0
6773	0
6774	0
6775	0
6776	0
6777	0
6778	0
6779	0
6780	0
6781	0
6782	0
6783	0
6784	0
6785	0
6786	0
6787	0
6788	0
6789	0
6790	0
6791	0
6792	0
6793	0
6794	0
6795	0
6796	0
6797	0
6798	0
6799	0
6800	0
6801	0
6802	0
6803	0
6804	0
6805	0
6806	0
6807	0
6808	0
6809	0
6810	0
6811	0
6812	0
6813	0
6814	0
6815	0
6816	0
6817	0
6818	0
6819	0
6820	0
6821	0
6822	0
6823	0
6824	0
6825	0
6826	0
6827	0
6828	0
6829	0
6830	0
6831	0
6832	0
6833	0
6834	0
6835	0
6836	0
6837	0
6838	0
6839	0
6840	0
6841	0
6842	0
6843	0
6844	0
6845	0
6846	0
6847	0
6848	0
6849	0
6850	0
6851	0
6852	0
6853	0
6854	0
6855	0
6856	0
6857	0
6858	0
6859	0
6860	0
6861	0
6862	0
6863	0
6864	0
6865	0
6866	0
6867	0
6868	0
6869	0
6870	0
6871	0
6872	0
6873	0
6874	0
6875	0
6876	0
6877	0
6878	0
6879	0
6880	0
6881	0
6882	0
6883	0
6884	0
6885	0
6886	0
6887	0
6888	0
6889	0
6890	0
6891	0
6892	0
6893	0
6894	0
6895	0
6896	0
6897	0
6898	0
6899	0
6900	0
6901	0
6902	0
6903	0
6904	0
6905	0
6906	0
6907	0
6908	0
6909	0
6910	0
6911	0
6912	0
6913	0
6914	0
6915	0
6916	0
6917	0
6918	0
6919	0
6920	0
6921	0
6922	0
6923	0
6924	0
6925	0
6926	0
6927	0
6928	0
6929	0
6930	0
6931	0
6932	0
6933	0
6934	0
6935	0
6936	0
6937	0
6938	0
6939	0
6940	0
6941	0
6942	0
6943	0
6944	0
6945	0
6946	0
6947	0
6948	0
6949	0
6950	0
6951	0
6952	0
6953	0
6954	0
6955	0
6956	0
6957	0
6958	0
6959	0
6960	0
6961	0
6962	0
6963	0
6964	0
6965	0
6966	0
6967	0
6968	0
6969	0
6970	0
6971	0
6972	0
6973	0
6974	0
6975	0
6976	0
6977	0
6978	0
6979	0
6980	0
6981	0
6982	0
6983	0
6984	0
6985	0
6986	0
6987	0
6988	0
6989	0
6990	0
6991	0
6992	0
6993	0
6994	0
6995	0
6996	0
6997	0
6998	0
6999	0
7000	0
7001	0
7002	0
7003	0
7004	0
7005	0
7006	0
7007	0
7008	0
7009	0
7010	0
7011	0
7012	0
7013	0
7014	0
7015	0
7016	0
7017	0
7018	0
7019	0
7020	0
7021	0
7022	0
7023	0
7024	0
7025	0
7026	0
7027	0
7028	0
7029	0
7030	0
7031	0
7032	0
7033	0
7034	0
7035	0
7036	0
7037	0
7038	0
7039	0
7040	0
7041	0
7042	0
7043	0
7044	0
7045	0
7046	0
7047	0
7048	0
7049	0
7050	0
7051	0
7052	0
7053	0
7054	0
7055	0
7056	0
7057	0
7058	0
7059	0
7060	0
7061	0
7062	0
7063	0
7064	0
7065	0
7066	0
7067	0
7068	0
7069	0
7070	0
7071	0
7072	0
7073	0
7074	0
7075	0
7076	0
7077	0
7078	0
7079	0
7080	0
7081	0
7082	0
7083	0
7084	0
7085	0
7086	0
7087	0
7088	0
7089	0
7090	0
7091	0
7092	0
7093	0
7094	0
7095	0
7096	0
7097	0
7098	0
7099	0
7100	0
7101	0
7102	0
7103	0
7104	0
7105	0
7106	0
7107	0
7108	0
7109	0
7110	0
7111	0
7112	0
7113	0
7114	0
7115	0
7116	0
7117	0
7118	0
7119	0
7120	0
7121	0
7122	0
7123	0
7124	0
7125	0
7126	0
7127	0
7128	0
7129	0
7130	0
7131	0
7132	0
7133	0
7134	0
7135	0
7136	0
7137	0
7138	0
7139	0
7140	0
7141	0
7142	0
7143	0
7144	0
7145	0
7146	0
7147	0
7148	0
7149	0
7150	0
7151	0
7152	0
7153	0
7154	0
7155	0
7156	0
7157	0
7158	0
7159	0
7160	0
7161	0
7162	0
7163	0
7164	0
7165	0
7166	0
7167	0
7168	0
7169	0
7170	0
7171	0
7172	0
7173	0
7174	0
7175	0
7176	0
7177	0
7178	0
7179	0
7180	0
7181	0
7182	0
7183	0
7184	0
7185	0
7186	0
7187	0
7188	0
7189	0
7190	0
7191	0
7192	0
7193	0
7194	0
7195	0
7196	0
7197	0
7198	0
7199	0
7200	0
7201	0
7202	0
7203	0
7204	0
7205	0
7206	0
7207	0
7208	0
7209	0
7210	0
7211	0
7212	0
7213	0
7214	0
7215	0
7216	0
7217	0
7218	0
7219	0
7220	0
7221	0
7222	0
7223	0
7224	0
7225	0
7226	0
7227	0
7228	0
7229	0
7230	0
7231	0
7232	0
7233	0
7234	0
7235	0
7236	0
7237	0
7238	0
7239	0
7240	0
7241	0
7242	0
7243	0
7244	0
7245	0
7246	0
7247	0
7248	0
7249	0
7250	0
7251	0
7252	0
7253	0
7254	0
7255	0
7256	0
7257	0
7258	0
7259	0
7260	0
7261	0
7262	0
7263	0
7264	0
7265	0
7266	0
7267	0
7268	0
7269	0
7270	0
7271	0
7272	0
7273	0
7274	0
7275	0
7276	0
7277	0
7278	0
7279	0
7280	0
7281	0
7282	0
7283	0
7284	0
7285	0
7286	0
7287	0
7288	0
7289	0
7290	0
7291	0
7292	0
7293	0
7294	0
7295	0
7296	0
7297	0
7298	0
7299	0
7300	0
7301	0
7302	0
7303	0
7304	0
7305	0
7306	0
7307	0
7308	0
7309	0
7310	0
7311	0
7312	0
7313	0
7314	0
7315	0
7316	0
7317	0
7318	0
7319	0
7320	0
7321	0
7322	0
7323	0
7324	0
7325	0
7326	0
7327	0
7328	0
7329	0
7330	0
7331	0
7332	0
7333	0
7334	0
7335	0
7336	0
7337	0
7338	0
7339	0
7340	0
7341	0
7342	0
7343	0
7344	0
7345	0
7346	0
7347	0
7348	0
7349	0
7350	0
7351	0
7352	0
7353	0
7354	0
7355	0
7356	0
7357	0
7358	0
7359	0
7360	0
7361	0
7362	0
7363	0
7364	0
7365	0
7366	0
7367	0
7368	0
7369	0
7370	0
7371	0
7372	0
7373	0
7374	0
7375	0
7376	0
7377	0
7378	0
7379	0
7380	0
7381	0
7382	0
7383	0
7384	0
7385	0
7386	0
7387	0
7388	0
7389	0
7390	0
7391	0
7392	0
7393	0
7394	0
7395	0
7396	0
7397	0
7398	0
7399	0
7400	0
7401	0
7402	0
7403	0
7404	0
7405	0
7406	0
7407	0
7408	0
7409	0
7410	0
7411	0
7412	0
7413	0
7414	0
7415	0
7416	0
7417	0
7418	0
7419	0
7420	0
7421	0
7422	0
7423	0
7424	0
7425	0
7426	0
7427	0
7428	0
7429	0
7430	0
7431	0
7432	0
7433	0
7434	0
7435	0
7436	0
7437	0
7438	0
7439	0
7440	0
7441	0
7442	0
7443	0
7444	0
7445	0
7446	0
7447	0
7448	0
7449	0
7450	0
7451	0
7452	0
7453	0
7454	0
7455	0
7456	0
7457	0
7458	0
7459	0
7460	0
7461	0
7462	0
7463	0
7464	0
7465	0
7466	0
7467	0
7468	0
7469	0
7470	0
7471	0
7472	0
7473	0
7474	0
7475	0
7476	0
7477	0
7478	0
7479	0
7480	0
7481	0
7482	0
7483	0
7484	0
7485	0
7486	0
7487	0
7488	0
7489	0
7490	0
7491	0
7492	0
7493	0
7494	0
7495	0
7496	0
7497	0
7498	0
7499	0
7500	0
7501	0
7502	0
7503	0
7504	0
7505	0
7506	0
7507	0
7508	0
7509	0
7510	0
7511	0
7512	0
7513	0
7514	0
7515	0
7516	0
7517	0
7518	0
7519	0
7520	0
7521	0
7522	0
7523	0
7524	0
7525	0
7526	0
7527	0
7528	0
7529	0
7530	0
7531	0
7532	0
7533	0
7534	0
7535	0
7536	0
7537	0
7538	0
7539	0
7540	0
7541	0
7542	0
7543	0
7544	0
7545	0
7546	0
7547	0
7548	0
7549	0
7550	0
7551	0
7552	0
7553	0
7554	0
7555	0
7556	0
7557	0
7558	0
7559	0
7560	0
7561	0
7562	0
7563	0
7564	0
7565	0
7566	0
7567	0
7568	0
7569	0
7570	0
7571	0
7572	0
7573	0
7574	0
7575	0
7576	0
7577	0
7578	0
7579	0
7580	0
7581	0
7582	0
7583	0
7584	0
7585	0
7586	0
7587	0
7588	0
7589	0
7590	0
7591	0
7592	0
7593	0
7594	0
7595	0
7596	0
7597	0
7598	0
7599	0
7600	0
7601	0
7602	0
7603	0
7604	0
7605	0
7606	0
7607	0
7608	0
7609	0
7610	0
7611	0
7612	0
7613	0
7614	0
7615	0
7616	0
7617	0
7618	0
7619	0
7620	0
7621	0
7622	0
7623	0
7624	0
7625	0
7626	0
7627	0
7628	0
7629	0
7630	0
7631	0
7632	0
7633	0
7634	0
7635	0
7636	0
7637	0
7638	0
7639	0
7640	0
7641	0
7642	0
7643	0
7644	0
7645	0
7646	0
7647	0
7648	0
7649	0
7650	0
7651	0
7652	0
7653	0
7654	0
7655	0
7656	0
7657	0
7658	0
7659	0
7660	0
7661	0
7662	0
7663	0
7664	0
7665	0
7666	0
7667	0
7668	0
7669	0
7670	0
7671	0
7672	0
7673	0
7674	0
7675	0
7676	0
7677	0
7678	0
7679	0
7680	0
7681	0
7682	0
7683	0
7684	0
7685	0
7686	0
7687	0
7688	0
7689	0
7690	0
7691	0
7692	0
7693	0
7694	0
7695	0
7696	0
7697	0
7698	0
7699	0
7700	0
7701	0
7702	0
7703	0
7704	0
7705	0
7706	0
7707	0
7708	0
7709	0
7710	0
7711	0
7712	0
7713	0
7714	0
7715	0
7716	0
7717	0
7718	0
7719	0
7720	0
7721	0
7722	0
7723	0
7724	0
7725	0
7726	0
7727	0
7728	0
7729	0
7730	0
7731	0
7732	0
7733	0
7734	0
7735	0
7736	0
7737	0
7738	0
7739	0
7740	0
7741	0
7742	0
7743	0
7744	0
7745	0
7746	0
7747	0
7748	0
7749	0
7750	0
7751	0
7752	0
7753	0
7754	0
7755	0
7756	0
7757	0
7758	0
7759	0
7760	0
7761	0
7762	0
7763	0
7764	0
7765	0
7766	0
7767	0
7768	0
7769	0
7770	0
7771	0
7772	0
7773	0
7774	0
7775	0
7776	0
7777	0
7778	0
7779	0
7780	0
7781	0
7782	0
7783	0
7784	0
7785	0
7786	0
7787	0
7788	0
7789	0
7790	0
7791	0
7792	0
7793	0
7794	0
7795	0
7796	0
7797	0
7798	0
7799	0
7800	0
7801	0
7802	0
7803	0
7804	0
7805	0
7806	0
7807	0
7808	0
7809	0
7810	0
7811	0
7812	0
7813	0
7814	0
7815	0
7816	0
7817	0
7818	0
7819	0
7820	0
7821	0
7822	0
7823	0
7824	0
7825	0
7826	0
7827	0
7828	0
7829	0
7830	0
7831	0
7832	0
7833	0
7834	0
7835	0
7836	0
7837	0
7838	0
7839	0
7840	0
7841	0
7842	0
7843	0
7844	0
7845	0
7846	0
7847	0
7848	0
7849	0
7850	0
7851	0
7852	0
7853	0
7854	0
7855	0
7856	0
7857	0
7858	0
7859	0
7860	0
7861	0
7862	0
7863	0
7864	0
7865	0
7866	0
7867	0
7868	0
7869	0
7870	0
7871	0
7872	0
7873	0
7874	0
7875	0
7876	0
7877	0
7878	0
7879	0
7880	0
7881	0
7882	0
7883	0
7884	0
7885	0
7886	0
7887	0
7888	0
7889	0
7890	0
7891	0
7892	0
7893	0
7894	0
7895	0
7896	0
7897	0
7898	0
7899	0
7900	0
7901	0
7902	0
7903	0
7904	0
7905	0
7906	0
7907	0
7908	0
7909	0
7910	0
7911	0
7912	0
7913	0
7914	0
7915	0
7916	0
7917	0
7918	0
7919	0
7920	0
7921	0
7922	0
7923	0
7924	0
7925	0
7926	0
7927	0
7928	0
7929	0
7930	0
7931	0
7932	0
7933	0
7934	0
7935	0
7936	0
7937	0
7938	0
7939	0
7940	0
7941	0
7942	0
7943	0
7944	0
7945	0
7946	0
7947	0
7948	0
7949	0
7950	0
7951	0
7952	0
7953	0
7954	0
7955	0
7956	0
7957	0
7958	0
7959	0
7960	0
7961	0
7962	0
7963	0
7964	0
7965	0
7966	0
7967	0
7968	0
7969	0
7970	0
7971	0
7972	0
7973	0
7974	0
7975	0
7976	0
7977	0
7978	0
7979	0
7980	0
7981	0
7982	0
7983	0
7984	0
7985	0
7986	0
7987	0
7988	0
7989	0
7990	0
7991	0
7992	0
7993	0
7994	0
7995	0
7996	0
7997	0
7998	0
7999	0
8000	0
8001	0
8002	0
8003	0
8004	0
8005	0
8006	0
8007	0
8008	0
8009	0
8010	0
8011	0
8012	0
8013	0
8014	0
8015	0
8016	0
8017	0
8018	0
8019	0
8020	0
8021	0
8022	0
8023	0
8024	0
8025	0
8026	0
8027	0
8028	0
8029	0
8030	0
8031	0
8032	0
8033	0
8034	0
8035	0
8036	0
8037	0
8038	0
8039	0
8040	0
8041	0
8042	0
8043	0
8044	0
8045	0
8046	0
8047	0
8048	0
8049	0
8050	0
8051	0
8052	0
8053	0
8054	0
8055	0
8056	0
8057	0
8058	0
8059	0
8060	0
8061	0
8062	0
8063	0
8064	0
8065	0
8066	0
8067	0
8068	0
8069	0
8070	0
8071	0
8072	0
8073	0
8074	0
8075	0
8076	0
8077	0
8078	0
8079	0
8080	0
8081	0
8082	0
8083	0
8084	0
8085	0
8086	0
8087	0
8088	0
8089	0
8090	0
8091	0
8092	0
8093	0
8094	0
8095	0
8096	0
8097	0
8098	0
8099	0
8100	0
8101	0
8102	0
8103	0
8104	0
8105	0
8106	0
8107	0
8108	0
8109	0
8110	0
8111	0
8112	0
8113	0
8114	0
8115	0
8116	0
8117	0
8118	0
8119	0
8120	0
8121	0
8122	0
8123	0
8124	0
8125	0
8126	0
8127	0
8128	0
8129	0
8130	0
8131	0
8132	0
8133	0
8134	0
8135	0
8136	0
8137	0
8138	0
8139	0
8140	0
8141	0
8142	0
8143	0
8144	0
8145	0
8146	0
8147	0
8148	0
8149	0
8150	0
8151	0
8152	0
8153	0
8154	0
8155	0
8156	0
8157	0
8158	0
8159	0
8160	0
8161	0
8162	0
8163	0
8164	0
8165	0
8166	0
8167	0
8168	0
8169	0
8170	0
8171	0
8172	0
8173	0
8174	0
8175	0
8176	0
8177	0
8178	0
8179	0
8180	0
8181	0
8182	0
8183	0
8184	0
8185	0
8186	0
8187	0
8188	0
8189	0
8190	0
8191	0
