0	0
1	0
2	0
3	0
4	0
5	0
6	0
7	0
8	0
9	0
10	0
11	0
12	0
13	0
14	0
15	0
16	0
17	0
18	0
19	0
20	0
21	0
22	0
23	0
24	0
25	0
26	0
27	0
28	0
29	0
30	0
31	0
32	0
33	0
34	0
35	0
36	0
37	0
38	0
39	0
40	0
41	0
42	0
43	0
44	0
45	0
46	0
47	0
48	0
49	0
50	0
51	0
52	0
53	0
54	0
55	0
56	0
57	0
58	0
59	0
60	0
61	0
62	0
63	0
64	0
65	0
66	0
67	0
68	0
69	0
70	0
71	0
72	0
73	0
74	0
75	0
76	0
77	0
78	0
79	0
80	0
81	0
82	0
83	0
84	0
85	0
86	0
87	0
88	0
89	0
90	0
91	0
92	0
93	0
94	0
95	0
96	0
97	0
98	0
99	0
100	0
101	0
102	0
103	0
104	0
105	0
106	0
107	0
108	0
109	0
110	0
111	0
112	0
113	0
114	0
115	0
116	0
117	0
118	0
119	1
120	0
121	0
122	0
123	0
124	0
125	0
126	0
127	0
128	0
129	0
130	1
131	0
132	0
133	0
134	0
135	0
136	1
137	0
138	0
139	0
140	1
141	1
142	0
143	0
144	2
145	0
146	0
147	0
148	0
149	0
150	1
151	1
152	0
153	0
154	1
155	0
156	0
157	0
158	0
159	0
160	0
161	0
162	0
163	0
164	0
165	0
166	0
167	0
168	0
169	0
170	1
171	0
172	0
173	0
174	0
175	0
176	0
177	0
178	0
179	0
180	1
181	0
182	0
183	0
184	0
185	0
186	0
187	1
188	0
189	0
190	0
191	0
192	0
193	0
194	0
195	0
196	0
197	0
198	0
199	0
200	0
201	0
202	0
203	1
204	0
205	0
206	0
207	0
208	1
209	0
210	0
211	0
212	0
213	0
214	0
215	0
216	0
217	0
218	1
219	0
220	0
221	0
222	0
223	1
224	1
225	0
226	0
227	0
228	0
229	0
230	0
231	0
232	0
233	0
234	0
235	0
236	0
237	0
238	0
239	0
240	1
241	0
242	0
243	0
244	1
245	0
246	0
247	1
248	0
249	0
250	1
251	1
252	0
253	1
254	1
255	0
256	0
257	0
258	0
259	0
260	0
261	0
262	1
263	0
264	0
265	0
266	0
267	0
268	0
269	0
270	0
271	1
272	2
273	0
274	0
275	0
276	2
277	0
278	0
279	0
280	0
281	0
282	0
283	0
284	1
285	0
286	0
287	1
288	0
289	0
290	0
291	1
292	0
293	0
294	0
295	0
296	1
297	0
298	0
299	0
300	3
301	2
302	0
303	1
304	0
305	0
306	0
307	0
308	1
309	0
310	0
311	1
312	0
313	0
314	0
315	2
316	0
317	0
318	1
319	1
320	0
321	1
322	0
323	0
324	0
325	0
326	0
327	0
328	0
329	0
330	0
331	0
332	0
333	2
334	0
335	2
336	0
337	0
338	1
339	0
340	0
341	0
342	1
343	2
344	0
345	0
346	0
347	0
348	1
349	0
350	0
351	1
352	1
353	1
354	0
355	0
356	1
357	0
358	0
359	0
360	0
361	0
362	0
363	0
364	0
365	1
366	0
367	0
368	1
369	1
370	0
371	0
372	0
373	0
374	0
375	1
376	0
377	1
378	0
379	1
380	0
381	0
382	1
383	0
384	0
385	0
386	0
387	0
388	1
389	0
390	0
391	1
392	0
393	0
394	0
395	0
396	1
397	1
398	1
399	1
400	0
401	1
402	0
403	1
404	0
405	0
406	0
407	0
408	0
409	1
410	1
411	0
412	0
413	0
414	0
415	0
416	3
417	0
418	0
419	1
420	1
421	0
422	0
423	1
424	0
425	1
426	1
427	0
428	0
429	0
430	0
431	0
432	0
433	0
434	1
435	0
436	0
437	0
438	1
439	1
440	0
441	1
442	1
443	2
444	0
445	1
446	0
447	1
448	1
449	0
450	1
451	0
452	0
453	0
454	0
455	2
456	1
457	0
458	0
459	0
460	0
461	0
462	1
463	0
464	0
465	0
466	0
467	0
468	1
469	0
470	0
471	0
472	0
473	0
474	0
475	3
476	1
477	0
478	0
479	1
480	1
481	1
482	0
483	0
484	1
485	0
486	0
487	0
488	1
489	0
490	0
491	2
492	2
493	0
494	0
495	1
496	0
497	1
498	1
499	2
500	1
501	2
502	0
503	1
504	0
505	1
506	0
507	0
508	1
509	0
510	0
511	0
512	1
513	1
514	0
515	1
516	0
517	1
518	2
519	2
520	1
521	2
522	1
523	0
524	0
525	0
526	2
527	1
528	1
529	2
530	0
531	3
532	1
533	1
534	3
535	0
536	2
537	1
538	0
539	0
540	0
541	0
542	2
543	0
544	2
545	4
546	2
547	1
548	2
549	0
550	1
551	5
552	2
553	2
554	2
555	1
556	3
557	0
558	1
559	0
560	0
561	1
562	0
563	2
564	3
565	1
566	1
567	0
568	5
569	6
570	2
571	3
572	3
573	3
574	3
575	2
576	6
577	5
578	10
579	2
580	2
581	6
582	4
583	3
584	3
585	1
586	1
587	2
588	3
589	4
590	4
591	3
592	5
593	4
594	5
595	4
596	4
597	2
598	4
599	1
600	4
601	5
602	3
603	7
604	5
605	4
606	2
607	5
608	6
609	6
610	4
611	4
612	5
613	6
614	5
615	8
616	6
617	5
618	6
619	7
620	4
621	10
622	4
623	6
624	7
625	12
626	8
627	5
628	13
629	7
630	10
631	15
632	7
633	12
634	6
635	10
636	8
637	6
638	12
639	17
640	7
641	14
642	9
643	15
644	26
645	13
646	19
647	13
648	18
649	17
650	21
651	13
652	20
653	17
654	12
655	24
656	27
657	17
658	15
659	16
660	26
661	17
662	25
663	23
664	28
665	25
666	18
667	20
668	24
669	24
670	27
671	25
672	25
673	29
674	28
675	34
676	26
677	30
678	36
679	28
680	29
681	26
682	33
683	31
684	36
685	26
686	30
687	34
688	47
689	38
690	34
691	35
692	38
693	42
694	45
695	47
696	38
697	52
698	48
699	39
700	45
701	38
702	42
703	48
704	37
705	45
706	46
707	46
708	57
709	47
710	56
711	56
712	61
713	44
714	57
715	51
716	59
717	55
718	49
719	56
720	54
721	63
722	65
723	59
724	60
725	75
726	69
727	70
728	71
729	74
730	68
731	68
732	82
733	67
734	96
735	92
736	103
737	71
738	72
739	96
740	100
741	85
742	80
743	75
744	86
745	72
746	86
747	95
748	93
749	96
750	110
751	109
752	103
753	117
754	103
755	107
756	104
757	114
758	110
759	109
760	96
761	124
762	97
763	118
764	111
765	118
766	145
767	123
768	121
769	123
770	161
771	132
772	131
773	150
774	150
775	152
776	139
777	135
778	142
779	136
780	135
781	153
782	152
783	175
784	150
785	163
786	160
787	144
788	192
789	159
790	141
791	176
792	182
793	168
794	167
795	195
796	193
797	172
798	178
799	159
800	171
801	210
802	202
803	168
804	179
805	200
806	210
807	180
808	184
809	227
810	215
811	207
812	209
813	196
814	193
815	213
816	208
817	204
818	185
819	209
820	219
821	209
822	194
823	214
824	242
825	217
826	217
827	242
828	240
829	222
830	269
831	229
832	223
833	219
834	245
835	278
836	262
837	253
838	270
839	259
840	250
841	265
842	260
843	250
844	227
845	264
846	226
847	277
848	259
849	279
850	262
851	242
852	267
853	277
854	277
855	284
856	303
857	281
858	273
859	280
860	312
861	311
862	314
863	270
864	317
865	269
866	316
867	267
868	289
869	292
870	318
871	275
872	307
873	305
874	318
875	293
876	291
877	298
878	283
879	346
880	327
881	321
882	302
883	321
884	320
885	294
886	319
887	298
888	313
889	322
890	339
891	311
892	305
893	308
894	292
895	350
896	340
897	316
898	311
899	315
900	346
901	333
902	335
903	292
904	311
905	329
906	353
907	312
908	318
909	331
910	320
911	297
912	311
913	324
914	314
915	335
916	307
917	297
918	301
919	297
920	306
921	305
922	315
923	300
924	353
925	317
926	341
927	279
928	336
929	288
930	312
931	302
932	360
933	323
934	336
935	331
936	321
937	329
938	322
939	327
940	301
941	289
942	309
943	317
944	321
945	303
946	309
947	305
948	309
949	309
950	272
951	277
952	300
953	327
954	277
955	282
956	311
957	295
958	284
959	270
960	287
961	270
962	268
963	282
964	300
965	267
966	293
967	300
968	290
969	294
970	280
971	275
972	270
973	256
974	275
975	281
976	281
977	288
978	260
979	264
980	234
981	266
982	253
983	276
984	249
985	269
986	227
987	236
988	241
989	233
990	224
991	241
992	230
993	256
994	236
995	237
996	239
997	246
998	231
999	221
1000	223
1001	237
1002	218
1003	237
1004	238
1005	212
1006	220
1007	234
1008	212
1009	211
1010	212
1011	193
1012	211
1013	194
1014	192
1015	162
1016	207
1017	176
1018	173
1019	220
1020	192
1021	193
1022	190
1023	190
1024	192
1025	185
1026	153
1027	176
1028	145
1029	172
1030	163
1031	158
1032	163
1033	153
1034	155
1035	166
1036	128
1037	149
1038	151
1039	162
1040	147
1041	132
1042	132
1043	116
1044	156
1045	158
1046	143
1047	135
1048	130
1049	146
1050	123
1051	119
1052	146
1053	124
1054	152
1055	137
1056	116
1057	113
1058	123
1059	124
1060	137
1061	135
1062	122
1063	117
1064	96
1065	86
1066	101
1067	104
1068	101
1069	107
1070	95
1071	94
1072	82
1073	107
1074	86
1075	83
1076	90
1077	88
1078	108
1079	83
1080	99
1081	81
1082	84
1083	74
1084	72
1085	98
1086	81
1087	90
1088	74
1089	71
1090	80
1091	58
1092	62
1093	68
1094	68
1095	61
1096	55
1097	51
1098	75
1099	74
1100	58
1101	73
1102	45
1103	60
1104	56
1105	53
1106	53
1107	53
1108	50
1109	50
1110	45
1111	48
1112	45
1113	46
1114	44
1115	40
1116	46
1117	46
1118	45
1119	43
1120	40
1121	50
1122	41
1123	40
1124	40
1125	48
1126	50
1127	33
1128	31
1129	30
1130	35
1131	40
1132	40
1133	29
1134	38
1135	33
1136	28
1137	34
1138	28
1139	23
1140	29
1141	30
1142	22
1143	29
1144	22
1145	36
1146	19
1147	27
1148	20
1149	29
1150	20
1151	24
1152	17
1153	12
1154	23
1155	19
1156	15
1157	20
1158	16
1159	24
1160	24
1161	10
1162	12
1163	20
1164	16
1165	24
1166	20
1167	13
1168	14
1169	11
1170	18
1171	9
1172	15
1173	14
1174	13
1175	9
1176	16
1177	17
1178	8
1179	7
1180	14
1181	11
1182	10
1183	16
1184	10
1185	6
1186	11
1187	7
1188	8
1189	10
1190	8
1191	6
1192	7
1193	10
1194	14
1195	9
1196	8
1197	5
1198	6
1199	5
1200	2
1201	4
1202	2
1203	10
1204	11
1205	3
1206	9
1207	7
1208	9
1209	5
1210	6
1211	9
1212	8
1213	5
1214	4
1215	9
1216	5
1217	3
1218	2
1219	7
1220	2
1221	3
1222	3
1223	5
1224	1
1225	2
1226	6
1227	1
1228	3
1229	3
1230	3
1231	2
1232	3
1233	5
1234	0
1235	3
1236	3
1237	1
1238	0
1239	2
1240	1
1241	4
1242	5
1243	0
1244	2
1245	2
1246	5
1247	2
1248	1
1249	4
1250	1
1251	1
1252	0
1253	1
1254	3
1255	1
1256	1
1257	1
1258	2
1259	2
1260	2
1261	1
1262	1
1263	2
1264	3
1265	0
1266	0
1267	4
1268	0
1269	0
1270	1
1271	1
1272	1
1273	0
1274	2
1275	1
1276	2
1277	0
1278	1
1279	1
1280	2
1281	1
1282	0
1283	1
1284	1
1285	0
1286	2
1287	0
1288	1
1289	0
1290	3
1291	2
1292	2
1293	0
1294	0
1295	1
1296	0
1297	1
1298	1
1299	0
1300	1
1301	0
1302	0
1303	0
1304	1
1305	0
1306	2
1307	1
1308	2
1309	1
1310	1
1311	0
1312	1
1313	0
1314	1
1315	0
1316	0
1317	1
1318	1
1319	1
1320	0
1321	0
1322	3
1323	1
1324	0
1325	0
1326	1
1327	0
1328	2
1329	0
1330	1
1331	1
1332	0
1333	0
1334	0
1335	1
1336	0
1337	0
1338	0
1339	0
1340	1
1341	0
1342	0
1343	0
1344	2
1345	1
1346	0
1347	0
1348	0
1349	0
1350	0
1351	0
1352	1
1353	0
1354	0
1355	0
1356	1
1357	0
1358	0
1359	0
1360	0
1361	0
1362	0
1363	1
1364	0
1365	0
1366	0
1367	1
1368	0
1369	0
1370	0
1371	0
1372	1
1373	0
1374	1
1375	0
1376	1
1377	0
1378	0
1379	0
1380	0
1381	0
1382	0
1383	0
1384	1
1385	0
1386	0
1387	0
1388	0
1389	1
1390	0
1391	0
1392	1
1393	0
1394	0
1395	0
1396	1
1397	0
1398	0
1399	0
1400	0
1401	1
1402	0
1403	0
1404	0
1405	0
1406	0
1407	0
1408	1
1409	0
1410	0
1411	0
1412	0
1413	1
1414	0
1415	0
1416	0
1417	0
1418	1
1419	0
1420	2
1421	0
1422	0
1423	0
1424	0
1425	1
1426	0
1427	0
1428	0
1429	0
1430	0
1431	0
1432	0
1433	0
1434	0
1435	2
1436	1
1437	0
1438	1
1439	0
1440	0
1441	1
1442	0
1443	0
1444	0
1445	1
1446	0
1447	0
1448	0
1449	0
1450	1
1451	1
1452	1
1453	0
1454	1
1455	0
1456	0
1457	1
1458	0
1459	0
1460	0
1461	1
1462	0
1463	0
1464	0
1465	0
1466	0
1467	1
1468	0
1469	1
1470	1
1471	0
1472	0
1473	0
1474	0
1475	1
1476	0
1477	0
1478	0
1479	0
1480	0
1481	0
1482	1
1483	0
1484	1
1485	0
1486	0
1487	0
1488	0
1489	0
1490	0
1491	0
1492	0
1493	0
1494	0
1495	0
1496	1
1497	0
1498	0
1499	0
1500	0
1501	0
1502	0
1503	0
1504	1
1505	1
1506	0
1507	0
1508	1
1509	0
1510	0
1511	0
1512	0
1513	0
1514	1
1515	0
1516	0
1517	0
1518	1
1519	0
1520	1
1521	1
1522	0
1523	0
1524	0
1525	0
1526	1
1527	1
1528	0
1529	0
1530	0
1531	0
1532	0
1533	1
1534	1
1535	0
1536	0
1537	0
1538	0
1539	0
1540	1
1541	1
1542	0
1543	0
1544	0
1545	0
1546	0
1547	0
1548	0
1549	0
1550	2
1551	0
1552	0
1553	0
1554	1
1555	0
1556	0
1557	0
1558	0
1559	0
1560	0
1561	1
1562	0
1563	0
1564	0
1565	0
1566	0
1567	0
1568	0
1569	0
1570	2
1571	0
1572	0
1573	1
1574	0
1575	1
1576	0
1577	1
1578	0
1579	0
1580	0
1581	0
1582	0
1583	1
1584	0
1585	0
1586	0
1587	0
1588	0
1589	1
1590	0
1591	0
1592	0
1593	0
1594	2
1595	2
1596	0
1597	1
1598	1
1599	0
1600	0
1601	0
1602	1
1603	1
1604	0
1605	0
1606	1
1607	1
1608	0
1609	2
1610	1
1611	0
1612	0
1613	0
1614	0
1615	0
1616	0
1617	0
1618	1
1619	0
1620	0
1621	0
1622	0
1623	0
1624	2
1625	1
1626	1
1627	0
1628	0
1629	0
1630	0
1631	0
1632	2
1633	1
1634	1
1635	0
1636	0
1637	0
1638	1
1639	0
1640	0
1641	1
1642	0
1643	0
1644	1
1645	0
1646	0
1647	0
1648	0
1649	2
1650	1
1651	1
1652	1
1653	0
1654	2
1655	1
1656	0
1657	0
1658	1
1659	0
1660	0
1661	1
1662	2
1663	0
1664	0
1665	1
1666	0
1667	1
1668	1
1669	2
1670	1
1671	0
1672	0
1673	4
1674	1
1675	1
1676	0
1677	0
1678	0
1679	0
1680	0
1681	1
1682	2
1683	0
1684	1
1685	0
1686	1
1687	0
1688	1
1689	0
1690	1
1691	3
1692	1
1693	0
1694	1
1695	0
1696	0
1697	0
1698	0
1699	0
1700	0
1701	0
1702	0
1703	0
1704	0
1705	0
1706	1
1707	1
1708	2
1709	1
1710	2
1711	1
1712	3
1713	1
1714	1
1715	1
1716	1
1717	0
1718	0
1719	2
1720	2
1721	1
1722	1
1723	1
1724	0
1725	0
1726	0
1727	0
1728	0
1729	0
1730	1
1731	1
1732	1
1733	2
1734	0
1735	0
1736	2
1737	1
1738	1
1739	2
1740	0
1741	2
1742	1
1743	1
1744	3
1745	1
1746	0
1747	0
1748	2
1749	1
1750	0
1751	2
1752	2
1753	0
1754	0
1755	2
1756	3
1757	0
1758	2
1759	2
1760	2
1761	0
1762	3
1763	0
1764	2
1765	1
1766	1
1767	4
1768	2
1769	2
1770	3
1771	3
1772	2
1773	0
1774	2
1775	2
1776	2
1777	1
1778	2
1779	1
1780	2
1781	1
1782	1
1783	1
1784	2
1785	0
1786	1
1787	5
1788	1
1789	1
1790	2
1791	3
1792	1
1793	0
1794	2
1795	3
1796	3
1797	4
1798	3
1799	3
1800	3
1801	4
1802	3
1803	4
1804	3
1805	2
1806	2
1807	2
1808	3
1809	3
1810	8
1811	5
1812	6
1813	6
1814	5
1815	6
1816	6
1817	5
1818	9
1819	7
1820	5
1821	5
1822	3
1823	7
1824	3
1825	4
1826	6
1827	7
1828	7
1829	6
1830	8
1831	4
1832	7
1833	7
1834	5
1835	9
1836	2
1837	11
1838	6
1839	8
1840	8
1841	5
1842	11
1843	13
1844	8
1845	7
1846	9
1847	8
1848	10
1849	3
1850	8
1851	12
1852	10
1853	14
1854	16
1855	8
1856	8
1857	13
1858	9
1859	14
1860	14
1861	15
1862	19
1863	20
1864	16
1865	19
1866	16
1867	20
1868	13
1869	15
1870	10
1871	16
1872	17
1873	23
1874	26
1875	20
1876	21
1877	13
1878	28
1879	13
1880	20
1881	24
1882	21
1883	23
1884	28
1885	26
1886	29
1887	21
1888	31
1889	23
1890	18
1891	31
1892	24
1893	27
1894	25
1895	31
1896	36
1897	16
1898	28
1899	40
1900	33
1901	29
1902	27
1903	33
1904	35
1905	31
1906	23
1907	37
1908	26
1909	40
1910	48
1911	31
1912	40
1913	43
1914	46
1915	38
1916	55
1917	34
1918	41
1919	50
1920	50
1921	68
1922	51
1923	51
1924	41
1925	53
1926	59
1927	44
1928	51
1929	49
1930	47
1931	58
1932	59
1933	65
1934	60
1935	66
1936	66
1937	66
1938	79
1939	58
1940	69
1941	59
1942	78
1943	72
1944	79
1945	69
1946	87
1947	79
1948	58
1949	90
1950	72
1951	65
1952	77
1953	102
1954	89
1955	74
1956	89
1957	104
1958	95
1959	82
1960	84
1961	83
1962	115
1963	118
1964	97
1965	92
1966	104
1967	86
1968	120
1969	85
1970	82
1971	109
1972	119
1973	111
1974	103
1975	123
1976	109
1977	101
1978	118
1979	134
1980	105
1981	131
1982	130
1983	139
1984	122
1985	123
1986	134
1987	146
1988	136
1989	127
1990	124
1991	141
1992	163
1993	154
1994	144
1995	129
1996	141
1997	138
1998	144
1999	163
2000	151
2001	147
2002	153
2003	169
2004	163
2005	181
2006	175
2007	157
2008	178
2009	165
2010	179
2011	176
2012	186
2013	194
2014	193
2015	164
2016	174
2017	196
2018	188
2019	203
2020	186
2021	198
2022	209
2023	208
2024	205
2025	210
2026	197
2027	227
2028	212
2029	241
2030	216
2031	213
2032	219
2033	215
2034	224
2035	248
2036	222
2037	246
2038	212
2039	221
2040	249
2041	256
2042	254
2043	270
2044	228
2045	264
2046	244
2047	242
2048	219
2049	265
2050	242
2051	262
2052	246
2053	267
2054	268
2055	258
2056	271
2057	252
2058	283
2059	278
2060	266
2061	260
2062	266
2063	303
2064	252
2065	293
2066	255
2067	260
2068	273
2069	290
2070	282
2071	306
2072	264
2073	282
2074	287
2075	283
2076	302
2077	313
2078	303
2079	281
2080	291
2081	292
2082	279
2083	300
2084	336
2085	291
2086	335
2087	300
2088	306
2089	308
2090	306
2091	325
2092	316
2093	295
2094	311
2095	294
2096	324
2097	332
2098	314
2099	281
2100	305
2101	317
2102	286
2103	322
2104	311
2105	357
2106	305
2107	314
2108	303
2109	342
2110	339
2111	327
2112	308
2113	312
2114	264
2115	295
2116	316
2117	296
2118	328
2119	324
2120	310
2121	343
2122	330
2123	344
2124	331
2125	352
2126	336
2127	336
2128	312
2129	347
2130	335
2131	350
2132	312
2133	336
2134	329
2135	364
2136	350
2137	321
2138	327
2139	327
2140	314
2141	352
2142	314
2143	343
2144	329
2145	335
2146	347
2147	329
2148	312
2149	340
2150	329
2151	301
2152	321
2153	301
2154	336
2155	299
2156	346
2157	334
2158	338
2159	312
2160	337
2161	357
2162	369
2163	308
2164	344
2165	304
2166	316
2167	325
2168	302
2169	308
2170	291
2171	308
2172	308
2173	317
2174	327
2175	305
2176	329
2177	295
2178	305
2179	318
2180	267
2181	281
2182	304
2183	301
2184	285
2185	325
2186	269
2187	261
2188	329
2189	290
2190	315
2191	290
2192	266
2193	297
2194	289
2195	321
2196	254
2197	243
2198	264
2199	280
2200	279
2201	263
2202	293
2203	284
2204	251
2205	274
2206	252
2207	248
2208	270
2209	254
2210	255
2211	258
2212	245
2213	235
2214	239
2215	244
2216	272
2217	250
2218	241
2219	226
2220	230
2221	246
2222	227
2223	211
2224	233
2225	216
2226	227
2227	231
2228	200
2229	205
2230	247
2231	220
2232	206
2233	188
2234	201
2235	195
2236	212
2237	186
2238	198
2239	188
2240	197
2241	175
2242	201
2243	185
2244	197
2245	175
2246	187
2247	194
2248	175
2249	181
2250	190
2251	173
2252	167
2253	173
2254	172
2255	149
2256	137
2257	161
2258	171
2259	153
2260	138
2261	180
2262	132
2263	152
2264	128
2265	161
2266	138
2267	156
2268	139
2269	144
2270	156
2271	158
2272	116
2273	139
2274	137
2275	132
2276	111
2277	121
2278	132
2279	119
2280	136
2281	113
2282	117
2283	114
2284	117
2285	132
2286	97
2287	111
2288	119
2289	107
2290	111
2291	83
2292	102
2293	95
2294	109
2295	132
2296	117
2297	83
2298	84
2299	98
2300	84
2301	100
2302	74
2303	78
2304	87
2305	86
2306	78
2307	73
2308	76
2309	85
2310	72
2311	64
2312	89
2313	83
2314	81
2315	72
2316	82
2317	72
2318	84
2319	71
2320	57
2321	66
2322	71
2323	61
2324	57
2325	57
2326	55
2327	63
2328	56
2329	57
2330	56
2331	42
2332	58
2333	58
2334	61
2335	39
2336	55
2337	44
2338	61
2339	53
2340	51
2341	45
2342	36
2343	48
2344	37
2345	43
2346	39
2347	41
2348	50
2349	34
2350	34
2351	47
2352	34
2353	37
2354	34
2355	26
2356	34
2357	39
2358	31
2359	28
2360	40
2361	33
2362	24
2363	28
2364	28
2365	32
2366	26
2367	23
2368	26
2369	27
2370	21
2371	37
2372	27
2373	25
2374	29
2375	19
2376	24
2377	24
2378	17
2379	20
2380	19
2381	24
2382	26
2383	17
2384	14
2385	21
2386	16
2387	24
2388	22
2389	12
2390	18
2391	13
2392	20
2393	15
2394	12
2395	16
2396	16
2397	7
2398	8
2399	10
2400	12
2401	16
2402	7
2403	7
2404	8
2405	11
2406	10
2407	18
2408	12
2409	9
2410	11
2411	11
2412	15
2413	14
2414	9
2415	13
2416	9
2417	5
2418	9
2419	5
2420	11
2421	7
2422	5
2423	5
2424	8
2425	7
2426	8
2427	4
2428	5
2429	2
2430	4
2431	8
2432	4
2433	11
2434	5
2435	5
2436	5
2437	5
2438	7
2439	8
2440	2
2441	6
2442	2
2443	4
2444	4
2445	2
2446	4
2447	5
2448	4
2449	2
2450	1
2451	5
2452	3
2453	5
2454	2
2455	2
2456	2
2457	2
2458	1
2459	1
2460	3
2461	4
2462	3
2463	4
2464	5
2465	5
2466	2
2467	3
2468	4
2469	5
2470	3
2471	4
2472	3
2473	4
2474	3
2475	1
2476	2
2477	2
2478	3
2479	1
2480	5
2481	2
2482	0
2483	0
2484	0
2485	2
2486	1
2487	2
2488	1
2489	3
2490	0
2491	2
2492	0
2493	1
2494	1
2495	1
2496	2
2497	2
2498	1
2499	1
2500	0
2501	1
2502	1
2503	0
2504	2
2505	0
2506	1
2507	0
2508	1
2509	0
2510	1
2511	1
2512	1
2513	2
2514	0
2515	1
2516	1
2517	2
2518	0
2519	0
2520	1
2521	0
2522	2
2523	1
2524	2
2525	1
2526	1
2527	0
2528	0
2529	1
2530	0
2531	0
2532	0
2533	1
2534	0
2535	1
2536	1
2537	0
2538	0
2539	0
2540	0
2541	1
2542	0
2543	0
2544	0
2545	0
2546	1
2547	0
2548	2
2549	0
2550	0
2551	2
2552	0
2553	0
2554	2
2555	0
2556	1
2557	0
2558	1
2559	0
2560	0
2561	2
2562	1
2563	2
2564	0
2565	1
2566	2
2567	1
2568	0
2569	0
2570	1
2571	1
2572	0
2573	0
2574	0
2575	1
2576	0
2577	0
2578	0
2579	0
2580	0
2581	0
2582	0
2583	0
2584	0
2585	1
2586	0
2587	0
2588	2
2589	2
2590	1
2591	0
2592	0
2593	1
2594	0
2595	0
2596	1
2597	0
2598	0
2599	0
2600	0
2601	0
2602	1
2603	0
2604	0
2605	0
2606	0
2607	0
2608	0
2609	0
2610	0
2611	0
2612	1
2613	0
2614	0
2615	0
2616	0
2617	1
2618	0
2619	0
2620	0
2621	1
2622	0
2623	0
2624	0
2625	2
2626	0
2627	0
2628	1
2629	0
2630	1
2631	0
2632	2
2633	0
2634	0
2635	0
2636	1
2637	0
2638	0
2639	1
2640	0
2641	0
2642	0
2643	0
2644	0
2645	0
2646	0
2647	0
2648	0
2649	2
2650	1
2651	0
2652	0
2653	0
2654	0
2655	0
2656	0
2657	0
2658	0
2659	0
2660	3
2661	0
2662	0
2663	1
2664	0
2665	0
2666	2
2667	0
2668	2
2669	0
2670	1
2671	0
2672	0
2673	1
2674	1
2675	0
2676	0
2677	1
2678	0
2679	0
2680	1
2681	0
2682	0
2683	0
2684	0
2685	0
2686	1
2687	0
2688	0
2689	0
2690	0
2691	0
2692	0
2693	0
2694	1
2695	0
2696	0
2697	0
2698	0
2699	0
2700	0
2701	0
2702	0
2703	0
2704	0
2705	0
2706	0
2707	0
2708	1
2709	0
2710	0
2711	0
2712	1
2713	0
2714	0
2715	0
2716	0
2717	0
2718	0
2719	0
2720	0
2721	0
2722	0
2723	1
2724	0
2725	1
2726	0
2727	1
2728	0
2729	1
2730	0
2731	0
2732	0
2733	0
2734	1
2735	0
2736	0
2737	0
2738	1
2739	0
2740	0
2741	0
2742	0
2743	0
2744	1
2745	0
2746	0
2747	1
2748	0
2749	0
2750	0
2751	0
2752	0
2753	0
2754	1
2755	0
2756	0
2757	0
2758	0
2759	0
2760	0
2761	0
2762	1
2763	0
2764	0
2765	0
2766	0
2767	0
2768	0
2769	0
2770	0
2771	0
2772	0
2773	2
2774	0
2775	0
2776	0
2777	0
2778	0
2779	0
2780	0
2781	0
2782	0
2783	2
2784	0
2785	1
2786	0
2787	0
2788	0
2789	0
2790	0
2791	1
2792	0
2793	0
2794	2
2795	1
2796	1
2797	0
2798	1
2799	0
2800	0
2801	0
2802	0
2803	0
2804	1
2805	0
2806	1
2807	1
2808	1
2809	1
2810	1
2811	0
2812	0
2813	0
2814	0
2815	0
2816	1
2817	2
2818	0
2819	0
2820	1
2821	0
2822	0
2823	0
2824	1
2825	0
2826	0
2827	0
2828	1
2829	0
2830	2
2831	0
2832	0
2833	0
2834	0
2835	0
2836	0
2837	0
2838	0
2839	1
2840	1
2841	0
2842	0
2843	0
2844	0
2845	1
2846	0
2847	0
2848	0
2849	2
2850	1
2851	1
2852	0
2853	2
2854	0
2855	0
2856	0
2857	0
2858	1
2859	2
2860	0
2861	0
2862	0
2863	1
2864	0
2865	1
2866	0
2867	0
2868	0
2869	0
2870	2
2871	0
2872	0
2873	0
2874	0
2875	0
2876	1
2877	0
2878	0
2879	2
2880	0
2881	1
2882	1
2883	0
2884	0
2885	0
2886	1
2887	1
2888	0
2889	1
2890	0
2891	0
2892	0
2893	0
2894	0
2895	0
2896	0
2897	1
2898	0
2899	1
2900	0
2901	1
2902	2
2903	0
2904	0
2905	1
2906	1
2907	1
2908	0
2909	0
2910	0
2911	0
2912	0
2913	1
2914	2
2915	0
2916	0
2917	1
2918	0
2919	0
2920	1
2921	0
2922	0
2923	1
2924	0
2925	0
2926	2
2927	0
2928	1
2929	0
2930	1
2931	3
2932	0
2933	1
2934	1
2935	1
2936	0
2937	0
2938	1
2939	0
2940	1
2941	2
2942	1
2943	0
2944	0
2945	0
2946	0
2947	0
2948	1
2949	1
2950	0
2951	1
2952	1
2953	0
2954	1
2955	0
2956	1
2957	1
2958	0
2959	0
2960	1
2961	1
2962	1
2963	2
2964	0
2965	1
2966	0
2967	1
2968	1
2969	1
2970	0
2971	0
2972	0
2973	0
2974	1
2975	1
2976	0
2977	0
2978	1
2979	0
2980	5
2981	0
2982	0
2983	1
2984	0
2985	0
2986	3
2987	2
2988	4
2989	1
2990	1
2991	4
2992	1
2993	1
2994	1
2995	2
2996	0
2997	1
2998	1
2999	1
3000	3
3001	0
3002	0
3003	1
3004	1
3005	1
3006	2
3007	2
3008	1
3009	2
3010	0
3011	2
3012	3
3013	0
3014	0
3015	3
3016	2
3017	1
3018	3
3019	0
3020	0
3021	1
3022	2
3023	1
3024	2
3025	4
3026	0
3027	1
3028	2
3029	1
3030	4
3031	2
3032	3
3033	3
3034	2
3035	7
3036	2
3037	2
3038	4
3039	3
3040	2
3041	2
3042	2
3043	4
3044	5
3045	2
3046	3
3047	6
3048	4
3049	2
3050	2
3051	5
3052	3
3053	5
3054	7
3055	3
3056	1
3057	3
3058	7
3059	3
3060	3
3061	3
3062	7
3063	4
3064	7
3065	10
3066	3
3067	4
3068	5
3069	4
3070	5
3071	7
3072	3
3073	4
3074	6
3075	7
3076	1
3077	7
3078	3
3079	6
3080	4
3081	9
3082	3
3083	13
3084	11
3085	5
3086	3
3087	10
3088	11
3089	11
3090	3
3091	10
3092	8
3093	12
3094	11
3095	18
3096	11
3097	13
3098	13
3099	10
3100	11
3101	12
3102	13
3103	12
3104	9
3105	10
3106	8
3107	14
3108	21
3109	15
3110	13
3111	23
3112	16
3113	12
3114	20
3115	15
3116	18
3117	16
3118	13
3119	17
3120	17
3121	16
3122	15
3123	15
3124	17
3125	13
3126	24
3127	23
3128	17
3129	22
3130	20
3131	20
3132	20
3133	33
3134	18
3135	23
3136	28
3137	23
3138	21
3139	24
3140	24
3141	34
3142	40
3143	27
3144	30
3145	25
3146	30
3147	24
3148	29
3149	26
3150	37
3151	30
3152	47
3153	50
3154	33
3155	43
3156	38
3157	42
3158	35
3159	34
3160	37
3161	38
3162	44
3163	43
3164	46
3165	40
3166	38
3167	29
3168	47
3169	39
3170	53
3171	39
3172	45
3173	41
3174	35
3175	46
3176	50
3177	62
3178	51
3179	44
3180	54
3181	59
3182	56
3183	54
3184	58
3185	54
3186	55
3187	64
3188	61
3189	66
3190	60
3191	71
3192	61
3193	55
3194	77
3195	60
3196	71
3197	84
3198	69
3199	88
3200	86
3201	85
3202	75
3203	73
3204	86
3205	83
3206	68
3207	70
3208	79
3209	96
3210	95
3211	85
3212	82
3213	102
3214	94
3215	104
3216	95
3217	88
3218	99
3219	96
3220	90
3221	105
3222	91
3223	92
3224	124
3225	110
3226	104
3227	110
3228	115
3229	122
3230	134
3231	122
3232	118
3233	105
3234	149
3235	122
3236	142
3237	120
3238	123
3239	107
3240	137
3241	121
3242	155
3243	133
3244	123
3245	139
3246	137
3247	153
3248	166
3249	150
3250	144
3251	151
3252	161
3253	137
3254	152
3255	163
3256	155
3257	160
3258	174
3259	177
3260	167
3261	159
3262	170
3263	147
3264	179
3265	133
3266	182
3267	165
3268	165
3269	177
3270	173
3271	182
3272	198
3273	173
3274	184
3275	201
3276	204
3277	194
3278	192
3279	223
3280	225
3281	194
3282	188
3283	211
3284	213
3285	204
3286	196
3287	245
3288	221
3289	224
3290	218
3291	228
3292	213
3293	227
3294	231
3295	219
3296	234
3297	236
3298	213
3299	235
3300	237
3301	232
3302	248
3303	237
3304	271
3305	252
3306	220
3307	256
3308	240
3309	232
3310	243
3311	258
3312	286
3313	236
3314	271
3315	232
3316	226
3317	251
3318	279
3319	270
3320	291
3321	277
3322	278
3323	318
3324	284
3325	255
3326	306
3327	279
3328	304
3329	273
3330	271
3331	309
3332	292
3333	282
3334	298
3335	282
3336	283
3337	267
3338	272
3339	296
3340	287
3341	286
3342	309
3343	285
3344	281
3345	250
3346	304
3347	293
3348	324
3349	301
3350	266
3351	278
3352	294
3353	295
3354	311
3355	283
3356	319
3357	296
3358	314
3359	317
3360	315
3361	314
3362	289
3363	325
3364	340
3365	303
3366	292
3367	316
3368	298
3369	336
3370	328
3371	309
3372	346
3373	298
3374	292
3375	313
3376	341
3377	330
3378	291
3379	301
3380	342
3381	325
3382	308
3383	342
3384	317
3385	335
3386	302
3387	313
3388	333
3389	306
3390	322
3391	313
3392	375
3393	334
3394	297
3395	282
3396	351
3397	285
3398	295
3399	298
3400	301
3401	316
3402	323
3403	283
3404	312
3405	314
3406	295
3407	313
3408	310
3409	308
3410	315
3411	320
3412	310
3413	305
3414	320
3415	296
3416	287
3417	296
3418	298
3419	313
3420	310
3421	301
3422	294
3423	295
3424	310
3425	311
3426	273
3427	312
3428	310
3429	285
3430	313
3431	289
3432	325
3433	275
3434	297
3435	271
3436	293
3437	275
3438	233
3439	262
3440	300
3441	265
3442	252
3443	243
3444	261
3445	242
3446	247
3447	249
3448	277
3449	238
3450	238
3451	256
3452	259
3453	246
3454	250
3455	238
3456	246
3457	251
3458	265
3459	226
3460	216
3461	228
3462	239
3463	231
3464	226
3465	203
3466	228
3467	208
3468	214
3469	206
3470	214
3471	238
3472	208
3473	219
3474	237
3475	225
3476	210
3477	218
3478	174
3479	189
3480	208
3481	185
3482	212
3483	190
3484	182
3485	188
3486	196
3487	199
3488	190
3489	172
3490	211
3491	187
3492	182
3493	183
3494	170
3495	202
3496	165
3497	181
3498	177
3499	179
3500	174
3501	160
3502	185
3503	168
3504	166
3505	162
3506	158
3507	144
3508	149
3509	165
3510	154
3511	142
3512	150
3513	134
3514	164
3515	131
3516	138
3517	141
3518	124
3519	136
3520	142
3521	137
3522	125
3523	115
3524	121
3525	105
3526	137
3527	130
3528	129
3529	127
3530	106
3531	114
3532	115
3533	117
3534	108
3535	112
3536	120
3537	108
3538	104
3539	121
3540	116
3541	109
3542	101
3543	97
3544	94
3545	91
3546	86
3547	111
3548	75
3549	102
3550	89
3551	77
3552	80
3553	84
3554	77
3555	77
3556	67
3557	90
3558	82
3559	75
3560	95
3561	76
3562	67
3563	72
3564	66
3565	58
3566	77
3567	68
3568	50
3569	60
3570	73
3571	65
3572	55
3573	70
3574	66
3575	72
3576	36
3577	57
3578	64
3579	66
3580	58
3581	47
3582	58
3583	50
3584	42
3585	45
3586	48
3587	50
3588	47
3589	54
3590	48
3591	36
3592	38
3593	43
3594	32
3595	52
3596	30
3597	44
3598	41
3599	39
3600	39
3601	31
3602	36
3603	35
3604	32
3605	32
3606	33
3607	29
3608	33
3609	31
3610	37
3611	22
3612	18
3613	24
3614	33
3615	16
3616	24
3617	26
3618	21
3619	23
3620	15
3621	22
3622	27
3623	17
3624	23
3625	18
3626	26
3627	23
3628	28
3629	12
3630	16
3631	22
3632	19
3633	18
3634	20
3635	20
3636	14
3637	15
3638	16
3639	15
3640	9
3641	15
3642	15
3643	15
3644	20
3645	12
3646	18
3647	7
3648	22
3649	16
3650	7
3651	11
3652	19
3653	13
3654	9
3655	10
3656	14
3657	9
3658	9
3659	11
3660	12
3661	8
3662	7
3663	7
3664	10
3665	6
3666	13
3667	10
3668	13
3669	14
3670	7
3671	6
3672	9
3673	3
3674	6
3675	7
3676	6
3677	4
3678	7
3679	9
3680	4
3681	7
3682	4
3683	5
3684	2
3685	6
3686	5
3687	6
3688	7
3689	4
3690	9
3691	0
3692	5
3693	2
3694	3
3695	4
3696	4
3697	6
3698	1
3699	2
3700	3
3701	2
3702	8
3703	1
3704	5
3705	3
3706	0
3707	2
3708	1
3709	2
3710	3
3711	2
3712	4
3713	2
3714	2
3715	2
3716	2
3717	5
3718	4
3719	1
3720	2
3721	0
3722	2
3723	3
3724	2
3725	3
3726	4
3727	2
3728	1
3729	1
3730	1
3731	3
3732	2
3733	1
3734	0
3735	2
3736	3
3737	1
3738	1
3739	2
3740	0
3741	0
3742	0
3743	1
3744	1
3745	0
3746	1
3747	1
3748	0
3749	0
3750	2
3751	2
3752	0
3753	2
3754	0
3755	1
3756	1
3757	1
3758	1
3759	2
3760	3
3761	1
3762	0
3763	1
3764	0
3765	1
3766	1
3767	1
3768	0
3769	0
3770	3
3771	1
3772	1
3773	1
3774	0
3775	2
3776	1
3777	0
3778	2
3779	0
3780	0
3781	1
3782	0
3783	0
3784	0
3785	1
3786	0
3787	1
3788	1
3789	1
3790	0
3791	0
3792	0
3793	0
3794	3
3795	0
3796	0
3797	1
3798	0
3799	1
3800	0
3801	0
3802	0
3803	0
3804	1
3805	0
3806	1
3807	1
3808	0
3809	0
3810	1
3811	0
3812	0
3813	1
3814	0
3815	0
3816	0
3817	0
3818	1
3819	1
3820	0
3821	1
3822	0
3823	1
3824	0
3825	1
3826	0
3827	0
3828	0
3829	0
3830	0
3831	0
3832	0
3833	0
3834	0
3835	1
3836	0
3837	0
3838	0
3839	0
3840	0
3841	1
3842	0
3843	0
3844	1
3845	1
3846	0
3847	1
3848	0
3849	0
3850	0
3851	0
3852	0
3853	0
3854	1
3855	0
3856	0
3857	0
3858	1
3859	0
3860	0
3861	0
3862	0
3863	0
3864	0
3865	0
3866	0
3867	1
3868	0
3869	1
3870	0
3871	2
3872	0
3873	0
3874	1
3875	0
3876	1
3877	0
3878	0
3879	0
3880	0
3881	0
3882	0
3883	1
3884	0
3885	0
3886	0
3887	0
3888	1
3889	2
3890	1
3891	1
3892	0
3893	0
3894	0
3895	0
3896	2
3897	1
3898	0
3899	1
3900	0
3901	1
3902	1
3903	0
3904	0
3905	0
3906	0
3907	0
3908	0
3909	0
3910	0
3911	0
3912	0
3913	0
3914	0
3915	0
3916	0
3917	0
3918	0
3919	0
3920	1
3921	1
3922	0
3923	0
3924	0
3925	0
3926	0
3927	0
3928	1
3929	0
3930	0
3931	0
3932	0
3933	0
3934	0
3935	0
3936	1
3937	0
3938	0
3939	0
3940	0
3941	0
3942	0
3943	0
3944	0
3945	0
3946	0
3947	1
3948	0
3949	0
3950	0
3951	2
3952	0
3953	0
3954	0
3955	0
3956	0
3957	0
3958	0
3959	0
3960	0
3961	0
3962	0
3963	0
3964	0
3965	0
3966	0
3967	0
3968	0
3969	0
3970	0
3971	0
3972	0
3973	1
3974	1
3975	0
3976	0
3977	0
3978	0
3979	0
3980	0
3981	0
3982	0
3983	0
3984	0
3985	1
3986	0
3987	1
3988	2
3989	0
3990	0
3991	0
3992	0
3993	0
3994	0
3995	0
3996	0
3997	0
3998	1
3999	0
4000	1
4001	0
4002	1
4003	0
4004	0
4005	0
4006	0
4007	0
4008	1
4009	0
4010	0
4011	0
4012	0
4013	0
4014	0
4015	0
4016	0
4017	1
4018	0
4019	0
4020	0
4021	1
4022	0
4023	0
4024	1
4025	0
4026	0
4027	1
4028	0
4029	0
4030	0
4031	0
4032	0
4033	1
4034	0
4035	1
4036	1
4037	0
4038	1
4039	0
4040	2
4041	0
4042	0
4043	0
4044	0
4045	0
4046	0
4047	0
4048	0
4049	0
4050	0
4051	0
4052	0
4053	0
4054	1
4055	0
4056	3
4057	1
4058	0
4059	1
4060	0
4061	1
4062	1
4063	0
4064	0
4065	0
4066	1
4067	0
4068	0
4069	0
4070	1
4071	1
4072	1
4073	0
4074	0
4075	1
4076	2
4077	2
4078	0
4079	0
4080	1
4081	0
4082	0
4083	0
4084	1
4085	1
4086	0
4087	0
4088	0
4089	0
4090	0
4091	0
4092	1
4093	0
4094	0
4095	0
4096	0
4097	1
4098	0
4099	0
4100	1
4101	0
4102	0
4103	0
4104	0
4105	0
4106	0
4107	0
4108	0
4109	0
4110	1
4111	0
4112	2
4113	0
4114	1
4115	0
4116	0
4117	1
4118	0
4119	0
4120	1
4121	3
4122	0
4123	1
4124	2
4125	0
4126	0
4127	0
4128	0
4129	1
4130	0
4131	0
4132	0
4133	0
4134	0
4135	1
4136	1
4137	1
4138	0
4139	0
4140	0
4141	0
4142	0
4143	0
4144	1
4145	1
4146	0
4147	0
4148	0
4149	0
4150	0
4151	0
4152	0
4153	0
4154	0
4155	0
4156	0
4157	0
4158	0
4159	0
4160	0
4161	2
4162	0
4163	0
4164	0
4165	0
4166	0
4167	1
4168	2
4169	2
4170	1
4171	1
4172	1
4173	0
4174	0
4175	1
4176	0
4177	1
4178	0
4179	0
4180	0
4181	0
4182	1
4183	0
4184	1
4185	1
4186	1
4187	1
4188	0
4189	0
4190	0
4191	0
4192	1
4193	2
4194	1
4195	1
4196	1
4197	0
4198	1
4199	0
4200	2
4201	0
4202	2
4203	0
4204	1
4205	1
4206	3
4207	1
4208	0
4209	0
4210	2
4211	0
4212	0
4213	1
4214	3
4215	0
4216	0
4217	0
4218	2
4219	0
4220	2
4221	0
4222	0
4223	1
4224	4
4225	1
4226	0
4227	0
4228	1
4229	1
4230	0
4231	1
4232	0
4233	0
4234	0
4235	1
4236	2
4237	0
4238	2
4239	0
4240	1
4241	0
4242	1
4243	0
4244	0
4245	2
4246	0
4247	0
4248	3
4249	1
4250	2
4251	5
4252	2
4253	0
4254	0
4255	3
4256	3
4257	2
4258	0
4259	1
4260	1
4261	3
4262	1
4263	3
4264	0
4265	3
4266	1
4267	2
4268	2
4269	0
4270	0
4271	2
4272	1
4273	10
4274	2
4275	6
4276	4
4277	3
4278	1
4279	2
4280	3
4281	0
4282	3
4283	4
4284	3
4285	4
4286	4
4287	3
4288	3
4289	5
4290	8
4291	0
4292	1
4293	4
4294	6
4295	4
4296	4
4297	2
4298	6
4299	3
4300	5
4301	6
4302	5
4303	4
4304	1
4305	5
4306	5
4307	7
4308	6
4309	2
4310	3
4311	10
4312	4
4313	7
4314	3
4315	7
4316	11
4317	3
4318	5
4319	7
4320	10
4321	6
4322	6
4323	10
4324	7
4325	10
4326	13
4327	7
4328	6
4329	13
4330	14
4331	8
4332	9
4333	16
4334	11
4335	9
4336	14
4337	9
4338	14
4339	10
4340	11
4341	10
4342	11
4343	18
4344	13
4345	14
4346	14
4347	16
4348	15
4349	16
4350	16
4351	14
4352	20
4353	14
4354	14
4355	15
4356	12
4357	22
4358	17
4359	14
4360	13
4361	22
4362	15
4363	18
4364	11
4365	16
4366	27
4367	23
4368	14
4369	30
4370	33
4371	26
4372	22
4373	26
4374	17
4375	24
4376	32
4377	14
4378	29
4379	32
4380	24
4381	21
4382	24
4383	24
4384	28
4385	30
4386	29
4387	35
4388	37
4389	27
4390	41
4391	37
4392	30
4393	33
4394	38
4395	30
4396	35
4397	40
4398	40
4399	32
4400	36
4401	35
4402	40
4403	38
4404	40
4405	38
4406	45
4407	41
4408	45
4409	36
4410	53
4411	52
4412	52
4413	50
4414	51
4415	52
4416	58
4417	45
4418	71
4419	59
4420	60
4421	55
4422	54
4423	66
4424	58
4425	75
4426	70
4427	58
4428	57
4429	61
4430	77
4431	82
4432	72
4433	58
4434	91
4435	88
4436	68
4437	77
4438	79
4439	61
4440	75
4441	79
4442	86
4443	95
4444	80
4445	89
4446	85
4447	101
4448	65
4449	100
4450	84
4451	95
4452	92
4453	99
4454	98
4455	85
4456	98
4457	123
4458	112
4459	97
4460	103
4461	116
4462	118
4463	90
4464	104
4465	94
4466	123
4467	112
4468	133
4469	121
4470	114
4471	130
4472	130
4473	141
4474	121
4475	139
4476	127
4477	120
4478	143
4479	136
4480	149
4481	146
4482	124
4483	154
4484	127
4485	147
4486	158
4487	149
4488	156
4489	158
4490	180
4491	153
4492	167
4493	155
4494	168
4495	153
4496	194
4497	167
4498	210
4499	193
4500	170
4501	188
4502	160
4503	191
4504	160
4505	173
4506	184
4507	200
4508	212
4509	191
4510	215
4511	188
4512	244
4513	214
4514	194
4515	248
4516	208
4517	206
4518	214
4519	237
4520	226
4521	219
4522	203
4523	209
4524	222
4525	210
4526	224
4527	241
4528	235
4529	207
4530	247
4531	254
4532	268
4533	254
4534	241
4535	232
4536	253
4537	230
4538	238
4539	270
4540	234
4541	280
4542	241
4543	269
4544	285
4545	267
4546	257
4547	258
4548	274
4549	273
4550	257
4551	294
4552	261
4553	272
4554	277
4555	288
4556	313
4557	268
4558	269
4559	300
4560	278
4561	283
4562	287
4563	288
4564	317
4565	317
4566	313
4567	314
4568	321
4569	289
4570	271
4571	284
4572	312
4573	335
4574	321
4575	289
4576	292
4577	299
4578	317
4579	321
4580	312
4581	319
4582	309
4583	332
4584	349
4585	322
4586	323
4587	343
4588	325
4589	316
4590	338
4591	306
4592	322
4593	322
4594	306
4595	340
4596	331
4597	373
4598	358
4599	354
4600	320
4601	342
4602	352
4603	348
4604	335
4605	337
4606	372
4607	325
4608	306
4609	374
4610	358
4611	327
4612	345
4613	329
4614	341
4615	362
4616	321
4617	336
4618	355
4619	365
4620	382
4621	327
4622	374
4623	340
4624	329
4625	341
4626	343
4627	337
4628	361
4629	335
4630	366
4631	342
4632	337
4633	330
4634	311
4635	332
4636	323
4637	384
4638	348
4639	336
4640	365
4641	352
4642	350
4643	323
4644	327
4645	346
4646	319
4647	337
4648	378
4649	290
4650	351
4651	331
4652	353
4653	320
4654	324
4655	336
4656	286
4657	353
4658	331
4659	319
4660	303
4661	308
4662	347
4663	323
4664	350
4665	334
4666	284
4667	308
4668	337
4669	299
4670	322
4671	289
4672	311
4673	326
4674	330
4675	311
4676	310
4677	304
4678	293
4679	334
4680	306
4681	288
4682	309
4683	297
4684	299
4685	265
4686	281
4687	294
4688	267
4689	270
4690	272
4691	312
4692	273
4693	305
4694	275
4695	318
4696	269
4697	261
4698	261
4699	271
4700	236
4701	256
4702	253
4703	250
4704	246
4705	263
4706	267
4707	226
4708	239
4709	247
4710	238
4711	244
4712	259
4713	237
4714	251
4715	268
4716	254
4717	234
4718	233
4719	251
4720	235
4721	233
4722	206
4723	214
4724	246
4725	224
4726	209
4727	223
4728	212
4729	186
4730	227
4731	217
4732	186
4733	190
4734	218
4735	180
4736	184
4737	206
4738	190
4739	171
4740	211
4741	188
4742	160
4743	195
4744	177
4745	177
4746	177
4747	145
4748	174
4749	192
4750	175
4751	172
4752	183
4753	169
4754	148
4755	139
4756	154
4757	135
4758	149
4759	145
4760	152
4761	163
4762	157
4763	159
4764	149
4765	151
4766	138
4767	154
4768	119
4769	123
4770	128
4771	145
4772	105
4773	134
4774	118
4775	130
4776	104
4777	113
4778	117
4779	131
4780	105
4781	100
4782	126
4783	98
4784	102
4785	113
4786	105
4787	95
4788	96
4789	87
4790	102
4791	118
4792	100
4793	85
4794	95
4795	95
4796	89
4797	96
4798	75
4799	79
4800	92
4801	91
4802	74
4803	95
4804	80
4805	69
4806	83
4807	76
4808	79
4809	69
4810	73
4811	72
4812	74
4813	55
4814	62
4815	55
4816	91
4817	69
4818	65
4819	63
4820	71
4821	59
4822	65
4823	59
4824	45
4825	67
4826	52
4827	38
4828	42
4829	55
4830	50
4831	42
4832	49
4833	51
4834	51
4835	40
4836	50
4837	34
4838	43
4839	43
4840	42
4841	45
4842	30
4843	45
4844	41
4845	42
4846	27
4847	38
4848	28
4849	40
4850	32
4851	29
4852	25
4853	31
4854	22
4855	20
4856	30
4857	32
4858	28
4859	29
4860	33
4861	29
4862	31
4863	31
4864	31
4865	22
4866	22
4867	38
4868	21
4869	13
4870	20
4871	22
4872	20
4873	21
4874	15
4875	20
4876	17
4877	15
4878	18
4879	21
4880	10
4881	14
4882	19
4883	15
4884	11
4885	16
4886	23
4887	21
4888	22
4889	16
4890	14
4891	17
4892	15
4893	15
4894	12
4895	16
4896	7
4897	15
4898	9
4899	17
4900	9
4901	7
4902	9
4903	18
4904	13
4905	11
4906	9
4907	8
4908	13
4909	7
4910	11
4911	5
4912	5
4913	6
4914	10
4915	8
4916	9
4917	7
4918	7
4919	10
4920	8
4921	4
4922	3
4923	4
4924	5
4925	8
4926	4
4927	7
4928	5
4929	9
4930	5
4931	4
4932	1
4933	9
4934	9
4935	4
4936	5
4937	3
4938	5
4939	2
4940	0
4941	1
4942	5
4943	3
4944	5
4945	5
4946	1
4947	6
4948	4
4949	5
4950	2
4951	4
4952	2
4953	5
4954	0
4955	4
4956	2
4957	6
4958	5
4959	5
4960	4
4961	4
4962	2
4963	1
4964	1
4965	4
4966	3
4967	2
4968	1
4969	0
4970	1
4971	3
4972	1
4973	1
4974	0
4975	7
4976	3
4977	0
4978	0
4979	0
4980	0
4981	0
4982	1
4983	2
4984	1
4985	1
4986	0
4987	0
4988	0
4989	1
4990	1
4991	1
4992	5
4993	0
4994	2
4995	5
4996	1
4997	1
4998	0
4999	1
5000	1
5001	1
5002	2
5003	0
5004	1
5005	0
5006	0
5007	1
5008	1
5009	0
5010	2
5011	0
5012	0
5013	1
5014	1
5015	1
5016	0
5017	1
5018	0
5019	0
5020	2
5021	0
5022	2
5023	0
5024	0
5025	1
5026	0
5027	0
5028	0
5029	2
5030	0
5031	1
5032	1
5033	0
5034	0
5035	2
5036	0
5037	0
5038	0
5039	1
5040	1
5041	0
5042	0
5043	1
5044	0
5045	0
5046	0
5047	0
5048	0
5049	0
5050	0
5051	2
5052	0
5053	0
5054	0
5055	1
5056	0
5057	0
5058	0
5059	0
5060	0
5061	0
5062	1
5063	0
5064	2
5065	0
5066	0
5067	0
5068	1
5069	1
5070	0
5071	0
5072	0
5073	2
5074	0
5075	0
5076	0
5077	2
5078	0
5079	0
5080	0
5081	0
5082	1
5083	0
5084	0
5085	1
5086	1
5087	1
5088	0
5089	0
5090	0
5091	2
5092	0
5093	0
5094	0
5095	0
5096	1
5097	0
5098	0
5099	0
5100	3
5101	0
5102	0
5103	0
5104	2
5105	1
5106	0
5107	0
5108	1
5109	1
5110	0
5111	1
5112	0
5113	0
5114	0
5115	1
5116	0
5117	0
5118	0
5119	0
5120	1
5121	0
5122	0
5123	0
5124	1
5125	0
5126	0
5127	0
5128	0
5129	0
5130	0
5131	1
5132	0
5133	0
5134	1
5135	0
5136	0
5137	0
5138	0
5139	1
5140	0
5141	0
5142	0
5143	0
5144	0
5145	0
5146	1
5147	0
5148	0
5149	0
5150	1
5151	0
5152	0
5153	0
5154	0
5155	0
5156	0
5157	0
5158	0
5159	0
5160	0
5161	1
5162	0
5163	0
5164	1
5165	0
5166	0
5167	0
5168	0
5169	0
5170	0
5171	0
5172	0
5173	1
5174	0
5175	0
5176	0
5177	1
5178	1
5179	1
5180	1
5181	1
5182	0
5183	1
5184	1
5185	0
5186	1
5187	0
5188	1
5189	0
5190	0
5191	0
5192	0
5193	0
5194	0
5195	1
5196	0
5197	0
5198	0
5199	0
5200	0
5201	0
5202	0
5203	0
5204	0
5205	0
5206	0
5207	0
5208	1
5209	0
5210	0
5211	0
5212	0
5213	0
5214	0
5215	0
5216	1
5217	0
5218	0
5219	0
5220	0
5221	0
5222	1
5223	0
5224	0
5225	0
5226	0
5227	0
5228	0
5229	0
5230	1
5231	0
5232	0
5233	0
5234	0
5235	1
5236	1
5237	0
5238	0
5239	0
5240	0
5241	1
5242	2
5243	0
5244	0
5245	1
5246	0
5247	1
5248	1
5249	0
5250	0
5251	0
5252	0
5253	1
5254	0
5255	0
5256	0
5257	0
5258	0
5259	0
5260	1
5261	0
5262	0
5263	0
5264	0
5265	0
5266	0
5267	0
5268	0
5269	0
5270	1
5271	0
5272	0
5273	1
5274	0
5275	0
5276	0
5277	0
5278	0
5279	0
5280	0
5281	0
5282	0
5283	0
5284	0
5285	0
5286	0
5287	1
5288	0
5289	0
5290	0
5291	0
5292	0
5293	0
5294	0
5295	0
5296	1
5297	0
5298	0
5299	2
5300	0
5301	0
5302	0
5303	0
5304	0
5305	0
5306	2
5307	0
5308	0
5309	1
5310	0
5311	0
5312	0
5313	0
5314	0
5315	0
5316	0
5317	0
5318	0
5319	0
5320	1
5321	0
5322	1
5323	0
5324	0
5325	0
5326	0
5327	0
5328	0
5329	0
5330	1
5331	0
5332	0
5333	1
5334	0
5335	0
5336	0
5337	0
5338	2
5339	0
5340	1
5341	0
5342	0
5343	1
5344	1
5345	0
5346	0
5347	0
5348	1
5349	0
5350	0
5351	0
5352	0
5353	1
5354	0
5355	0
5356	1
5357	0
5358	0
5359	0
5360	0
5361	0
5362	0
5363	0
5364	0
5365	0
5366	1
5367	0
5368	0
5369	0
5370	1
5371	1
5372	2
5373	0
5374	1
5375	0
5376	0
5377	0
5378	0
5379	1
5380	1
5381	0
5382	2
5383	3
5384	0
5385	1
5386	0
5387	0
5388	0
5389	2
5390	0
5391	1
5392	0
5393	0
5394	1
5395	1
5396	0
5397	1
5398	1
5399	0
5400	1
5401	0
5402	0
5403	0
5404	0
5405	0
5406	0
5407	1
5408	1
5409	0
5410	1
5411	1
5412	0
5413	1
5414	2
5415	0
5416	0
5417	0
5418	0
5419	0
5420	2
5421	0
5422	0
5423	0
5424	0
5425	2
5426	0
5427	0
5428	0
5429	1
5430	1
5431	0
5432	1
5433	0
5434	1
5435	1
5436	0
5437	0
5438	0
5439	1
5440	1
5441	0
5442	1
5443	2
5444	1
5445	0
5446	0
5447	1
5448	0
5449	0
5450	1
5451	0
5452	1
5453	0
5454	0
5455	0
5456	0
5457	3
5458	0
5459	1
5460	0
5461	0
5462	1
5463	0
5464	0
5465	0
5466	0
5467	1
5468	0
5469	1
5470	0
5471	1
5472	1
5473	1
5474	0
5475	1
5476	1
5477	2
5478	0
5479	2
5480	1
5481	2
5482	1
5483	4
5484	0
5485	2
5486	0
5487	1
5488	3
5489	0
5490	2
5491	2
5492	3
5493	1
5494	1
5495	0
5496	1
5497	3
5498	0
5499	0
5500	1
5501	2
5502	3
5503	1
5504	0
5505	1
5506	1
5507	4
5508	1
5509	1
5510	2
5511	1
5512	1
5513	0
5514	2
5515	5
5516	1
5517	1
5518	2
5519	1
5520	1
5521	1
5522	1
5523	4
5524	3
5525	3
5526	1
5527	0
5528	2
5529	2
5530	0
5531	0
5532	3
5533	2
5534	4
5535	1
5536	7
5537	3
5538	3
5539	1
5540	5
5541	2
5542	1
5543	4
5544	6
5545	2
5546	5
5547	2
5548	4
5549	3
5550	3
5551	2
5552	4
5553	2
5554	3
5555	3
5556	5
5557	3
5558	4
5559	5
5560	4
5561	6
5562	6
5563	8
5564	7
5565	6
5566	8
5567	6
5568	4
5569	3
5570	4
5571	4
5572	5
5573	5
5574	6
5575	7
5576	7
5577	8
5578	11
5579	7
5580	8
5581	11
5582	12
5583	6
5584	6
5585	5
5586	6
5587	10
5588	11
5589	5
5590	17
5591	11
5592	10
5593	5
5594	14
5595	9
5596	7
5597	16
5598	22
5599	13
5600	9
5601	11
5602	9
5603	12
5604	18
5605	16
5606	10
5607	13
5608	15
5609	12
5610	19
5611	23
5612	17
5613	15
5614	15
5615	15
5616	20
5617	23
5618	22
5619	19
5620	26
5621	24
5622	25
5623	17
5624	20
5625	26
5626	22
5627	19
5628	29
5629	20
5630	25
5631	31
5632	24
5633	29
5634	21
5635	24
5636	26
5637	27
5638	36
5639	30
5640	31
5641	32
5642	33
5643	32
5644	28
5645	32
5646	36
5647	40
5648	41
5649	25
5650	39
5651	37
5652	37
5653	32
5654	36
5655	31
5656	43
5657	44
5658	50
5659	41
5660	43
5661	34
5662	44
5663	39
5664	39
5665	41
5666	35
5667	45
5668	45
5669	48
5670	48
5671	56
5672	58
5673	59
5674	54
5675	60
5676	51
5677	57
5678	49
5679	69
5680	62
5681	65
5682	68
5683	72
5684	72
5685	60
5686	70
5687	70
5688	69
5689	80
5690	60
5691	77
5692	79
5693	65
5694	68
5695	66
5696	81
5697	76
5698	77
5699	86
5700	88
5701	72
5702	92
5703	81
5704	94
5705	84
5706	92
5707	87
5708	102
5709	94
5710	110
5711	94
5712	94
5713	115
5714	94
5715	99
5716	89
5717	88
5718	128
5719	112
5720	94
5721	116
5722	92
5723	106
5724	123
5725	134
5726	132
5727	130
5728	113
5729	141
5730	117
5731	150
5732	150
5733	157
5734	149
5735	155
5736	138
5737	133
5738	147
5739	161
5740	140
5741	148
5742	147
5743	141
5744	157
5745	160
5746	166
5747	148
5748	144
5749	156
5750	141
5751	168
5752	162
5753	184
5754	179
5755	184
5756	187
5757	184
5758	206
5759	158
5760	188
5761	165
5762	178
5763	182
5764	209
5765	212
5766	210
5767	188
5768	189
5769	182
5770	203
5771	203
5772	226
5773	206
5774	216
5775	226
5776	209
5777	220
5778	236
5779	206
5780	225
5781	226
5782	271
5783	214
5784	245
5785	228
5786	238
5787	225
5788	208
5789	221
5790	219
5791	245
5792	267
5793	249
5794	282
5795	241
5796	270
5797	260
5798	248
5799	250
5800	262
5801	281
5802	266
5803	270
5804	263
5805	253
5806	271
5807	245
5808	281
5809	258
5810	285
5811	285
5812	306
5813	269
5814	295
5815	298
5816	276
5817	311
5818	271
5819	298
5820	298
5821	324
5822	296
5823	260
5824	288
5825	303
5826	316
5827	318
5828	310
5829	293
5830	300
5831	307
5832	295
5833	291
5834	337
5835	329
5836	335
5837	314
5838	290
5839	337
5840	351
5841	313
5842	354
5843	311
5844	335
5845	334
5846	303
5847	330
5848	316
5849	294
5850	349
5851	310
5852	325
5853	352
5854	335
5855	329
5856	322
5857	363
5858	309
5859	349
5860	317
5861	349
5862	347
5863	362
5864	370
5865	315
5866	340
5867	343
5868	346
5869	321
5870	331
5871	342
5872	367
5873	339
5874	364
5875	344
5876	356
5877	369
5878	334
5879	337
5880	323
5881	360
5882	364
5883	356
5884	310
5885	332
5886	354
5887	353
5888	358
5889	342
5890	355
5891	372
5892	331
5893	378
5894	336
5895	354
5896	348
5897	345
5898	319
5899	358
5900	351
5901	344
5902	317
5903	354
5904	369
5905	350
5906	329
5907	318
5908	324
5909	338
5910	308
5911	338
5912	289
5913	303
5914	340
5915	332
5916	359
5917	313
5918	315
5919	332
5920	315
5921	358
5922	345
5923	293
5924	317
5925	316
5926	298
5927	288
5928	309
5929	331
5930	293
5931	334
5932	322
5933	338
5934	338
5935	285
5936	265
5937	287
5938	319
5939	303
5940	301
5941	299
5942	274
5943	294
5944	273
5945	288
5946	304
5947	295
5948	271
5949	297
5950	275
5951	254
5952	275
5953	251
5954	290
5955	291
5956	262
5957	269
5958	245
5959	260
5960	271
5961	255
5962	230
5963	250
5964	254
5965	250
5966	246
5967	226
5968	270
5969	246
5970	230
5971	220
5972	237
5973	238
5974	229
5975	248
5976	216
5977	240
5978	248
5979	232
5980	239
5981	201
5982	229
5983	214
5984	211
5985	221
5986	220
5987	231
5988	181
5989	178
5990	208
5991	210
5992	205
5993	160
5994	176
5995	193
5996	189
5997	202
5998	191
5999	175
6000	179
6001	171
6002	178
6003	201
6004	175
6005	185
6006	180
6007	149
6008	179
6009	160
6010	174
6011	170
6012	161
6013	163
6014	157
6015	150
6016	150
6017	134
6018	136
6019	157
6020	132
6021	123
6022	144
6023	141
6024	146
6025	127
6026	121
6027	139
6028	140
6029	125
6030	118
6031	117
6032	110
6033	117
6034	110
6035	118
6036	117
6037	104
6038	106
6039	103
6040	123
6041	114
6042	105
6043	127
6044	98
6045	89
6046	104
6047	107
6048	99
6049	71
6050	108
6051	94
6052	74
6053	90
6054	94
6055	85
6056	99
6057	73
6058	83
6059	76
6060	69
6061	74
6062	79
6063	68
6064	70
6065	74
6066	67
6067	63
6068	70
6069	82
6070	69
6071	60
6072	73
6073	59
6074	72
6075	72
6076	72
6077	69
6078	48
6079	47
6080	60
6081	47
6082	46
6083	58
6084	52
6085	49
6086	43
6087	40
6088	39
6089	55
6090	44
6091	39
6092	45
6093	51
6094	60
6095	42
6096	44
6097	36
6098	50
6099	40
6100	36
6101	30
6102	39
6103	31
6104	36
6105	37
6106	34
6107	25
6108	29
6109	37
6110	24
6111	35
6112	30
6113	32
6114	38
6115	27
6116	26
6117	31
6118	27
6119	23
6120	24
6121	16
6122	20
6123	32
6124	14
6125	34
6126	29
6127	13
6128	11
6129	15
6130	18
6131	16
6132	17
6133	19
6134	23
6135	12
6136	23
6137	26
6138	18
6139	12
6140	18
6141	13
6142	15
6143	15
6144	13
6145	17
6146	13
6147	8
6148	7
6149	13
6150	9
6151	17
6152	10
6153	10
6154	13
6155	12
6156	7
6157	9
6158	13
6159	11
6160	20
6161	11
6162	9
6163	11
6164	5
6165	7
6166	15
6167	11
6168	7
6169	6
6170	11
6171	11
6172	13
6173	9
6174	5
6175	9
6176	11
6177	14
6178	6
6179	7
6180	11
6181	4
6182	7
6183	9
6184	4
6185	8
6186	6
6187	6
6188	5
6189	5
6190	5
6191	5
6192	7
6193	4
6194	2
6195	4
6196	2
6197	4
6198	5
6199	7
6200	2
6201	3
6202	4
6203	3
6204	0
6205	5
6206	3
6207	6
6208	1
6209	2
6210	5
6211	7
6212	5
6213	0
6214	1
6215	2
6216	5
6217	2
6218	2
6219	2
6220	1
6221	2
6222	3
6223	1
6224	2
6225	1
6226	3
6227	2
6228	0
6229	1
6230	3
6231	2
6232	1
6233	0
6234	2
6235	0
6236	2
6237	0
6238	2
6239	5
6240	0
6241	3
6242	4
6243	2
6244	0
6245	2
6246	2
6247	1
6248	1
6249	1
6250	0
6251	1
6252	1
6253	1
6254	2
6255	0
6256	0
6257	0
6258	1
6259	1
6260	0
6261	0
6262	0
6263	0
6264	0
6265	0
6266	1
6267	0
6268	0
6269	0
6270	0
6271	0
6272	0
6273	0
6274	0
6275	1
6276	0
6277	3
6278	0
6279	0
6280	1
6281	0
6282	0
6283	1
6284	0
6285	0
6286	0
6287	0
6288	1
6289	1
6290	0
6291	0
6292	0
6293	0
6294	1
6295	0
6296	0
6297	1
6298	0
6299	0
6300	1
6301	0
6302	0
6303	1
6304	0
6305	0
6306	1
6307	1
6308	0
6309	0
6310	0
6311	1
6312	0
6313	0
6314	0
6315	0
6316	0
6317	1
6318	0
6319	0
6320	0
6321	1
6322	0
6323	0
6324	0
6325	0
6326	0
6327	1
6328	0
6329	2
6330	0
6331	0
6332	0
6333	0
6334	0
6335	1
6336	1
6337	0
6338	0
6339	2
6340	0
6341	0
6342	0
6343	0
6344	0
6345	0
6346	0
6347	0
6348	1
6349	0
6350	0
6351	0
6352	0
6353	0
6354	1
6355	0
6356	0
6357	0
6358	0
6359	1
6360	0
6361	1
6362	0
6363	0
6364	0
6365	1
6366	0
6367	1
6368	0
6369	0
6370	0
6371	1
6372	0
6373	0
6374	0
6375	0
6376	0
6377	0
6378	1
6379	0
6380	2
6381	0
6382	0
6383	0
6384	1
6385	0
6386	0
6387	0
6388	0
6389	0
6390	0
6391	0
6392	0
6393	0
6394	0
6395	0
6396	0
6397	0
6398	0
6399	0
6400	0
6401	0
6402	1
6403	1
6404	1
6405	1
6406	1
6407	0
6408	0
6409	0
6410	1
6411	0
6412	0
6413	0
6414	1
6415	0
6416	0
6417	0
6418	1
6419	0
6420	0
6421	0
6422	1
6423	1
6424	1
6425	0
6426	0
6427	0
6428	0
6429	0
6430	0
6431	0
6432	0
6433	0
6434	0
6435	0
6436	0
6437	0
6438	1
6439	0
6440	0
6441	0
6442	0
6443	0
6444	0
6445	0
6446	0
6447	0
6448	0
6449	0
6450	0
6451	0
6452	0
6453	0
6454	0
6455	0
6456	0
6457	0
6458	0
6459	0
6460	0
6461	0
6462	0
6463	0
6464	0
6465	0
6466	0
6467	0
6468	0
6469	0
6470	0
6471	0
6472	0
6473	1
6474	0
6475	0
6476	0
6477	0
6478	0
6479	0
6480	0
6481	0
6482	0
6483	0
6484	0
6485	0
6486	0
6487	0
6488	0
6489	0
6490	0
6491	0
6492	0
6493	0
6494	0
6495	0
6496	0
6497	0
6498	0
6499	0
6500	0
6501	0
6502	0
6503	0
6504	0
6505	0
6506	0
6507	0
6508	0
6509	0
6510	0
6511	0
6512	0
6513	0
6514	0
6515	0
6516	0
6517	0
6518	0
6519	0
6520	0
6521	0
6522	0
6523	0
6524	0
6525	0
6526	0
6527	0
6528	0
6529	0
6530	0
6531	0
6532	0
6533	0
6534	0
6535	0
6536	0
6537	0
6538	0
6539	0
6540	0
6541	0
6542	0
6543	0
6544	0
6545	0
6546	0
6547	0
6548	0
6549	0
6550	0
6551	0
6552	0
6553	0
6554	0
6555	0
6556	0
6557	0
6558	0
6559	0
6560	0
6561	0
6562	0
6563	0
6564	0
6565	0
6566	0
6567	0
6568	0
6569	0
6570	0
6571	0
6572	0
6573	0
6574	0
6575	0
6576	0
6577	0
6578	0
6579	0
6580	0
6581	0
6582	0
6583	0
6584	0
6585	0
6586	0
6587	0
6588	0
6589	0
6590	0
6591	0
6592	0
6593	0
6594	0
6595	0
6596	0
6597	0
6598	0
6599	0
6600	0
6601	0
6602	0
6603	0
6604	0
6605	0
6606	0
6607	0
6608	0
6609	0
6610	0
6611	0
6612	0
6613	0
6614	0
6615	0
6616	0
6617	0
6618	0
6619	0
6620	0
6621	0
6622	0
6623	0
6624	0
6625	0
6626	0
6627	0
6628	0
6629	0
6630	0
6631	0
6632	0
6633	0
6634	0
6635	0
6636	0
6637	0
6638	0
6639	0
6640	0
6641	0
6642	0
6643	0
6644	0
6645	0
6646	0
6647	0
6648	0
6649	0
6650	0
6651	0
6652	0
6653	0
6654	0
6655	0
6656	0
6657	0
6658	0
6659	0
6660	0
6661	0
6662	0
6663	0
6664	0
6665	0
6666	0
6667	0
6668	0
6669	0
6670	0
6671	0
6672	0
6673	0
6674	0
6675	0
6676	0
6677	0
6678	0
6679	0
6680	0
6681	0
6682	0
6683	0
6684	0
6685	0
6686	0
6687	0
6688	0
6689	0
6690	0
6691	0
6692	0
6693	0
6694	0
6695	0
6696	0
6697	0
6698	0
6699	0
6700	0
6701	0
6702	0
6703	0
6704	0
6705	0
6706	0
6707	0
6708	0
6709	0
6710	0
6711	0
6712	0
6713	0
6714	0
6715	0
6716	0
6717	0
6718	0
6719	0
6720	0
6721	0
6722	0
6723	0
6724	0
6725	0
6726	0
6727	0
6728	0
6729	0
6730	0
6731	0
6732	0
6733	0
6734	0
6735	0
6736	0
6737	0
6738	0
6739	0
6740	0
6741	0
6742	0
6743	0
6744	0
6745	0
6746	0
6747	0
6748	0
6749	0
6750	0
6751	0
6752	0
6753	0
6754	0
6755	0
6756	0
6757	0
6758	0
6759	0
6760	0
6761	0
6762	0
6763	0
6764	0
6765	0
6766	0
6767	0
6768	0
6769	0
6770	0
6771	0
6772	0
6773	0
6774	0
6775	0
6776	0
6777	0
6778	0
6779	0
6780	0
6781	0
6782	0
6783	0
6784	0
6785	0
6786	0
6787	0
6788	0
6789	0
6790	0
6791	0
6792	0
6793	0
6794	0
6795	0
6796	0
6797	0
6798	0
6799	0
6800	0
6801	0
6802	0
6803	0
6804	0
6805	0
6806	0
6807	0
6808	0
6809	0
6810	0
6811	0
6812	0
6813	0
6814	0
6815	0
6816	0
6817	0
6818	0
6819	0
6820	0
6821	0
6822	0
6823	0
6824	0
6825	0
6826	0
6827	0
6828	0
6829	0
6830	0
6831	0
6832	0
6833	0
6834	0
6835	0
6836	0
6837	0
6838	0
6839	0
6840	0
6841	0
6842	0
6843	0
6844	0
6845	0
6846	0
6847	0
6848	0
6849	0
6850	0
6851	0
6852	0
6853	0
6854	0
6855	0
6856	0
6857	0
6858	0
6859	0
6860	0
6861	0
6862	0
6863	0
6864	0
6865	0
6866	0
6867	0
6868	0
6869	0
6870	0
6871	0
6872	0
6873	0
6874	0
6875	0
6876	0
6877	0
6878	0
6879	0
6880	0
6881	0
6882	0
6883	0
6884	0
6885	0
6886	0
6887	0
6888	0
6889	0
6890	0
6891	0
6892	0
6893	0
6894	0
6895	0
6896	0
6897	0
6898	0
6899	0
6900	0
6901	0
6902	0
6903	0
6904	0
6905	0
6906	0
6907	0
6908	0
6909	0
6910	0
6911	0
6912	0
6913	0
6914	0
6915	0
6916	0
6917	0
6918	0
6919	0
6920	0
6921	0
6922	0
6923	0
6924	0
6925	0
6926	0
6927	0
6928	0
6929	0
6930	0
6931	0
6932	0
6933	0
6934	0
6935	0
6936	0
6937	0
6938	0
6939	0
6940	0
6941	0
6942	0
6943	0
6944	0
6945	0
6946	0
6947	0
6948	0
6949	0
6950	0
6951	0
6952	0
6953	0
6954	0
6955	0
6956	0
6957	0
6958	0
6959	0
6960	0
6961	0
6962	0
6963	0
6964	0
6965	0
6966	0
6967	0
6968	0
6969	0
6970	0
6971	0
6972	0
6973	0
6974	0
6975	0
6976	0
6977	0
6978	0
6979	0
6980	0
6981	0
6982	0
6983	0
6984	0
6985	0
6986	0
6987	0
6988	0
6989	0
6990	0
6991	0
6992	0
6993	0
6994	0
6995	0
6996	0
6997	0
6998	0
6999	0
7000	0
7001	0
7002	0
7003	0
7004	0
7005	0
7006	0
7007	0
7008	0
7009	0
7010	0
7011	0
7012	0
7013	0
7014	0
7015	0
7016	0
7017	0
7018	0
7019	0
7020	0
7021	0
7022	0
7023	0
7024	0
7025	0
7026	0
7027	0
7028	0
7029	0
7030	0
7031	0
7032	0
7033	0
7034	0
7035	0
7036	0
7037	0
7038	0
7039	0
7040	0
7041	0
7042	0
7043	0
7044	0
7045	0
7046	0
7047	0
7048	0
7049	0
7050	0
7051	0
7052	0
7053	0
7054	0
7055	0
7056	0
7057	0
7058	0
7059	0
7060	0
7061	0
7062	0
7063	0
7064	0
7065	0
7066	0
7067	0
7068	0
7069	0
7070	0
7071	0
7072	0
7073	0
7074	0
7075	0
7076	0
7077	0
7078	0
7079	0
7080	0
7081	0
7082	0
7083	0
7084	0
7085	0
7086	0
7087	0
7088	0
7089	0
7090	0
7091	0
7092	0
7093	0
7094	0
7095	0
7096	0
7097	0
7098	0
7099	0
7100	0
7101	0
7102	0
7103	0
7104	0
7105	0
7106	0
7107	0
7108	0
7109	0
7110	0
7111	0
7112	0
7113	0
7114	0
7115	0
7116	0
7117	0
7118	0
7119	0
7120	0
7121	0
7122	0
7123	0
7124	0
7125	0
7126	0
7127	0
7128	0
7129	0
7130	0
7131	0
7132	0
7133	0
7134	0
7135	0
7136	0
7137	0
7138	0
7139	0
7140	0
7141	0
7142	0
7143	0
7144	0
7145	0
7146	0
7147	0
7148	0
7149	0
7150	0
7151	0
7152	0
7153	0
7154	0
7155	0
7156	0
7157	0
7158	0
7159	0
7160	0
7161	0
7162	0
7163	0
7164	0
7165	0
7166	0
7167	0
7168	0
7169	0
7170	0
7171	0
7172	0
7173	0
7174	0
7175	0
7176	0
7177	0
7178	0
7179	0
7180	0
7181	0
7182	0
7183	0
7184	0
7185	0
7186	0
7187	0
7188	0
7189	0
7190	0
7191	0
7192	0
7193	0
7194	0
7195	0
7196	0
7197	0
7198	0
7199	0
7200	0
7201	0
7202	0
7203	0
7204	0
7205	0
7206	0
7207	0
7208	0
7209	0
7210	0
7211	0
7212	0
7213	0
7214	0
7215	0
7216	0
7217	0
7218	0
7219	0
7220	0
7221	0
7222	0
7223	0
7224	0
7225	0
7226	0
7227	0
7228	0
7229	0
7230	0
7231	0
7232	0
7233	0
7234	0
7235	0
7236	0
7237	0
7238	0
7239	0
7240	0
7241	0
7242	0
7243	0
7244	0
7245	0
7246	0
7247	0
7248	0
7249	0
7250	0
7251	0
7252	0
7253	0
7254	0
7255	0
7256	0
7257	0
7258	0
7259	0
7260	0
7261	0
7262	0
7263	0
7264	0
7265	0
7266	0
7267	0
7268	0
7269	0
7270	0
7271	0
7272	0
7273	0
7274	0
7275	0
7276	0
7277	0
7278	0
7279	0
7280	0
7281	0
7282	0
7283	0
7284	0
7285	0
7286	0
7287	0
7288	0
7289	0
7290	0
7291	0
7292	0
7293	0
7294	0
7295	0
7296	0
7297	0
7298	0
7299	0
7300	0
7301	0
7302	0
7303	0
7304	0
7305	0
7306	0
7307	0
7308	0
7309	0
7310	0
7311	0
7312	0
7313	0
7314	0
7315	0
7316	0
7317	0
7318	0
7319	0
7320	0
7321	0
7322	0
7323	0
7324	0
7325	0
7326	0
7327	0
7328	0
7329	0
7330	0
7331	0
7332	0
7333	0
7334	0
7335	0
7336	0
7337	0
7338	0
7339	0
7340	0
7341	0
7342	0
7343	0
7344	0
7345	0
7346	0
7347	0
7348	0
7349	0
7350	0
7351	0
7352	0
7353	0
7354	0
7355	0
7356	0
7357	0
7358	0
7359	0
7360	0
7361	0
7362	0
7363	0
7364	0
7365	0
7366	0
7367	0
7368	0
7369	0
7370	0
7371	0
7372	0
7373	0
7374	0
7375	0
7376	0
7377	0
7378	0
7379	0
7380	0
7381	0
7382	0
7383	0
7384	0
7385	0
7386	0
7387	0
7388	0
7389	0
7390	0
7391	0
7392	0
7393	0
7394	0
7395	0
7396	0
7397	0
7398	0
7399	0
7400	0
7401	0
7402	0
7403	0
7404	0
7405	0
7406	0
7407	0
7408	0
7409	0
7410	0
7411	0
7412	0
7413	0
7414	0
7415	0
7416	0
7417	0
7418	0
7419	0
7420	0
7421	0
7422	0
7423	0
7424	0
7425	0
7426	0
7427	0
7428	0
7429	0
7430	0
7431	0
7432	0
7433	0
7434	0
7435	0
7436	0
7437	0
7438	0
7439	0
7440	0
7441	0
7442	0
7443	0
7444	0
7445	0
7446	0
7447	0
7448	0
7449	0
7450	0
7451	0
7452	0
7453	0
7454	0
7455	0
7456	0
7457	0
7458	0
7459	0
7460	0
7461	0
7462	0
7463	0
7464	0
7465	0
7466	0
7467	0
7468	0
7469	0
7470	0
7471	0
7472	0
7473	0
7474	0
7475	0
7476	0
7477	0
7478	0
7479	0
7480	0
7481	0
7482	0
7483	0
7484	0
7485	0
7486	0
7487	0
7488	0
7489	0
7490	0
7491	0
7492	0
7493	0
7494	0
7495	0
7496	0
7497	0
7498	0
7499	0
7500	0
7501	0
7502	0
7503	0
7504	0
7505	0
7506	0
7507	0
7508	0
7509	0
7510	0
7511	0
7512	0
7513	0
7514	0
7515	0
7516	0
7517	0
7518	0
7519	0
7520	0
7521	0
7522	0
7523	0
7524	0
7525	0
7526	0
7527	0
7528	0
7529	0
7530	0
7531	0
7532	0
7533	0
7534	0
7535	0
7536	0
7537	0
7538	0
7539	0
7540	0
7541	0
7542	0
7543	0
7544	0
7545	0
7546	0
7547	0
7548	0
7549	0
7550	0
7551	0
7552	0
7553	0
7554	0
7555	0
7556	0
7557	0
7558	0
7559	0
7560	0
7561	0
7562	0
7563	0
7564	0
7565	0
7566	0
7567	0
7568	0
7569	0
7570	0
7571	0
7572	0
7573	0
7574	0
7575	0
7576	0
7577	0
7578	0
7579	0
7580	0
7581	0
7582	0
7583	0
7584	0
7585	0
7586	0
7587	0
7588	0
7589	0
7590	0
7591	0
7592	0
7593	0
7594	0
7595	0
7596	0
7597	0
7598	0
7599	0
7600	0
7601	0
7602	0
7603	0
7604	0
7605	0
7606	0
7607	0
7608	0
7609	0
7610	0
7611	0
7612	0
7613	0
7614	0
7615	0
7616	0
7617	0
7618	0
7619	0
7620	0
7621	0
7622	0
7623	0
7624	0
7625	0
7626	0
7627	0
7628	0
7629	0
7630	0
7631	0
7632	0
7633	0
7634	0
7635	0
7636	0
7637	0
7638	0
7639	0
7640	0
7641	0
7642	0
7643	0
7644	0
7645	0
7646	0
7647	0
7648	0
7649	0
7650	0
7651	0
7652	0
7653	0
7654	0
7655	0
7656	0
7657	0
7658	0
7659	0
7660	0
7661	0
7662	0
7663	0
7664	0
7665	0
7666	0
7667	0
7668	0
7669	0
7670	0
7671	0
7672	0
7673	0
7674	0
7675	0
7676	0
7677	0
7678	0
7679	0
7680	0
7681	0
7682	0
7683	0
7684	0
7685	0
7686	0
7687	0
7688	0
7689	0
7690	0
7691	0
7692	0
7693	0
7694	0
7695	0
7696	0
7697	0
7698	0
7699	0
7700	0
7701	0
7702	0
7703	0
7704	0
7705	0
7706	0
7707	0
7708	0
7709	0
7710	0
7711	0
7712	0
7713	0
7714	0
7715	0
7716	0
7717	0
7718	0
7719	0
7720	0
7721	0
7722	0
7723	0
7724	0
7725	0
7726	0
7727	0
7728	0
7729	0
7730	0
7731	0
7732	0
7733	0
7734	0
7735	0
7736	0
7737	0
7738	0
7739	0
7740	0
7741	0
7742	0
7743	0
7744	0
7745	0
7746	0
7747	0
7748	0
7749	0
7750	0
7751	0
7752	0
7753	0
7754	0
7755	0
7756	0
7757	0
7758	0
7759	0
7760	0
7761	0
7762	0
7763	0
7764	0
7765	0
7766	0
7767	0
7768	0
7769	0
7770	0
7771	0
7772	0
7773	0
7774	0
7775	0
7776	0
7777	0
7778	0
7779	0
7780	0
7781	0
7782	0
7783	0
7784	0
7785	0
7786	0
7787	0
7788	0
7789	0
7790	0
7791	0
7792	0
7793	0
7794	0
7795	0
7796	0
7797	0
7798	0
7799	0
7800	0
7801	0
7802	0
7803	0
7804	0
7805	0
7806	0
7807	0
7808	0
7809	0
7810	0
7811	0
7812	0
7813	0
7814	0
7815	0
7816	0
7817	0
7818	0
7819	0
7820	0
7821	0
7822	0
7823	0
7824	0
7825	0
7826	0
7827	0
7828	0
7829	0
7830	0
7831	0
7832	0
7833	0
7834	0
7835	0
7836	0
7837	0
7838	0
7839	0
7840	0
7841	0
7842	0
7843	0
7844	0
7845	0
7846	0
7847	0
7848	0
7849	0
7850	0
7851	0
7852	0
7853	0
7854	0
7855	0
7856	0
7857	0
7858	0
7859	0
7860	0
7861	0
7862	0
7863	0
7864	0
7865	0
7866	0
7867	0
7868	0
7869	0
7870	0
7871	0
7872	0
7873	0
7874	0
7875	0
7876	0
7877	0
7878	0
7879	0
7880	0
7881	0
7882	0
7883	0
7884	0
7885	0
7886	0
7887	0
7888	0
7889	0
7890	0
7891	0
7892	0
7893	0
7894	0
7895	0
7896	0
7897	0
7898	0
7899	0
7900	0
7901	0
7902	0
7903	0
7904	0
7905	0
7906	0
7907	0
7908	0
7909	0
7910	0
7911	0
7912	0
7913	0
7914	0
7915	0
7916	0
7917	0
7918	0
7919	0
7920	0
7921	0
7922	0
7923	0
7924	0
7925	0
7926	0
7927	0
7928	0
7929	0
7930	0
7931	0
7932	0
7933	0
7934	0
7935	0
7936	0
7937	0
7938	0
7939	0
7940	0
7941	0
7942	0
7943	0
7944	0
7945	0
7946	0
7947	0
7948	0
7949	0
7950	0
7951	0
7952	0
7953	0
7954	0
7955	0
7956	0
7957	0
7958	0
7959	0
7960	0
7961	0
7962	0
7963	0
7964	0
7965	0
7966	0
7967	0
7968	0
7969	0
7970	0
7971	0
7972	0
7973	0
7974	0
7975	0
7976	0
7977	0
7978	0
7979	0
7980	0
7981	0
7982	0
7983	0
7984	0
7985	0
7986	0
7987	0
7988	0
7989	0
7990	0
7991	0
7992	0
7993	0
7994	0
7995	0
7996	0
7997	0
7998	0
7999	0
8000	0
8001	0
8002	0
8003	0
8004	0
8005	0
8006	0
8007	0
8008	0
8009	0
8010	0
8011	0
8012	0
8013	0
8014	0
8015	0
8016	0
8017	0
8018	0
8019	0
8020	0
8021	0
8022	0
8023	0
8024	0
8025	0
8026	0
8027	0
8028	0
8029	0
8030	0
8031	0
8032	0
8033	0
8034	0
8035	0
8036	0
8037	0
8038	0
8039	0
8040	0
8041	0
8042	0
8043	0
8044	0
8045	0
8046	0
8047	0
8048	0
8049	0
8050	0
8051	0
8052	0
8053	0
8054	0
8055	0
8056	0
8057	0
8058	0
8059	0
8060	0
8061	0
8062	0
8063	0
8064	0
8065	0
8066	0
8067	0
8068	0
8069	0
8070	0
8071	0
8072	0
8073	0
8074	0
8075	0
8076	0
8077	0
8078	0
8079	0
8080	0
8081	0
8082	0
8083	0
8084	0
8085	0
8086	0
8087	0
8088	0
8089	0
8090	0
8091	0
8092	0
8093	0
8094	0
8095	0
8096	0
8097	0
8098	0
8099	0
8100	0
8101	0
8102	0
8103	0
8104	0
8105	0
8106	0
8107	0
8108	0
8109	0
8110	0
8111	0
8112	0
8113	0
8114	0
8115	0
8116	0
8117	0
8118	0
8119	0
8120	0
8121	0
8122	0
8123	0
8124	0
8125	0
8126	0
8127	0
8128	0
8129	0
8130	0
8131	0
8132	0
8133	0
8134	0
8135	0
8136	0
8137	0
8138	0
8139	0
8140	0
8141	0
8142	0
8143	0
8144	0
8145	0
8146	0
8147	0
8148	0
8149	0
8150	0
8151	0
8152	0
8153	0
8154	0
8155	0
8156	0
8157	0
8158	0
8159	0
8160	0
8161	0
8162	0
8163	0
8164	0
8165	0
8166	0
8167	0
8168	0
8169	0
8170	0
8171	0
8172	0
8173	0
8174	0
8175	0
8176	0
8177	0
8178	0
8179	0
8180	0
8181	0
8182	0
8183	0
8184	0
8185	0
8186	0
8187	0
8188	0
8189	0
8190	0
8191	0
