0	0
1	0
2	0
3	0
4	0
5	0
6	0
7	0
8	0
9	0
10	0
11	0
12	0
13	0
14	0
15	0
16	0
17	0
18	0
19	0
20	0
21	0
22	0
23	0
24	0
25	0
26	0
27	0
28	0
29	0
30	0
31	0
32	0
33	0
34	1
35	0
36	0
37	0
38	0
39	0
40	0
41	1
42	0
43	2
44	0
45	0
46	1
47	0
48	0
49	0
50	0
51	2
52	1
53	2
54	3
55	2
56	0
57	1
58	1
59	1
60	3
61	1
62	0
63	1
64	2
65	0
66	0
67	0
68	0
69	2
70	1
71	3
72	2
73	1
74	1
75	1
76	1
77	1
78	0
79	0
80	1
81	0
82	0
83	0
84	1
85	1
86	0
87	2
88	0
89	0
90	0
91	1
92	2
93	0
94	0
95	1
96	2
97	0
98	1
99	2
100	0
101	3
102	2
103	1
104	1
105	0
106	1
107	2
108	0
109	0
110	1
111	0
112	0
113	3
114	2
115	1
116	0
117	1
118	0
119	2
120	0
121	1
122	0
123	1
124	0
125	0
126	1
127	0
128	0
129	1
130	0
131	2
132	0
133	0
134	2
135	0
136	0
137	1
138	1
139	0
140	1
141	1
142	0
143	0
144	1
145	0
146	2
147	2
148	0
149	1
150	0
151	0
152	0
153	0
154	1
155	2
156	1
157	0
158	0
159	0
160	0
161	0
162	0
163	0
164	1
165	0
166	0
167	1
168	2
169	0
170	0
171	2
172	4
173	1
174	2
175	1
176	2
177	1
178	0
179	1
180	3
181	1
182	1
183	0
184	1
185	2
186	1
187	2
188	0
189	1
190	1
191	0
192	0
193	2
194	0
195	0
196	2
197	0
198	0
199	3
200	1
201	6
202	1
203	0
204	1
205	3
206	0
207	2
208	1
209	1
210	0
211	0
212	2
213	5
214	1
215	0
216	1
217	2
218	1
219	1
220	0
221	2
222	1
223	1
224	1
225	1
226	2
227	1
228	0
229	2
230	1
231	5
232	2
233	1
234	0
235	0
236	2
237	0
238	1
239	2
240	2
241	2
242	1
243	2
244	1
245	2
246	1
247	0
248	3
249	0
250	0
251	1
252	0
253	0
254	0
255	1
256	0
257	1
258	2
259	1
260	3
261	2
262	2
263	1
264	4
265	1
266	1
267	0
268	1
269	4
270	3
271	1
272	1
273	1
274	2
275	2
276	1
277	1
278	2
279	0
280	1
281	0
282	1
283	1
284	0
285	0
286	2
287	2
288	1
289	2
290	2
291	1
292	2
293	3
294	1
295	2
296	1
297	1
298	2
299	5
300	1
301	3
302	3
303	3
304	2
305	3
306	4
307	1
308	5
309	9
310	5
311	3
312	2
313	3
314	5
315	2
316	5
317	5
318	5
319	4
320	2
321	5
322	3
323	8
324	4
325	3
326	5
327	5
328	5
329	2
330	12
331	8
332	3
333	3
334	8
335	7
336	4
337	4
338	12
339	2
340	6
341	17
342	8
343	10
344	6
345	9
346	16
347	11
348	9
349	18
350	12
351	22
352	11
353	10
354	17
355	14
356	24
357	20
358	20
359	23
360	22
361	28
362	20
363	28
364	31
365	29
366	32
367	37
368	31
369	34
370	34
371	44
372	40
373	42
374	33
375	53
376	50
377	59
378	74
379	53
380	65
381	80
382	83
383	98
384	76
385	87
386	91
387	116
388	110
389	105
390	119
391	119
392	152
393	157
394	141
395	137
396	169
397	205
398	203
399	192
400	241
401	240
402	247
403	235
404	270
405	288
406	335
407	346
408	315
409	347
410	394
411	375
412	383
413	429
414	430
415	469
416	503
417	508
418	510
419	551
420	582
421	616
422	625
423	663
424	698
425	680
426	706
427	675
428	760
429	808
430	790
431	836
432	882
433	885
434	857
435	939
436	889
437	985
438	959
439	1026
440	1024
441	1027
442	1038
443	1079
444	1139
445	1230
446	1138
447	1167
448	1157
449	1199
450	1176
451	1227
452	1213
453	1263
454	1180
455	1238
456	1234
457	1291
458	1335
459	1311
460	1255
461	1360
462	1340
463	1307
464	1286
465	1266
466	1305
467	1365
468	1256
469	1289
470	1330
471	1356
472	1295
473	1325
474	1338
475	1350
476	1309
477	1350
478	1298
479	1280
480	1277
481	1314
482	1357
483	1336
484	1357
485	1317
486	1257
487	1230
488	1319
489	1262
490	1293
491	1262
492	1316
493	1324
494	1215
495	1207
496	1255
497	1288
498	1260
499	1293
500	1207
501	1292
502	1245
503	1274
504	1235
505	1224
506	1186
507	1238
508	1212
509	1227
510	1171
511	1165
512	1127
513	1178
514	1147
515	1134
516	1129
517	1129
518	1066
519	1167
520	1027
521	1087
522	1094
523	1002
524	1040
525	996
526	1024
527	987
528	951
529	977
530	966
531	894
532	933
533	823
534	829
535	841
536	842
537	782
538	749
539	734
540	749
541	717
542	707
543	737
544	678
545	684
546	668
547	620
548	667
549	596
550	601
551	611
552	566
553	549
554	530
555	532
556	529
557	500
558	450
559	452
560	414
561	437
562	448
563	424
564	402
565	420
566	417
567	379
568	393
569	407
570	399
571	339
572	385
573	386
574	366
575	324
576	330
577	332
578	320
579	335
580	321
581	320
582	350
583	317
584	301
585	305
586	284
587	311
588	315
589	308
590	307
591	298
592	304
593	343
594	300
595	287
596	292
597	303
598	319
599	295
600	335
601	300
602	284
603	291
604	291
605	320
606	332
607	336
608	331
609	310
610	339
611	361
612	338
613	339
614	311
615	390
616	341
617	312
618	352
619	375
620	387
621	386
622	360
623	404
624	383
625	396
626	371
627	387
628	374
629	382
630	402
631	434
632	403
633	400
634	445
635	453
636	407
637	441
638	422
639	435
640	479
641	439
642	434
643	428
644	467
645	495
646	445
647	483
648	483
649	463
650	506
651	482
652	507
653	486
654	514
655	566
656	514
657	529
658	531
659	536
660	574
661	560
662	565
663	597
664	528
665	611
666	572
667	570
668	642
669	587
670	637
671	589
672	633
673	673
674	649
675	695
676	647
677	651
678	663
679	690
680	671
681	663
682	712
683	692
684	680
685	711
686	717
687	698
688	769
689	727
690	774
691	726
692	756
693	811
694	800
695	828
696	743
697	804
698	833
699	824
700	809
701	780
702	767
703	771
704	853
705	810
706	899
707	848
708	871
709	874
710	855
711	881
712	854
713	893
714	878
715	868
716	963
717	934
718	984
719	943
720	902
721	907
722	898
723	954
724	955
725	924
726	1042
727	962
728	955
729	962
730	969
731	995
732	955
733	969
734	1005
735	991
736	983
737	1017
738	920
739	1002
740	974
741	950
742	1001
743	1016
744	1011
745	1023
746	1012
747	1008
748	984
749	1061
750	973
751	956
752	980
753	1037
754	1031
755	931
756	1049
757	953
758	937
759	989
760	998
761	1022
762	996
763	1034
764	990
765	999
766	1021
767	1021
768	995
769	1017
770	951
771	1018
772	983
773	980
774	1013
775	975
776	964
777	1058
778	981
779	926
780	1000
781	954
782	1034
783	928
784	990
785	951
786	947
787	982
788	983
789	984
790	949
791	999
792	994
793	967
794	966
795	954
796	902
797	918
798	953
799	978
800	952
801	927
802	880
803	916
804	868
805	918
806	885
807	932
808	959
809	920
810	951
811	969
812	880
813	899
814	857
815	866
816	849
817	890
818	903
819	928
820	916
821	897
822	870
823	859
824	865
825	866
826	775
827	869
828	883
829	878
830	893
831	893
832	929
833	875
834	878
835	959
836	883
837	871
838	869
839	819
840	876
841	922
842	919
843	893
844	868
845	986
846	1004
847	924
848	966
849	970
850	985
851	980
852	978
853	1005
854	1040
855	1041
856	1081
857	1110
858	987
859	1063
860	1051
861	1037
862	1074
863	1065
864	1155
865	1150
866	1094
867	1145
868	1126
869	1168
870	1213
871	1195
872	1202
873	1221
874	1279
875	1245
876	1218
877	1313
878	1343
879	1284
880	1332
881	1336
882	1362
883	1354
884	1330
885	1370
886	1409
887	1383
888	1349
889	1525
890	1392
891	1489
892	1426
893	1467
894	1479
895	1548
896	1481
897	1531
898	1571
899	1591
900	1514
901	1610
902	1582
903	1592
904	1706
905	1623
906	1618
907	1615
908	1570
909	1701
910	1626
911	1635
912	1743
913	1555
914	1661
915	1661
916	1616
917	1614
918	1735
919	1640
920	1671
921	1637
922	1640
923	1664
924	1611
925	1627
926	1740
927	1711
928	1762
929	1695
930	1647
931	1705
932	1690
933	1640
934	1687
935	1647
936	1648
937	1632
938	1592
939	1592
940	1605
941	1627
942	1650
943	1621
944	1607
945	1611
946	1537
947	1647
948	1595
949	1581
950	1618
951	1585
952	1524
953	1478
954	1566
955	1547
956	1509
957	1485
958	1479
959	1477
960	1448
961	1467
962	1409
963	1413
964	1412
965	1440
966	1426
967	1364
968	1330
969	1389
970	1360
971	1389
972	1294
973	1388
974	1426
975	1322
976	1304
977	1304
978	1277
979	1345
980	1254
981	1296
982	1305
983	1238
984	1239
985	1212
986	1198
987	1254
988	1256
989	1223
990	1127
991	1175
992	1194
993	1159
994	1188
995	1162
996	1154
997	1167
998	1144
999	1224
1000	1120
1001	1073
1002	1089
1003	1106
1004	1089
1005	1112
1006	1077
1007	1104
1008	1100
1009	1069
1010	1127
1011	1069
1012	1039
1013	1084
1014	1081
1015	1122
1016	1100
1017	1024
1018	1041
1019	1053
1020	1087
1021	1023
1022	1045
1023	1011
1024	977
1025	1053
1026	988
1027	1077
1028	1019
1029	977
1030	1044
1031	1037
1032	1074
1033	1048
1034	978
1035	1093
1036	1087
1037	1112
1038	1097
1039	1103
1040	1103
1041	1088
1042	1078
1043	1127
1044	1158
1045	1157
1046	1094
1047	1180
1048	1104
1049	1194
1050	1173
1051	1179
1052	1203
1053	1169
1054	1177
1055	1247
1056	1247
1057	1237
1058	1278
1059	1326
1060	1278
1061	1273
1062	1253
1063	1342
1064	1345
1065	1381
1066	1386
1067	1403
1068	1440
1069	1454
1070	1486
1071	1532
1072	1443
1073	1532
1074	1562
1075	1513
1076	1561
1077	1622
1078	1585
1079	1706
1080	1775
1081	1739
1082	1766
1083	1786
1084	1753
1085	1794
1086	1803
1087	1875
1088	1865
1089	1938
1090	1886
1091	1995
1092	2017
1093	1983
1094	2103
1095	2081
1096	2285
1097	2275
1098	2300
1099	2254
1100	2295
1101	2336
1102	2403
1103	2405
1104	2519
1105	2575
1106	2529
1107	2674
1108	2711
1109	2781
1110	2787
1111	2793
1112	2981
1113	2918
1114	2952
1115	3035
1116	3201
1117	3172
1118	3304
1119	3125
1120	3363
1121	3420
1122	3497
1123	3440
1124	3597
1125	3620
1126	3607
1127	3713
1128	3819
1129	3832
1130	3963
1131	3946
1132	4021
1133	4097
1134	4218
1135	4122
1136	4350
1137	4493
1138	4392
1139	4430
1140	4501
1141	4642
1142	4712
1143	4662
1144	4911
1145	4854
1146	4983
1147	4966
1148	5030
1149	5198
1150	5139
1151	5087
1152	5323
1153	5442
1154	5413
1155	5464
1156	5519
1157	5554
1158	5667
1159	5807
1160	5809
1161	5811
1162	5799
1163	5962
1164	5960
1165	6071
1166	6115
1167	6117
1168	6148
1169	6215
1170	6268
1171	6381
1172	6352
1173	6246
1174	6358
1175	6443
1176	6321
1177	6402
1178	6451
1179	6527
1180	6545
1181	6573
1182	6511
1183	6466
1184	6679
1185	6515
1186	6510
1187	6511
1188	6458
1189	6469
1190	6573
1191	6527
1192	6550
1193	6644
1194	6524
1195	6435
1196	6384
1197	6446
1198	6350
1199	6278
1200	6291
1201	6133
1202	6320
1203	6300
1204	6243
1205	6173
1206	6112
1207	6049
1208	5924
1209	6160
1210	5900
1211	5992
1212	5845
1213	5768
1214	5655
1215	5734
1216	5458
1217	5478
1218	5535
1219	5403
1220	5178
1221	5347
1222	5148
1223	5122
1224	5055
1225	5136
1226	4776
1227	4902
1228	4765
1229	4700
1230	4539
1231	4476
1232	4402
1233	4397
1234	4347
1235	4384
1236	4208
1237	4121
1238	4121
1239	4129
1240	3973
1241	3939
1242	3792
1243	3659
1244	3592
1245	3603
1246	3470
1247	3435
1248	3350
1249	3292
1250	3174
1251	3097
1252	3067
1253	2997
1254	2981
1255	2936
1256	2899
1257	2791
1258	2675
1259	2605
1260	2543
1261	2543
1262	2484
1263	2393
1264	2256
1265	2367
1266	2282
1267	2239
1268	2132
1269	2092
1270	2023
1271	2059
1272	1968
1273	1846
1274	1866
1275	1758
1276	1750
1277	1758
1278	1671
1279	1583
1280	1541
1281	1531
1282	1530
1283	1428
1284	1429
1285	1341
1286	1413
1287	1334
1288	1362
1289	1271
1290	1312
1291	1195
1292	1147
1293	1152
1294	1131
1295	1146
1296	1097
1297	1035
1298	1041
1299	1054
1300	1014
1301	968
1302	969
1303	960
1304	922
1305	911
1306	892
1307	864
1308	850
1309	773
1310	833
1311	807
1312	764
1313	780
1314	764
1315	716
1316	740
1317	754
1318	688
1319	676
1320	693
1321	727
1322	645
1323	622
1324	637
1325	651
1326	619
1327	604
1328	641
1329	629
1330	591
1331	594
1332	589
1333	622
1334	534
1335	610
1336	536
1337	542
1338	566
1339	543
1340	530
1341	568
1342	551
1343	546
1344	500
1345	526
1346	541
1347	556
1348	528
1349	558
1350	505
1351	544
1352	519
1353	566
1354	515
1355	545
1356	493
1357	498
1358	504
1359	476
1360	500
1361	524
1362	534
1363	501
1364	473
1365	495
1366	471
1367	477
1368	459
1369	473
1370	492
1371	503
1372	516
1373	478
1374	502
1375	468
1376	514
1377	465
1378	467
1379	521
1380	479
1381	509
1382	470
1383	485
1384	464
1385	467
1386	467
1387	505
1388	467
1389	463
1390	473
1391	477
1392	496
1393	453
1394	500
1395	518
1396	473
1397	503
1398	486
1399	469
1400	480
1401	485
1402	495
1403	483
1404	459
1405	465
1406	459
1407	525
1408	482
1409	490
1410	478
1411	439
1412	491
1413	496
1414	473
1415	537
1416	454
1417	459
1418	450
1419	449
1420	421
1421	475
1422	492
1423	475
1424	458
1425	460
1426	474
1427	471
1428	486
1429	508
1430	447
1431	478
1432	463
1433	464
1434	472
1435	454
1436	499
1437	463
1438	486
1439	460
1440	446
1441	530
1442	483
1443	487
1444	477
1445	474
1446	486
1447	473
1448	434
1449	473
1450	487
1451	491
1452	476
1453	460
1454	500
1455	478
1456	413
1457	483
1458	499
1459	483
1460	463
1461	483
1462	530
1463	474
1464	484
1465	459
1466	453
1467	467
1468	455
1469	499
1470	458
1471	468
1472	492
1473	501
1474	505
1475	473
1476	453
1477	503
1478	505
1479	503
1480	472
1481	488
1482	475
1483	497
1484	453
1485	488
1486	483
1487	492
1488	522
1489	488
1490	487
1491	492
1492	492
1493	486
1494	540
1495	516
1496	551
1497	498
1498	479
1499	502
1500	521
1501	556
1502	500
1503	532
1504	493
1505	494
1506	512
1507	514
1508	505
1509	518
1510	497
1511	505
1512	523
1513	546
1514	550
1515	511
1516	532
1517	534
1518	502
1519	510
1520	553
1521	512
1522	516
1523	529
1524	516
1525	544
1526	505
1527	545
1528	487
1529	533
1530	534
1531	562
1532	540
1533	562
1534	589
1535	589
1536	580
1537	540
1538	561
1539	550
1540	565
1541	543
1542	593
1543	574
1544	580
1545	601
1546	535
1547	603
1548	594
1549	615
1550	591
1551	610
1552	612
1553	590
1554	588
1555	565
1556	620
1557	627
1558	589
1559	593
1560	600
1561	645
1562	632
1563	605
1564	635
1565	613
1566	612
1567	597
1568	672
1569	669
1570	632
1571	675
1572	647
1573	630
1574	726
1575	664
1576	668
1577	666
1578	668
1579	683
1580	653
1581	681
1582	697
1583	728
1584	717
1585	708
1586	704
1587	759
1588	723
1589	712
1590	754
1591	758
1592	750
1593	763
1594	710
1595	757
1596	776
1597	755
1598	741
1599	772
1600	766
1601	773
1602	772
1603	783
1604	792
1605	836
1606	828
1607	791
1608	841
1609	771
1610	846
1611	866
1612	865
1613	809
1614	891
1615	822
1616	927
1617	805
1618	877
1619	859
1620	907
1621	847
1622	908
1623	917
1624	898
1625	898
1626	911
1627	937
1628	909
1629	901
1630	925
1631	944
1632	949
1633	895
1634	964
1635	960
1636	975
1637	931
1638	966
1639	976
1640	949
1641	925
1642	918
1643	991
1644	1010
1645	988
1646	979
1647	907
1648	969
1649	990
1650	1032
1651	1073
1652	1054
1653	992
1654	1028
1655	1041
1656	1010
1657	1004
1658	994
1659	1055
1660	1021
1661	1031
1662	1013
1663	1040
1664	1006
1665	1018
1666	1041
1667	1008
1668	1006
1669	980
1670	1049
1671	1072
1672	1020
1673	1023
1674	1059
1675	1006
1676	970
1677	1024
1678	1013
1679	1081
1680	1014
1681	996
1682	967
1683	1006
1684	1050
1685	990
1686	1017
1687	1001
1688	1005
1689	1004
1690	989
1691	961
1692	962
1693	1002
1694	991
1695	936
1696	1010
1697	972
1698	901
1699	907
1700	988
1701	987
1702	959
1703	980
1704	903
1705	951
1706	978
1707	878
1708	920
1709	860
1710	913
1711	947
1712	879
1713	919
1714	945
1715	843
1716	874
1717	839
1718	784
1719	838
1720	863
1721	848
1722	859
1723	790
1724	794
1725	819
1726	796
1727	797
1728	779
1729	870
1730	769
1731	790
1732	748
1733	739
1734	725
1735	752
1736	769
1737	762
1738	710
1739	750
1740	736
1741	695
1742	717
1743	698
1744	696
1745	658
1746	681
1747	699
1748	680
1749	662
1750	679
1751	635
1752	634
1753	634
1754	638
1755	629
1756	624
1757	647
1758	648
1759	612
1760	611
1761	620
1762	586
1763	631
1764	594
1765	584
1766	597
1767	556
1768	588
1769	523
1770	512
1771	527
1772	539
1773	525
1774	514
1775	547
1776	522
1777	511
1778	515
1779	522
1780	524
1781	516
1782	455
1783	541
1784	453
1785	492
1786	491
1787	489
1788	448
1789	527
1790	475
1791	468
1792	503
1793	480
1794	426
1795	492
1796	461
1797	440
1798	459
1799	454
1800	426
1801	434
1802	433
1803	432
1804	432
1805	415
1806	459
1807	385
1808	431
1809	454
1810	448
1811	414
1812	415
1813	365
1814	426
1815	404
1816	403
1817	402
1818	392
1819	392
1820	404
1821	415
1822	401
1823	414
1824	395
1825	424
1826	378
1827	401
1828	400
1829	388
1830	376
1831	379
1832	377
1833	361
1834	367
1835	408
1836	381
1837	365
1838	371
1839	362
1840	388
1841	412
1842	376
1843	403
1844	359
1845	345
1846	365
1847	377
1848	339
1849	346
1850	381
1851	372
1852	379
1853	341
1854	339
1855	366
1856	352
1857	390
1858	388
1859	351
1860	305
1861	352
1862	358
1863	354
1864	323
1865	374
1866	359
1867	377
1868	345
1869	360
1870	350
1871	385
1872	358
1873	351
1874	368
1875	368
1876	354
1877	409
1878	356
1879	400
1880	374
1881	355
1882	371
1883	336
1884	362
1885	389
1886	382
1887	365
1888	362
1889	362
1890	409
1891	350
1892	349
1893	387
1894	379
1895	363
1896	352
1897	350
1898	383
1899	385
1900	392
1901	397
1902	368
1903	340
1904	353
1905	383
1906	369
1907	394
1908	384
1909	371
1910	352
1911	383
1912	389
1913	348
1914	352
1915	395
1916	343
1917	426
1918	356
1919	384
1920	398
1921	390
1922	357
1923	362
1924	373
1925	373
1926	401
1927	365
1928	396
1929	354
1930	391
1931	377
1932	362
1933	406
1934	402
1935	343
1936	415
1937	351
1938	405
1939	382
1940	401
1941	373
1942	387
1943	351
1944	403
1945	399
1946	407
1947	393
1948	384
1949	357
1950	414
1951	413
1952	374
1953	359
1954	415
1955	433
1956	406
1957	370
1958	440
1959	405
1960	416
1961	397
1962	419
1963	398
1964	357
1965	449
1966	386
1967	375
1968	387
1969	388
1970	369
1971	405
1972	414
1973	377
1974	433
1975	389
1976	409
1977	382
1978	413
1979	428
1980	432
1981	409
1982	437
1983	419
1984	421
1985	379
1986	403
1987	420
1988	411
1989	397
1990	436
1991	385
1992	430
1993	434
1994	375
1995	448
1996	403
1997	443
1998	436
1999	442
2000	441
2001	437
2002	421
2003	424
2004	408
2005	420
2006	391
2007	455
2008	428
2009	408
2010	431
2011	407
2012	414
2013	444
2014	419
2015	428
2016	438
2017	413
2018	401
2019	432
2020	410
2021	419
2022	459
2023	399
2024	473
2025	435
2026	467
2027	436
2028	442
2029	438
2030	457
2031	434
2032	419
2033	457
2034	433
2035	448
2036	418
2037	428
2038	434
2039	443
2040	424
2041	432
2042	477
2043	436
2044	428
2045	450
2046	443
2047	417
2048	427
2049	455
2050	449
2051	466
2052	450
2053	415
2054	505
2055	445
2056	486
2057	462
2058	468
2059	431
2060	431
2061	472
2062	467
2063	450
2064	474
2065	446
2066	447
2067	486
2068	450
2069	456
2070	468
2071	451
2072	461
2073	487
2074	474
2075	480
2076	459
2077	493
2078	423
2079	484
2080	488
2081	450
2082	484
2083	471
2084	493
2085	485
2086	434
2087	465
2088	437
2089	517
2090	487
2091	519
2092	488
2093	470
2094	500
2095	486
2096	474
2097	498
2098	457
2099	479
2100	447
2101	516
2102	452
2103	432
2104	481
2105	479
2106	501
2107	492
2108	513
2109	515
2110	487
2111	501
2112	476
2113	480
2114	469
2115	487
2116	456
2117	499
2118	531
2119	492
2120	508
2121	466
2122	466
2123	489
2124	507
2125	460
2126	498
2127	481
2128	534
2129	547
2130	497
2131	535
2132	484
2133	486
2134	516
2135	513
2136	533
2137	518
2138	480
2139	530
2140	498
2141	522
2142	502
2143	485
2144	490
2145	497
2146	518
2147	500
2148	516
2149	514
2150	499
2151	546
2152	516
2153	500
2154	513
2155	526
2156	523
2157	486
2158	487
2159	505
2160	542
2161	539
2162	528
2163	540
2164	537
2165	493
2166	533
2167	540
2168	555
2169	513
2170	537
2171	511
2172	524
2173	487
2174	543
2175	532
2176	516
2177	474
2178	501
2179	506
2180	551
2181	549
2182	509
2183	514
2184	554
2185	522
2186	516
2187	489
2188	513
2189	515
2190	519
2191	575
2192	523
2193	539
2194	555
2195	549
2196	500
2197	524
2198	558
2199	561
2200	572
2201	522
2202	575
2203	549
2204	512
2205	559
2206	535
2207	561
2208	533
2209	524
2210	552
2211	508
2212	534
2213	544
2214	509
2215	515
2216	523
2217	566
2218	512
2219	512
2220	541
2221	499
2222	529
2223	544
2224	559
2225	514
2226	561
2227	532
2228	530
2229	539
2230	517
2231	512
2232	573
2233	500
2234	520
2235	523
2236	541
2237	525
2238	571
2239	517
2240	533
2241	513
2242	555
2243	527
2244	491
2245	502
2246	549
2247	518
2248	510
2249	506
2250	533
2251	570
2252	509
2253	522
2254	503
2255	519
2256	518
2257	530
2258	550
2259	551
2260	493
2261	501
2262	522
2263	547
2264	479
2265	521
2266	524
2267	554
2268	507
2269	506
2270	518
2271	573
2272	516
2273	547
2274	551
2275	494
2276	526
2277	520
2278	556
2279	500
2280	517
2281	534
2282	510
2283	493
2284	488
2285	514
2286	536
2287	514
2288	500
2289	497
2290	517
2291	481
2292	533
2293	494
2294	493
2295	535
2296	505
2297	543
2298	498
2299	515
2300	493
2301	527
2302	522
2303	549
2304	504
2305	496
2306	535
2307	506
2308	505
2309	504
2310	502
2311	494
2312	526
2313	513
2314	469
2315	498
2316	488
2317	522
2318	492
2319	504
2320	507
2321	491
2322	514
2323	495
2324	492
2325	486
2326	500
2327	494
2328	493
2329	505
2330	522
2331	517
2332	511
2333	473
2334	511
2335	492
2336	497
2337	456
2338	456
2339	474
2340	482
2341	448
2342	480
2343	488
2344	518
2345	480
2346	503
2347	467
2348	464
2349	487
2350	515
2351	498
2352	490
2353	454
2354	464
2355	470
2356	513
2357	488
2358	448
2359	486
2360	464
2361	456
2362	506
2363	473
2364	477
2365	471
2366	461
2367	486
2368	470
2369	469
2370	512
2371	472
2372	489
2373	491
2374	443
2375	492
2376	490
2377	477
2378	462
2379	471
2380	475
2381	471
2382	426
2383	461
2384	492
2385	469
2386	451
2387	463
2388	446
2389	420
2390	456
2391	441
2392	485
2393	457
2394	463
2395	488
2396	474
2397	423
2398	461
2399	421
2400	453
2401	460
2402	445
2403	453
2404	468
2405	454
2406	456
2407	403
2408	473
2409	427
2410	476
2411	412
2412	430
2413	451
2414	439
2415	448
2416	437
2417	451
2418	470
2419	395
2420	401
2421	449
2422	430
2423	413
2424	422
2425	400
2426	430
2427	418
2428	415
2429	442
2430	424
2431	413
2432	406
2433	457
2434	417
2435	451
2436	437
2437	382
2438	436
2439	431
2440	389
2441	463
2442	419
2443	426
2444	391
2445	421
2446	403
2447	427
2448	435
2449	423
2450	385
2451	383
2452	426
2453	433
2454	418
2455	421
2456	441
2457	434
2458	420
2459	410
2460	425
2461	424
2462	386
2463	422
2464	392
2465	411
2466	392
2467	372
2468	403
2469	393
2470	377
2471	397
2472	416
2473	386
2474	423
2475	386
2476	419
2477	430
2478	384
2479	393
2480	395
2481	402
2482	418
2483	419
2484	418
2485	398
2486	381
2487	371
2488	389
2489	365
2490	428
2491	382
2492	403
2493	346
2494	396
2495	392
2496	367
2497	410
2498	386
2499	375
2500	403
2501	382
2502	373
2503	360
2504	391
2505	380
2506	368
2507	354
2508	420
2509	385
2510	416
2511	383
2512	363
2513	371
2514	394
2515	406
2516	337
2517	389
2518	367
2519	390
2520	385
2521	404
2522	390
2523	401
2524	380
2525	367
2526	381
2527	371
2528	371
2529	375
2530	389
2531	397
2532	373
2533	384
2534	362
2535	357
2536	368
2537	401
2538	340
2539	388
2540	348
2541	360
2542	400
2543	370
2544	381
2545	382
2546	366
2547	359
2548	409
2549	391
2550	368
2551	393
2552	373
2553	381
2554	358
2555	378
2556	363
2557	399
2558	380
2559	348
2560	374
2561	381
2562	359
2563	360
2564	349
2565	404
2566	366
2567	358
2568	340
2569	364
2570	380
2571	381
2572	344
2573	366
2574	395
2575	360
2576	390
2577	359
2578	374
2579	329
2580	379
2581	351
2582	411
2583	360
2584	351
2585	388
2586	363
2587	383
2588	368
2589	361
2590	362
2591	390
2592	338
2593	341
2594	379
2595	350
2596	384
2597	348
2598	332
2599	336
2600	368
2601	378
2602	371
2603	331
2604	371
2605	365
2606	353
2607	358
2608	376
2609	339
2610	319
2611	351
2612	380
2613	370
2614	365
2615	356
2616	331
2617	376
2618	374
2619	335
2620	327
2621	318
2622	324
2623	360
2624	363
2625	360
2626	354
2627	341
2628	362
2629	334
2630	323
2631	320
2632	337
2633	362
2634	366
2635	376
2636	338
2637	339
2638	326
2639	337
2640	329
2641	339
2642	354
2643	337
2644	341
2645	346
2646	323
2647	355
2648	320
2649	346
2650	336
2651	351
2652	355
2653	319
2654	362
2655	329
2656	367
2657	340
2658	349
2659	338
2660	362
2661	305
2662	332
2663	369
2664	328
2665	369
2666	365
2667	331
2668	328
2669	342
2670	363
2671	352
2672	348
2673	353
2674	311
2675	319
2676	325
2677	357
2678	329
2679	353
2680	370
2681	342
2682	353
2683	363
2684	332
2685	341
2686	313
2687	350
2688	368
2689	328
2690	337
2691	338
2692	350
2693	320
2694	344
2695	354
2696	329
2697	343
2698	314
2699	340
2700	335
2701	315
2702	355
2703	313
2704	362
2705	355
2706	313
2707	313
2708	313
2709	321
2710	342
2711	296
2712	352
2713	356
2714	355
2715	326
2716	318
2717	343
2718	335
2719	378
2720	333
2721	335
2722	321
2723	353
2724	322
2725	366
2726	342
2727	360
2728	323
2729	328
2730	318
2731	291
2732	336
2733	310
2734	312
2735	327
2736	334
2737	291
2738	341
2739	316
2740	313
2741	299
2742	336
2743	281
2744	326
2745	323
2746	316
2747	319
2748	313
2749	308
2750	303
2751	295
2752	330
2753	298
2754	304
2755	330
2756	326
2757	284
2758	334
2759	331
2760	317
2761	310
2762	350
2763	296
2764	320
2765	335
2766	323
2767	332
2768	294
2769	283
2770	332
2771	309
2772	308
2773	276
2774	311
2775	296
2776	318
2777	343
2778	289
2779	302
2780	334
2781	293
2782	328
2783	294
2784	321
2785	308
2786	319
2787	306
2788	305
2789	293
2790	296
2791	310
2792	288
2793	295
2794	319
2795	267
2796	300
2797	326
2798	274
2799	289
2800	255
2801	317
2802	298
2803	301
2804	264
2805	258
2806	297
2807	286
2808	313
2809	269
2810	306
2811	281
2812	322
2813	290
2814	271
2815	283
2816	277
2817	269
2818	314
2819	251
2820	308
2821	257
2822	305
2823	289
2824	287
2825	270
2826	308
2827	265
2828	256
2829	254
2830	277
2831	281
2832	299
2833	316
2834	275
2835	318
2836	263
2837	259
2838	268
2839	283
2840	276
2841	273
2842	245
2843	283
2844	259
2845	243
2846	284
2847	260
2848	294
2849	271
2850	259
2851	273
2852	256
2853	270
2854	281
2855	254
2856	275
2857	258
2858	276
2859	242
2860	259
2861	264
2862	271
2863	246
2864	275
2865	281
2866	257
2867	268
2868	264
2869	245
2870	245
2871	244
2872	241
2873	258
2874	284
2875	260
2876	269
2877	241
2878	231
2879	262
2880	261
2881	268
2882	261
2883	269
2884	297
2885	256
2886	243
2887	249
2888	250
2889	246
2890	237
2891	269
2892	250
2893	250
2894	280
2895	252
2896	249
2897	243
2898	246
2899	241
2900	264
2901	246
2902	256
2903	229
2904	244
2905	220
2906	271
2907	252
2908	245
2909	239
2910	247
2911	250
2912	232
2913	261
2914	249
2915	233
2916	258
2917	259
2918	273
2919	275
2920	235
2921	241
2922	241
2923	240
2924	238
2925	256
2926	248
2927	235
2928	255
2929	243
2930	246
2931	216
2932	238
2933	235
2934	227
2935	209
2936	224
2937	226
2938	255
2939	253
2940	223
2941	217
2942	231
2943	268
2944	228
2945	249
2946	217
2947	233
2948	229
2949	233
2950	204
2951	237
2952	231
2953	236
2954	226
2955	229
2956	247
2957	236
2958	251
2959	261
2960	240
2961	231
2962	234
2963	240
2964	262
2965	241
2966	212
2967	256
2968	205
2969	213
2970	242
2971	231
2972	225
2973	219
2974	242
2975	248
2976	218
2977	203
2978	225
2979	227
2980	212
2981	251
2982	266
2983	240
2984	201
2985	229
2986	235
2987	196
2988	251
2989	237
2990	224
2991	220
2992	226
2993	201
2994	221
2995	217
2996	205
2997	229
2998	228
2999	222
3000	250
3001	206
3002	221
3003	255
3004	197
3005	218
3006	236
3007	232
3008	232
3009	218
3010	214
3011	223
3012	223
3013	252
3014	198
3015	212
3016	218
3017	215
3018	237
3019	209
3020	236
3021	225
3022	207
3023	231
3024	237
3025	244
3026	242
3027	210
3028	221
3029	225
3030	210
3031	214
3032	217
3033	222
3034	233
3035	192
3036	217
3037	203
3038	224
3039	205
3040	226
3041	195
3042	217
3043	252
3044	211
3045	215
3046	207
3047	243
3048	211
3049	226
3050	218
3051	218
3052	192
3053	220
3054	210
3055	210
3056	213
3057	226
3058	220
3059	203
3060	239
3061	243
3062	233
3063	198
3064	207
3065	203
3066	219
3067	210
3068	214
3069	190
3070	219
3071	210
3072	202
3073	193
3074	239
3075	228
3076	214
3077	196
3078	232
3079	208
3080	226
3081	208
3082	224
3083	216
3084	218
3085	217
3086	237
3087	217
3088	198
3089	225
3090	173
3091	239
3092	194
3093	179
3094	209
3095	213
3096	226
3097	199
3098	190
3099	219
3100	215
3101	217
3102	204
3103	215
3104	198
3105	219
3106	216
3107	200
3108	203
3109	234
3110	200
3111	223
3112	201
3113	209
3114	209
3115	210
3116	188
3117	207
3118	238
3119	203
3120	217
3121	210
3122	207
3123	199
3124	205
3125	203
3126	233
3127	197
3128	189
3129	194
3130	213
3131	179
3132	188
3133	200
3134	192
3135	188
3136	215
3137	186
3138	212
3139	231
3140	211
3141	205
3142	209
3143	201
3144	207
3145	212
3146	184
3147	196
3148	184
3149	196
3150	205
3151	196
3152	210
3153	208
3154	191
3155	188
3156	207
3157	199
3158	208
3159	185
3160	216
3161	180
3162	222
3163	201
3164	209
3165	220
3166	169
3167	211
3168	190
3169	201
3170	204
3171	211
3172	223
3173	193
3174	207
3175	176
3176	205
3177	203
3178	170
3179	205
3180	197
3181	177
3182	180
3183	172
3184	196
3185	195
3186	195
3187	203
3188	193
3189	187
3190	182
3191	190
3192	202
3193	180
3194	202
3195	232
3196	182
3197	204
3198	201
3199	179
3200	185
3201	188
3202	197
3203	186
3204	188
3205	198
3206	204
3207	190
3208	188
3209	198
3210	159
3211	205
3212	169
3213	206
3214	192
3215	194
3216	166
3217	207
3218	199
3219	212
3220	200
3221	193
3222	160
3223	183
3224	182
3225	188
3226	183
3227	186
3228	193
3229	178
3230	165
3231	177
3232	175
3233	181
3234	154
3235	181
3236	172
3237	174
3238	177
3239	152
3240	193
3241	182
3242	185
3243	160
3244	178
3245	189
3246	198
3247	169
3248	189
3249	190
3250	201
3251	180
3252	182
3253	176
3254	171
3255	167
3256	151
3257	172
3258	174
3259	215
3260	168
3261	171
3262	185
3263	198
3264	200
3265	160
3266	161
3267	169
3268	160
3269	155
3270	179
3271	169
3272	195
3273	188
3274	150
3275	156
3276	201
3277	171
3278	187
3279	154
3280	194
3281	171
3282	171
3283	187
3284	173
3285	196
3286	157
3287	173
3288	155
3289	155
3290	161
3291	180
3292	158
3293	170
3294	158
3295	160
3296	166
3297	160
3298	180
3299	160
3300	185
3301	176
3302	187
3303	180
3304	154
3305	190
3306	173
3307	145
3308	178
3309	153
3310	171
3311	173
3312	168
3313	167
3314	151
3315	164
3316	164
3317	154
3318	152
3319	174
3320	164
3321	160
3322	160
3323	164
3324	161
3325	156
3326	151
3327	186
3328	154
3329	161
3330	161
3331	159
3332	149
3333	170
3334	151
3335	120
3336	141
3337	173
3338	162
3339	168
3340	156
3341	141
3342	170
3343	177
3344	144
3345	145
3346	134
3347	151
3348	165
3349	136
3350	163
3351	185
3352	163
3353	174
3354	143
3355	161
3356	166
3357	141
3358	147
3359	148
3360	143
3361	151
3362	128
3363	181
3364	146
3365	156
3366	162
3367	147
3368	155
3369	163
3370	155
3371	159
3372	148
3373	177
3374	170
3375	153
3376	150
3377	145
3378	158
3379	126
3380	132
3381	156
3382	157
3383	122
3384	143
3385	171
3386	160
3387	141
3388	132
3389	170
3390	156
3391	146
3392	139
3393	141
3394	140
3395	170
3396	162
3397	133
3398	157
3399	154
3400	125
3401	163
3402	153
3403	143
3404	171
3405	150
3406	139
3407	123
3408	150
3409	145
3410	137
3411	149
3412	140
3413	136
3414	158
3415	145
3416	118
3417	130
3418	155
3419	144
3420	140
3421	134
3422	147
3423	169
3424	160
3425	141
3426	163
3427	133
3428	163
3429	137
3430	148
3431	159
3432	142
3433	139
3434	154
3435	143
3436	138
3437	138
3438	130
3439	141
3440	151
3441	131
3442	136
3443	146
3444	136
3445	159
3446	139
3447	143
3448	138
3449	131
3450	136
3451	113
3452	148
3453	151
3454	116
3455	147
3456	139
3457	141
3458	134
3459	146
3460	132
3461	151
3462	143
3463	151
3464	132
3465	147
3466	152
3467	136
3468	127
3469	133
3470	149
3471	137
3472	142
3473	136
3474	147
3475	127
3476	137
3477	167
3478	160
3479	143
3480	136
3481	151
3482	150
3483	120
3484	148
3485	144
3486	142
3487	129
3488	136
3489	150
3490	143
3491	141
3492	136
3493	148
3494	140
3495	160
3496	110
3497	143
3498	160
3499	134
3500	124
3501	154
3502	131
3503	135
3504	143
3505	145
3506	138
3507	151
3508	128
3509	129
3510	151
3511	131
3512	147
3513	154
3514	132
3515	126
3516	135
3517	128
3518	152
3519	139
3520	144
3521	143
3522	128
3523	138
3524	144
3525	138
3526	152
3527	155
3528	150
3529	135
3530	112
3531	147
3532	134
3533	155
3534	125
3535	128
3536	137
3537	123
3538	144
3539	146
3540	147
3541	146
3542	161
3543	152
3544	127
3545	145
3546	167
3547	138
3548	152
3549	137
3550	132
3551	140
3552	133
3553	146
3554	143
3555	154
3556	158
3557	128
3558	160
3559	152
3560	157
3561	151
3562	151
3563	165
3564	148
3565	137
3566	137
3567	147
3568	160
3569	140
3570	143
3571	132
3572	151
3573	144
3574	179
3575	142
3576	152
3577	149
3578	129
3579	144
3580	169
3581	155
3582	145
3583	139
3584	147
3585	171
3586	164
3587	140
3588	167
3589	166
3590	163
3591	167
3592	176
3593	163
3594	141
3595	145
3596	175
3597	143
3598	164
3599	174
3600	164
3601	143
3602	177
3603	152
3604	166
3605	159
3606	157
3607	166
3608	177
3609	157
3610	165
3611	170
3612	153
3613	183
3614	179
3615	174
3616	152
3617	171
3618	163
3619	189
3620	155
3621	179
3622	176
3623	170
3624	178
3625	178
3626	196
3627	175
3628	179
3629	195
3630	191
3631	190
3632	177
3633	183
3634	192
3635	197
3636	192
3637	180
3638	171
3639	180
3640	186
3641	191
3642	201
3643	197
3644	190
3645	187
3646	185
3647	202
3648	182
3649	173
3650	169
3651	188
3652	186
3653	211
3654	186
3655	181
3656	213
3657	204
3658	215
3659	206
3660	215
3661	242
3662	199
3663	192
3664	210
3665	206
3666	190
3667	218
3668	223
3669	211
3670	241
3671	213
3672	218
3673	226
3674	220
3675	204
3676	248
3677	208
3678	227
3679	196
3680	246
3681	191
3682	212
3683	236
3684	200
3685	216
3686	201
3687	227
3688	230
3689	245
3690	236
3691	235
3692	226
3693	238
3694	208
3695	233
3696	247
3697	242
3698	252
3699	254
3700	230
3701	256
3702	224
3703	247
3704	250
3705	243
3706	251
3707	238
3708	253
3709	246
3710	245
3711	254
3712	257
3713	244
3714	250
3715	271
3716	241
3717	248
3718	241
3719	269
3720	245
3721	262
3722	269
3723	242
3724	228
3725	250
3726	267
3727	278
3728	277
3729	267
3730	281
3731	288
3732	260
3733	301
3734	252
3735	287
3736	273
3737	293
3738	266
3739	283
3740	271
3741	262
3742	280
3743	297
3744	309
3745	269
3746	278
3747	308
3748	296
3749	284
3750	277
3751	287
3752	291
3753	281
3754	271
3755	258
3756	303
3757	289
3758	273
3759	282
3760	273
3761	279
3762	282
3763	291
3764	282
3765	271
3766	283
3767	301
3768	290
3769	316
3770	317
3771	291
3772	270
3773	290
3774	309
3775	334
3776	322
3777	327
3778	307
3779	315
3780	294
3781	313
3782	322
3783	322
3784	323
3785	303
3786	324
3787	297
3788	305
3789	332
3790	314
3791	316
3792	305
3793	288
3794	331
3795	321
3796	338
3797	332
3798	341
3799	342
3800	340
3801	327
3802	338
3803	332
3804	322
3805	323
3806	327
3807	371
3808	359
3809	328
3810	315
3811	326
3812	334
3813	365
3814	346
3815	338
3816	335
3817	346
3818	336
3819	336
3820	327
3821	355
3822	301
3823	359
3824	360
3825	339
3826	342
3827	371
3828	347
3829	349
3830	367
3831	357
3832	338
3833	347
3834	348
3835	330
3836	331
3837	364
3838	359
3839	330
3840	326
3841	345
3842	335
3843	393
3844	330
3845	364
3846	398
3847	341
3848	359
3849	386
3850	344
3851	365
3852	353
3853	355
3854	395
3855	359
3856	349
3857	406
3858	348
3859	378
3860	359
3861	376
3862	379
3863	336
3864	346
3865	362
3866	385
3867	383
3868	348
3869	355
3870	355
3871	359
3872	375
3873	356
3874	396
3875	342
3876	378
3877	373
3878	381
3879	356
3880	385
3881	363
3882	393
3883	359
3884	359
3885	389
3886	370
3887	370
3888	364
3889	399
3890	362
3891	365
3892	383
3893	388
3894	342
3895	366
3896	411
3897	378
3898	395
3899	389
3900	385
3901	355
3902	393
3903	417
3904	354
3905	348
3906	391
3907	419
3908	370
3909	390
3910	373
3911	394
3912	398
3913	390
3914	420
3915	385
3916	387
3917	382
3918	389
3919	409
3920	394
3921	397
3922	417
3923	374
3924	403
3925	376
3926	363
3927	412
3928	373
3929	437
3930	379
3931	378
3932	353
3933	386
3934	355
3935	402
3936	370
3937	395
3938	406
3939	403
3940	423
3941	388
3942	380
3943	408
3944	410
3945	370
3946	392
3947	389
3948	421
3949	397
3950	399
3951	388
3952	439
3953	429
3954	379
3955	405
3956	409
3957	377
3958	422
3959	417
3960	382
3961	389
3962	417
3963	393
3964	383
3965	412
3966	400
3967	418
3968	409
3969	395
3970	417
3971	427
3972	422
3973	385
3974	478
3975	387
3976	450
3977	438
3978	426
3979	441
3980	436
3981	434
3982	448
3983	369
3984	411
3985	455
3986	429
3987	438
3988	459
3989	429
3990	405
3991	429
3992	466
3993	418
3994	458
3995	430
3996	392
3997	404
3998	466
3999	440
4000	451
4001	451
4002	454
4003	449
4004	417
4005	451
4006	448
4007	450
4008	434
4009	441
4010	462
4011	426
4012	503
4013	436
4014	448
4015	484
4016	392
4017	439
4018	472
4019	474
4020	435
4021	436
4022	458
4023	476
4024	463
4025	457
4026	424
4027	475
4028	429
4029	479
4030	467
4031	437
4032	481
4033	476
4034	475
4035	468
4036	490
4037	452
4038	468
4039	468
4040	469
4041	478
4042	469
4043	511
4044	498
4045	517
4046	484
4047	490
4048	439
4049	534
4050	455
4051	499
4052	511
4053	544
4054	518
4055	471
4056	536
4057	486
4058	517
4059	528
4060	501
4061	516
4062	504
4063	531
4064	511
4065	486
4066	556
4067	540
4068	548
4069	503
4070	526
4071	520
4072	524
4073	528
4074	523
4075	575
4076	539
4077	548
4078	535
4079	591
4080	524
4081	533
4082	543
4083	566
4084	553
4085	545
4086	587
4087	583
4088	544
4089	543
4090	558
4091	554
4092	562
4093	556
4094	575
4095	581
4096	573
4097	531
4098	590
4099	594
4100	580
4101	617
4102	566
4103	623
4104	566
4105	578
4106	572
4107	549
4108	571
4109	583
4110	630
4111	608
4112	636
4113	605
4114	564
4115	622
4116	575
4117	582
4118	608
4119	607
4120	577
4121	637
4122	566
4123	635
4124	609
4125	621
4126	642
4127	597
4128	608
4129	645
4130	625
4131	597
4132	622
4133	585
4134	620
4135	603
4136	637
4137	658
4138	632
4139	710
4140	651
4141	594
4142	666
4143	606
4144	659
4145	632
4146	621
4147	625
4148	665
4149	703
4150	683
4151	650
4152	675
4153	623
4154	673
4155	610
4156	701
4157	669
4158	676
4159	622
4160	667
4161	658
4162	637
4163	678
4164	691
4165	701
4166	659
4167	656
4168	704
4169	691
4170	682
4171	703
4172	656
4173	727
4174	692
4175	694
4176	667
4177	665
4178	658
4179	711
4180	718
4181	655
4182	691
4183	681
4184	652
4185	688
4186	725
4187	699
4188	675
4189	684
4190	713
4191	669
4192	699
4193	639
4194	686
4195	716
4196	686
4197	726
4198	737
4199	677
4200	692
4201	669
4202	720
4203	710
4204	742
4205	693
4206	670
4207	675
4208	675
4209	733
4210	729
4211	690
4212	701
4213	697
4214	706
4215	717
4216	700
4217	701
4218	736
4219	719
4220	711
4221	747
4222	691
4223	724
4224	705
4225	724
4226	746
4227	727
4228	696
4229	727
4230	659
4231	708
4232	689
4233	695
4234	678
4235	692
4236	721
4237	724
4238	714
4239	729
4240	721
4241	738
4242	678
4243	695
4244	718
4245	737
4246	702
4247	649
4248	749
4249	737
4250	683
4251	711
4252	700
4253	652
4254	717
4255	723
4256	761
4257	691
4258	724
4259	764
4260	709
4261	725
4262	697
4263	678
4264	740
4265	776
4266	692
4267	704
4268	674
4269	661
4270	688
4271	724
4272	704
4273	646
4274	664
4275	717
4276	704
4277	692
4278	694
4279	677
4280	651
4281	709
4282	717
4283	665
4284	665
4285	667
4286	666
4287	644
4288	694
4289	686
4290	666
4291	686
4292	696
4293	672
4294	635
4295	670
4296	702
4297	670
4298	707
4299	624
4300	613
4301	695
4302	661
4303	652
4304	690
4305	694
4306	631
4307	688
4308	660
4309	706
4310	696
4311	653
4312	656
4313	668
4314	670
4315	647
4316	691
4317	652
4318	662
4319	655
4320	675
4321	666
4322	624
4323	689
4324	634
4325	631
4326	622
4327	633
4328	651
4329	663
4330	590
4331	678
4332	625
4333	617
4334	639
4335	666
4336	596
4337	629
4338	577
4339	668
4340	642
4341	637
4342	644
4343	579
4344	604
4345	583
4346	575
4347	634
4348	607
4349	564
4350	597
4351	632
4352	576
4353	578
4354	565
4355	592
4356	608
4357	566
4358	581
4359	591
4360	554
4361	599
4362	606
4363	559
4364	607
4365	538
4366	557
4367	550
4368	570
4369	528
4370	584
4371	552
4372	580
4373	572
4374	548
4375	572
4376	558
4377	546
4378	569
4379	522
4380	540
4381	553
4382	537
4383	588
4384	535
4385	524
4386	526
4387	517
4388	567
4389	532
4390	551
4391	511
4392	533
4393	494
4394	534
4395	530
4396	524
4397	498
4398	495
4399	502
4400	534
4401	520
4402	502
4403	520
4404	466
4405	482
4406	480
4407	482
4408	463
4409	496
4410	497
4411	510
4412	462
4413	492
4414	474
4415	472
4416	495
4417	482
4418	476
4419	478
4420	472
4421	495
4422	448
4423	448
4424	460
4425	442
4426	425
4427	485
4428	476
4429	466
4430	437
4431	441
4432	460
4433	454
4434	440
4435	431
4436	458
4437	435
4438	468
4439	448
4440	465
4441	436
4442	425
4443	415
4444	411
4445	450
4446	472
4447	392
4448	430
4449	417
4450	400
4451	403
4452	449
4453	405
4454	417
4455	408
4456	410
4457	413
4458	399
4459	416
4460	414
4461	382
4462	373
4463	411
4464	395
4465	369
4466	384
4467	364
4468	387
4469	392
4470	367
4471	377
4472	407
4473	363
4474	371
4475	414
4476	338
4477	396
4478	414
4479	365
4480	374
4481	384
4482	372
4483	350
4484	361
4485	376
4486	374
4487	381
4488	375
4489	382
4490	396
4491	350
4492	395
4493	381
4494	358
4495	348
4496	357
4497	368
4498	363
4499	330
4500	375
4501	358
4502	371
4503	366
4504	343
4505	363
4506	366
4507	381
4508	331
4509	330
4510	351
4511	345
4512	367
4513	346
4514	369
4515	373
4516	384
4517	339
4518	367
4519	354
4520	347
4521	357
4522	390
4523	359
4524	336
4525	363
4526	330
4527	328
4528	358
4529	329
4530	335
4531	361
4532	342
4533	381
4534	344
4535	368
4536	350
4537	330
4538	364
4539	337
4540	392
4541	340
4542	344
4543	377
4544	352
4545	354
4546	343
4547	374
4548	363
4549	364
4550	386
4551	349
4552	361
4553	365
4554	348
4555	362
4556	347
4557	371
4558	364
4559	363
4560	350
4561	363
4562	351
4563	357
4564	363
4565	369
4566	391
4567	371
4568	353
4569	404
4570	376
4571	388
4572	403
4573	362
4574	376
4575	377
4576	377
4577	369
4578	372
4579	417
4580	412
4581	391
4582	416
4583	430
4584	401
4585	401
4586	387
4587	415
4588	384
4589	395
4590	400
4591	353
4592	403
4593	404
4594	398
4595	403
4596	378
4597	386
4598	390
4599	439
4600	431
4601	422
4602	418
4603	397
4604	422
4605	394
4606	446
4607	446
4608	431
4609	425
4610	456
4611	434
4612	466
4613	433
4614	448
4615	468
4616	422
4617	457
4618	448
4619	462
4620	462
4621	486
4622	476
4623	473
4624	469
4625	502
4626	490
4627	490
4628	478
4629	496
4630	494
4631	427
4632	517
4633	504
4634	498
4635	525
4636	545
4637	491
4638	512
4639	554
4640	501
4641	520
4642	535
4643	543
4644	561
4645	572
4646	562
4647	542
4648	542
4649	534
4650	541
4651	573
4652	561
4653	564
4654	557
4655	564
4656	622
4657	634
4658	541
4659	596
4660	597
4661	586
4662	603
4663	606
4664	592
4665	593
4666	619
4667	606
4668	620
4669	630
4670	638
4671	629
4672	639
4673	665
4674	626
4675	675
4676	629
4677	640
4678	688
4679	668
4680	642
4681	659
4682	648
4683	679
4684	676
4685	663
4686	721
4687	685
4688	706
4689	703
4690	658
4691	675
4692	710
4693	742
4694	746
4695	704
4696	806
4697	754
4698	751
4699	797
4700	730
4701	756
4702	771
4703	749
4704	719
4705	743
4706	774
4707	743
4708	756
4709	743
4710	750
4711	779
4712	782
4713	759
4714	803
4715	836
4716	843
4717	832
4718	818
4719	846
4720	847
4721	803
4722	844
4723	840
4724	812
4725	793
4726	896
4727	831
4728	891
4729	856
4730	949
4731	805
4732	941
4733	893
4734	887
4735	904
4736	884
4737	937
4738	922
4739	913
4740	984
4741	915
4742	918
4743	940
4744	921
4745	990
4746	949
4747	966
4748	1003
4749	988
4750	952
4751	999
4752	987
4753	914
4754	1016
4755	1007
4756	1029
4757	994
4758	1028
4759	1042
4760	1032
4761	999
4762	1041
4763	1060
4764	1039
4765	1089
4766	1033
4767	1068
4768	1046
4769	1057
4770	1081
4771	1073
4772	1097
4773	1076
4774	1100
4775	1096
4776	1136
4777	1047
4778	1099
4779	1107
4780	1119
4781	1113
4782	1140
4783	1199
4784	1141
4785	1132
4786	1178
4787	1170
4788	1127
4789	1188
4790	1158
4791	1165
4792	1178
4793	1217
4794	1221
4795	1174
4796	1254
4797	1155
4798	1189
4799	1213
4800	1184
4801	1204
4802	1204
4803	1272
4804	1157
4805	1263
4806	1211
4807	1290
4808	1218
4809	1338
4810	1244
4811	1260
4812	1302
4813	1278
4814	1319
4815	1272
4816	1285
4817	1323
4818	1282
4819	1243
4820	1303
4821	1337
4822	1379
4823	1393
4824	1296
4825	1303
4826	1319
4827	1356
4828	1298
4829	1421
4830	1349
4831	1365
4832	1408
4833	1435
4834	1376
4835	1375
4836	1414
4837	1370
4838	1453
4839	1439
4840	1409
4841	1433
4842	1466
4843	1504
4844	1366
4845	1395
4846	1427
4847	1397
4848	1469
4849	1458
4850	1483
4851	1478
4852	1500
4853	1458
4854	1469
4855	1452
4856	1485
4857	1536
4858	1541
4859	1504
4860	1457
4861	1510
4862	1538
4863	1544
4864	1469
4865	1458
4866	1534
4867	1509
4868	1537
4869	1565
4870	1514
4871	1587
4872	1529
4873	1520
4874	1453
4875	1568
4876	1535
4877	1583
4878	1594
4879	1603
4880	1625
4881	1501
4882	1635
4883	1485
4884	1555
4885	1582
4886	1605
4887	1569
4888	1674
4889	1534
4890	1611
4891	1610
4892	1603
4893	1655
4894	1602
4895	1616
4896	1597
4897	1644
4898	1601
4899	1622
4900	1616
4901	1661
4902	1630
4903	1663
4904	1696
4905	1741
4906	1614
4907	1678
4908	1668
4909	1664
4910	1646
4911	1606
4912	1624
4913	1696
4914	1628
4915	1653
4916	1684
4917	1716
4918	1641
4919	1702
4920	1558
4921	1663
4922	1648
4923	1712
4924	1701
4925	1749
4926	1673
4927	1716
4928	1643
4929	1658
4930	1663
4931	1761
4932	1732
4933	1693
4934	1721
4935	1679
4936	1759
4937	1688
4938	1696
4939	1734
4940	1691
4941	1689
4942	1717
4943	1747
4944	1706
4945	1711
4946	1729
4947	1660
4948	1699
4949	1653
4950	1678
4951	1627
4952	1723
4953	1756
4954	1722
4955	1766
4956	1732
4957	1704
4958	1780
4959	1774
4960	1734
4961	1727
4962	1739
4963	1730
4964	1693
4965	1673
4966	1657
4967	1767
4968	1745
4969	1672
4970	1709
4971	1751
4972	1721
4973	1718
4974	1760
4975	1700
4976	1687
4977	1738
4978	1804
4979	1784
4980	1690
4981	1715
4982	1813
4983	1679
4984	1703
4985	1653
4986	1696
4987	1678
4988	1686
4989	1716
4990	1695
4991	1737
4992	1700
4993	1704
4994	1685
4995	1714
4996	1658
4997	1609
4998	1697
4999	1700
5000	1798
5001	1645
5002	1647
5003	1705
5004	1717
5005	1739
5006	1631
5007	1702
5008	1707
5009	1686
5010	1743
5011	1617
5012	1673
5013	1672
5014	1707
5015	1727
5016	1720
5017	1642
5018	1674
5019	1718
5020	1677
5021	1711
5022	1689
5023	1632
5024	1679
5025	1694
5026	1617
5027	1713
5028	1664
5029	1641
5030	1614
5031	1638
5032	1694
5033	1600
5034	1640
5035	1757
5036	1658
5037	1602
5038	1711
5039	1593
5040	1718
5041	1643
5042	1644
5043	1634
5044	1549
5045	1650
5046	1600
5047	1629
5048	1625
5049	1669
5050	1602
5051	1592
5052	1616
5053	1580
5054	1621
5055	1583
5056	1518
5057	1543
5058	1538
5059	1515
5060	1574
5061	1513
5062	1536
5063	1580
5064	1594
5065	1550
5066	1602
5067	1600
5068	1504
5069	1594
5070	1500
5071	1546
5072	1623
5073	1510
5074	1553
5075	1531
5076	1556
5077	1494
5078	1487
5079	1515
5080	1522
5081	1459
5082	1554
5083	1520
5084	1489
5085	1509
5086	1533
5087	1502
5088	1455
5089	1483
5090	1434
5091	1495
5092	1441
5093	1455
5094	1527
5095	1419
5096	1420
5097	1447
5098	1419
5099	1498
5100	1377
5101	1487
5102	1413
5103	1460
5104	1405
5105	1408
5106	1383
5107	1388
5108	1416
5109	1414
5110	1409
5111	1401
5112	1390
5113	1410
5114	1453
5115	1368
5116	1311
5117	1389
5118	1363
5119	1342
5120	1374
5121	1395
5122	1390
5123	1360
5124	1346
5125	1354
5126	1329
5127	1370
5128	1352
5129	1283
5130	1256
5131	1312
5132	1313
5133	1307
5134	1410
5135	1335
5136	1299
5137	1275
5138	1252
5139	1265
5140	1309
5141	1243
5142	1327
5143	1337
5144	1255
5145	1274
5146	1289
5147	1225
5148	1211
5149	1194
5150	1256
5151	1295
5152	1253
5153	1234
5154	1219
5155	1210
5156	1300
5157	1265
5158	1188
5159	1211
5160	1136
5161	1254
5162	1152
5163	1175
5164	1212
5165	1162
5166	1229
5167	1166
5168	1114
5169	1211
5170	1161
5171	1101
5172	1176
5173	1155
5174	1114
5175	1153
5176	1185
5177	1145
5178	1173
5179	1106
5180	1202
5181	1142
5182	1095
5183	1111
5184	1062
5185	1162
5186	1111
5187	1091
5188	1083
5189	1033
5190	1124
5191	1138
5192	1117
5193	1127
5194	1142
5195	1168
5196	1066
5197	1070
5198	1102
5199	1041
5200	1033
5201	1071
5202	1075
5203	1083
5204	1055
5205	1067
5206	1115
5207	1051
5208	1050
5209	1059
5210	1011
5211	1033
5212	1041
5213	1020
5214	1038
5215	1001
5216	1045
5217	1025
5218	1004
5219	1002
5220	972
5221	1021
5222	975
5223	1003
5224	999
5225	1020
5226	1013
5227	957
5228	941
5229	1020
5230	1008
5231	1057
5232	949
5233	973
5234	1016
5235	992
5236	1010
5237	982
5238	935
5239	978
5240	1021
5241	907
5242	991
5243	916
5244	950
5245	907
5246	906
5247	1050
5248	869
5249	916
5250	944
5251	911
5252	860
5253	871
5254	985
5255	920
5256	914
5257	890
5258	883
5259	923
5260	926
5261	916
5262	935
5263	937
5264	876
5265	921
5266	908
5267	923
5268	840
5269	903
5270	891
5271	921
5272	873
5273	914
5274	839
5275	846
5276	843
5277	902
5278	895
5279	921
5280	854
5281	823
5282	868
5283	886
5284	852
5285	872
5286	916
5287	879
5288	823
5289	873
5290	844
5291	817
5292	817
5293	849
5294	840
5295	829
5296	862
5297	782
5298	818
5299	826
5300	776
5301	836
5302	807
5303	824
5304	813
5305	842
5306	805
5307	772
5308	795
5309	796
5310	785
5311	802
5312	865
5313	809
5314	847
5315	815
5316	802
5317	765
5318	811
5319	822
5320	806
5321	761
5322	822
5323	784
5324	823
5325	766
5326	802
5327	804
5328	744
5329	772
5330	777
5331	790
5332	744
5333	776
5334	798
5335	822
5336	798
5337	811
5338	787
5339	774
5340	775
5341	762
5342	768
5343	809
5344	697
5345	753
5346	720
5347	777
5348	776
5349	805
5350	778
5351	761
5352	745
5353	749
5354	754
5355	769
5356	758
5357	768
5358	815
5359	769
5360	729
5361	784
5362	746
5363	795
5364	729
5365	762
5366	769
5367	788
5368	702
5369	746
5370	729
5371	731
5372	752
5373	716
5374	763
5375	742
5376	722
5377	708
5378	757
5379	716
5380	747
5381	729
5382	747
5383	708
5384	728
5385	719
5386	717
5387	746
5388	770
5389	715
5390	741
5391	779
5392	721
5393	720
5394	700
5395	744
5396	748
5397	770
5398	680
5399	762
5400	712
5401	680
5402	710
5403	712
5404	732
5405	725
5406	683
5407	715
5408	678
5409	717
5410	717
5411	740
5412	688
5413	714
5414	670
5415	695
5416	685
5417	688
5418	700
5419	717
5420	687
5421	702
5422	681
5423	667
5424	692
5425	665
5426	703
5427	640
5428	649
5429	624
5430	714
5431	717
5432	653
5433	710
5434	630
5435	654
5436	651
5437	706
5438	659
5439	687
5440	667
5441	691
5442	721
5443	701
5444	674
5445	676
5446	658
5447	694
5448	676
5449	651
5450	659
5451	687
5452	639
5453	658
5454	681
5455	649
5456	673
5457	688
5458	641
5459	642
5460	687
5461	644
5462	725
5463	627
5464	624
5465	666
5466	636
5467	631
5468	642
5469	642
5470	666
5471	612
5472	637
5473	626
5474	648
5475	643
5476	657
5477	605
5478	635
5479	611
5480	617
5481	615
5482	575
5483	613
5484	623
5485	607
5486	605
5487	603
5488	632
5489	577
5490	626
5491	605
5492	622
5493	591
5494	593
5495	582
5496	589
5497	588
5498	600
5499	648
5500	567
5501	619
5502	588
5503	570
5504	576
5505	625
5506	611
5507	549
5508	558
5509	625
5510	554
5511	574
5512	567
5513	563
5514	561
5515	532
5516	553
5517	635
5518	575
5519	579
5520	562
5521	585
5522	594
5523	571
5524	541
5525	620
5526	568
5527	548
5528	575
5529	549
5530	606
5531	577
5532	554
5533	553
5534	516
5535	535
5536	558
5537	537
5538	511
5539	535
5540	522
5541	537
5542	531
5543	548
5544	562
5545	528
5546	554
5547	576
5548	525
5549	508
5550	525
5551	545
5552	514
5553	493
5554	491
5555	572
5556	508
5557	546
5558	501
5559	554
5560	543
5561	466
5562	486
5563	524
5564	511
5565	481
5566	481
5567	513
5568	495
5569	522
5570	493
5571	495
5572	468
5573	525
5574	454
5575	486
5576	493
5577	498
5578	492
5579	481
5580	465
5581	486
5582	520
5583	460
5584	468
5585	479
5586	459
5587	475
5588	484
5589	467
5590	488
5591	483
5592	481
5593	457
5594	433
5595	411
5596	479
5597	434
5598	484
5599	457
5600	443
5601	412
5602	470
5603	456
5604	447
5605	425
5606	431
5607	431
5608	420
5609	455
5610	449
5611	450
5612	475
5613	485
5614	436
5615	390
5616	430
5617	426
5618	390
5619	422
5620	411
5621	420
5622	439
5623	432
5624	424
5625	391
5626	421
5627	419
5628	382
5629	399
5630	418
5631	414
5632	396
5633	432
5634	393
5635	414
5636	380
5637	418
5638	408
5639	416
5640	395
5641	390
5642	377
5643	409
5644	397
5645	359
5646	389
5647	359
5648	375
5649	377
5650	385
5651	346
5652	386
5653	387
5654	368
5655	350
5656	383
5657	350
5658	419
5659	367
5660	355
5661	331
5662	345
5663	330
5664	327
5665	316
5666	372
5667	350
5668	360
5669	362
5670	366
5671	333
5672	325
5673	360
5674	330
5675	358
5676	350
5677	326
5678	331
5679	343
5680	323
5681	318
5682	353
5683	330
5684	358
5685	344
5686	314
5687	300
5688	339
5689	326
5690	349
5691	313
5692	338
5693	306
5694	303
5695	316
5696	321
5697	277
5698	314
5699	279
5700	291
5701	274
5702	311
5703	306
5704	303
5705	297
5706	286
5707	305
5708	297
5709	293
5710	295
5711	257
5712	275
5713	320
5714	295
5715	321
5716	271
5717	310
5718	258
5719	244
5720	304
5721	296
5722	270
5723	293
5724	304
5725	284
5726	274
5727	297
5728	266
5729	293
5730	274
5731	265
5732	274
5733	267
5734	274
5735	287
5736	241
5737	237
5738	265
5739	274
5740	268
5741	279
5742	226
5743	249
5744	270
5745	251
5746	255
5747	235
5748	221
5749	274
5750	259
5751	259
5752	244
5753	222
5754	244
5755	249
5756	247
5757	232
5758	224
5759	217
5760	232
5761	224
5762	250
5763	215
5764	234
5765	254
5766	241
5767	243
5768	223
5769	223
5770	213
5771	217
5772	225
5773	213
5774	254
5775	242
5776	220
5777	218
5778	259
5779	252
5780	220
5781	229
5782	213
5783	226
5784	220
5785	216
5786	234
5787	225
5788	247
5789	253
5790	228
5791	204
5792	202
5793	226
5794	226
5795	206
5796	219
5797	211
5798	229
5799	230
5800	219
5801	214
5802	224
5803	207
5804	203
5805	228
5806	236
5807	235
5808	237
5809	219
5810	238
5811	228
5812	215
5813	200
5814	217
5815	202
5816	218
5817	218
5818	216
5819	213
5820	194
5821	240
5822	209
5823	193
5824	193
5825	181
5826	210
5827	220
5828	189
5829	206
5830	224
5831	186
5832	218
5833	197
5834	196
5835	197
5836	191
5837	182
5838	216
5839	200
5840	191
5841	190
5842	205
5843	180
5844	183
5845	199
5846	196
5847	216
5848	205
5849	216
5850	211
5851	200
5852	158
5853	159
5854	209
5855	190
5856	181
5857	181
5858	205
5859	185
5860	218
5861	186
5862	215
5863	198
5864	192
5865	198
5866	211
5867	198
5868	207
5869	224
5870	215
5871	212
5872	176
5873	222
5874	208
5875	189
5876	209
5877	206
5878	182
5879	199
5880	197
5881	191
5882	181
5883	184
5884	205
5885	194
5886	195
5887	208
5888	192
5889	183
5890	209
5891	197
5892	179
5893	201
5894	206
5895	172
5896	205
5897	198
5898	182
5899	211
5900	203
5901	190
5902	202
5903	208
5904	181
5905	181
5906	181
5907	206
5908	178
5909	167
5910	215
5911	184
5912	205
5913	185
5914	196
5915	226
5916	216
5917	181
5918	207
5919	174
5920	194
5921	178
5922	201
5923	188
5924	210
5925	166
5926	196
5927	200
5928	189
5929	216
5930	181
5931	180
5932	191
5933	207
5934	195
5935	191
5936	182
5937	188
5938	186
5939	183
5940	201
5941	190
5942	189
5943	163
5944	182
5945	186
5946	171
5947	197
5948	207
5949	190
5950	150
5951	205
5952	183
5953	172
5954	195
5955	172
5956	200
5957	224
5958	209
5959	204
5960	194
5961	176
5962	203
5963	186
5964	202
5965	182
5966	190
5967	192
5968	178
5969	193
5970	224
5971	195
5972	177
5973	183
5974	167
5975	177
5976	169
5977	193
5978	193
5979	174
5980	208
5981	208
5982	190
5983	153
5984	188
5985	199
5986	196
5987	206
5988	186
5989	187
5990	199
5991	193
5992	191
5993	197
5994	214
5995	221
5996	190
5997	174
5998	200
5999	184
6000	231
6001	178
6002	192
6003	179
6004	201
6005	195
6006	182
6007	201
6008	197
6009	191
6010	181
6011	207
6012	192
6013	201
6014	175
6015	181
6016	191
6017	190
6018	179
6019	191
6020	201
6021	191
6022	189
6023	195
6024	198
6025	185
6026	198
6027	192
6028	171
6029	169
6030	204
6031	212
6032	193
6033	171
6034	208
6035	184
6036	192
6037	197
6038	194
6039	206
6040	197
6041	181
6042	213
6043	204
6044	173
6045	206
6046	197
6047	197
6048	175
6049	215
6050	197
6051	181
6052	191
6053	203
6054	200
6055	199
6056	171
6057	207
6058	183
6059	200
6060	184
6061	183
6062	235
6063	213
6064	191
6065	185
6066	199
6067	190
6068	199
6069	212
6070	209
6071	200
6072	185
6073	185
6074	194
6075	189
6076	193
6077	181
6078	205
6079	210
6080	191
6081	214
6082	172
6083	214
6084	176
6085	206
6086	206
6087	206
6088	187
6089	212
6090	211
6091	212
6092	196
6093	191
6094	195
6095	195
6096	195
6097	204
6098	180
6099	213
6100	206
6101	221
6102	203
6103	208
6104	185
6105	202
6106	199
6107	204
6108	191
6109	213
6110	202
6111	189
6112	196
6113	195
6114	198
6115	208
6116	208
6117	192
6118	219
6119	206
6120	199
6121	208
6122	180
6123	175
6124	197
6125	194
6126	213
6127	209
6128	200
6129	205
6130	208
6131	187
6132	210
6133	209
6134	213
6135	173
6136	178
6137	195
6138	202
6139	214
6140	227
6141	187
6142	207
6143	198
6144	203
6145	199
6146	205
6147	196
6148	177
6149	192
6150	191
6151	206
6152	194
6153	194
6154	202
6155	197
6156	213
6157	203
6158	176
6159	193
6160	202
6161	200
6162	185
6163	199
6164	190
6165	207
6166	192
6167	191
6168	182
6169	192
6170	182
6171	194
6172	214
6173	196
6174	178
6175	205
6176	194
6177	188
6178	188
6179	196
6180	176
6181	198
6182	212
6183	184
6184	200
6185	208
6186	197
6187	206
6188	180
6189	196
6190	183
6191	181
6192	170
6193	206
6194	188
6195	182
6196	225
6197	202
6198	194
6199	172
6200	179
6201	194
6202	206
6203	210
6204	170
6205	192
6206	163
6207	189
6208	201
6209	184
6210	205
6211	185
6212	204
6213	208
6214	196
6215	176
6216	186
6217	195
6218	192
6219	177
6220	179
6221	200
6222	182
6223	186
6224	197
6225	214
6226	191
6227	179
6228	196
6229	202
6230	195
6231	183
6232	210
6233	176
6234	178
6235	191
6236	179
6237	176
6238	176
6239	205
6240	188
6241	197
6242	170
6243	196
6244	179
6245	186
6246	190
6247	202
6248	166
6249	186
6250	194
6251	159
6252	190
6253	192
6254	190
6255	211
6256	181
6257	177
6258	186
6259	180
6260	193
6261	160
6262	198
6263	219
6264	191
6265	164
6266	169
6267	156
6268	158
6269	202
6270	186
6271	185
6272	177
6273	173
6274	177
6275	153
6276	195
6277	180
6278	184
6279	173
6280	150
6281	161
6282	172
6283	169
6284	181
6285	166
6286	152
6287	157
6288	165
6289	152
6290	146
6291	150
6292	179
6293	176
6294	189
6295	154
6296	201
6297	175
6298	170
6299	167
6300	161
6301	157
6302	172
6303	154
6304	150
6305	174
6306	161
6307	136
6308	170
6309	171
6310	153
6311	158
6312	163
6313	154
6314	164
6315	156
6316	145
6317	163
6318	157
6319	130
6320	147
6321	160
6322	157
6323	143
6324	132
6325	137
6326	157
6327	150
6328	146
6329	152
6330	165
6331	146
6332	142
6333	163
6334	137
6335	130
6336	159
6337	162
6338	163
6339	153
6340	136
6341	136
6342	161
6343	151
6344	147
6345	131
6346	151
6347	141
6348	127
6349	144
6350	147
6351	154
6352	137
6353	153
6354	147
6355	137
6356	154
6357	158
6358	126
6359	139
6360	142
6361	131
6362	135
6363	139
6364	158
6365	128
6366	139
6367	141
6368	143
6369	119
6370	137
6371	115
6372	127
6373	146
6374	129
6375	141
6376	135
6377	108
6378	124
6379	137
6380	144
6381	108
6382	141
6383	130
6384	119
6385	122
6386	121
6387	158
6388	122
6389	131
6390	126
6391	117
6392	117
6393	139
6394	129
6395	109
6396	124
6397	125
6398	113
6399	100
6400	128
6401	115
6402	145
6403	111
6404	122
6405	119
6406	108
6407	107
6408	135
6409	131
6410	125
6411	119
6412	127
6413	113
6414	126
6415	126
6416	111
6417	94
6418	105
6419	120
6420	110
6421	106
6422	117
6423	108
6424	103
6425	122
6426	117
6427	103
6428	121
6429	89
6430	106
6431	107
6432	97
6433	113
6434	118
6435	111
6436	89
6437	112
6438	107
6439	113
6440	99
6441	117
6442	99
6443	90
6444	108
6445	119
6446	110
6447	93
6448	99
6449	92
6450	96
6451	102
6452	107
6453	108
6454	101
6455	99
6456	107
6457	80
6458	94
6459	87
6460	91
6461	100
6462	79
6463	84
6464	99
6465	94
6466	113
6467	111
6468	70
6469	73
6470	103
6471	98
6472	91
6473	88
6474	87
6475	82
6476	89
6477	98
6478	95
6479	89
6480	108
6481	119
6482	103
6483	83
6484	100
6485	92
6486	99
6487	98
6488	83
6489	78
6490	82
6491	80
6492	87
6493	85
6494	95
6495	88
6496	85
6497	83
6498	83
6499	91
6500	81
6501	97
6502	92
6503	90
6504	93
6505	96
6506	84
6507	90
6508	72
6509	73
6510	90
6511	68
6512	87
6513	93
6514	78
6515	80
6516	94
6517	76
6518	80
6519	86
6520	74
6521	81
6522	98
6523	83
6524	60
6525	88
6526	78
6527	77
6528	77
6529	75
6530	81
6531	83
6532	63
6533	86
6534	74
6535	61
6536	82
6537	77
6538	74
6539	58
6540	83
6541	67
6542	62
6543	68
6544	75
6545	90
6546	75
6547	71
6548	66
6549	75
6550	80
6551	62
6552	70
6553	78
6554	60
6555	72
6556	72
6557	75
6558	70
6559	80
6560	75
6561	71
6562	80
6563	52
6564	75
6565	70
6566	73
6567	53
6568	62
6569	69
6570	71
6571	77
6572	69
6573	60
6574	75
6575	74
6576	77
6577	75
6578	70
6579	51
6580	71
6581	59
6582	62
6583	62
6584	69
6585	68
6586	80
6587	55
6588	58
6589	76
6590	60
6591	46
6592	64
6593	60
6594	69
6595	67
6596	70
6597	68
6598	72
6599	67
6600	45
6601	69
6602	70
6603	61
6604	58
6605	61
6606	51
6607	57
6608	47
6609	77
6610	70
6611	73
6612	67
6613	68
6614	59
6615	58
6616	62
6617	67
6618	63
6619	58
6620	63
6621	44
6622	67
6623	57
6624	63
6625	71
6626	72
6627	55
6628	53
6629	46
6630	69
6631	66
6632	59
6633	51
6634	47
6635	71
6636	72
6637	56
6638	57
6639	64
6640	68
6641	48
6642	57
6643	51
6644	50
6645	59
6646	63
6647	61
6648	62
6649	49
6650	64
6651	62
6652	55
6653	50
6654	65
6655	56
6656	60
6657	50
6658	53
6659	57
6660	54
6661	51
6662	55
6663	40
6664	49
6665	48
6666	55
6667	58
6668	53
6669	50
6670	61
6671	49
6672	53
6673	59
6674	58
6675	45
6676	52
6677	45
6678	52
6679	53
6680	45
6681	55
6682	44
6683	48
6684	55
6685	69
6686	47
6687	50
6688	54
6689	55
6690	50
6691	56
6692	43
6693	47
6694	36
6695	48
6696	54
6697	50
6698	58
6699	58
6700	61
6701	47
6702	49
6703	52
6704	61
6705	58
6706	50
6707	54
6708	49
6709	47
6710	55
6711	55
6712	45
6713	47
6714	39
6715	55
6716	50
6717	57
6718	45
6719	51
6720	53
6721	42
6722	44
6723	46
6724	49
6725	45
6726	57
6727	48
6728	52
6729	37
6730	37
6731	59
6732	53
6733	47
6734	67
6735	40
6736	51
6737	54
6738	47
6739	56
6740	44
6741	42
6742	43
6743	44
6744	53
6745	33
6746	37
6747	41
6748	52
6749	47
6750	44
6751	46
6752	45
6753	43
6754	54
6755	57
6756	48
6757	35
6758	52
6759	47
6760	51
6761	38
6762	43
6763	39
6764	45
6765	44
6766	38
6767	52
6768	52
6769	48
6770	37
6771	35
6772	43
6773	46
6774	42
6775	41
6776	40
6777	50
6778	37
6779	50
6780	44
6781	57
6782	55
6783	61
6784	49
6785	49
6786	44
6787	50
6788	35
6789	43
6790	42
6791	48
6792	46
6793	45
6794	59
6795	37
6796	41
6797	34
6798	41
6799	48
6800	49
6801	30
6802	43
6803	46
6804	39
6805	42
6806	40
6807	30
6808	42
6809	35
6810	38
6811	42
6812	48
6813	42
6814	44
6815	48
6816	41
6817	36
6818	36
6819	45
6820	44
6821	27
6822	45
6823	37
6824	51
6825	38
6826	38
6827	44
6828	46
6829	34
6830	41
6831	41
6832	32
6833	36
6834	44
6835	35
6836	34
6837	39
6838	42
6839	37
6840	35
6841	29
6842	44
6843	30
6844	39
6845	47
6846	36
6847	49
6848	37
6849	35
6850	35
6851	28
6852	30
6853	34
6854	35
6855	32
6856	21
6857	35
6858	35
6859	39
6860	56
6861	31
6862	33
6863	40
6864	24
6865	29
6866	31
6867	45
6868	41
6869	34
6870	35
6871	28
6872	34
6873	37
6874	36
6875	41
6876	38
6877	33
6878	34
6879	35
6880	22
6881	41
6882	44
6883	38
6884	31
6885	35
6886	39
6887	31
6888	37
6889	34
6890	43
6891	38
6892	23
6893	33
6894	47
6895	30
6896	40
6897	35
6898	33
6899	38
6900	32
6901	23
6902	25
6903	33
6904	38
6905	37
6906	32
6907	34
6908	36
6909	33
6910	32
6911	27
6912	29
6913	30
6914	33
6915	30
6916	27
6917	32
6918	34
6919	31
6920	35
6921	38
6922	41
6923	37
6924	38
6925	33
6926	34
6927	27
6928	31
6929	36
6930	35
6931	26
6932	34
6933	40
6934	38
6935	28
6936	40
6937	43
6938	37
6939	30
6940	38
6941	30
6942	33
6943	33
6944	23
6945	29
6946	42
6947	37
6948	29
6949	33
6950	30
6951	23
6952	24
6953	33
6954	28
6955	26
6956	37
6957	38
6958	33
6959	34
6960	25
6961	25
6962	46
6963	43
6964	36
6965	23
6966	24
6967	31
6968	27
6969	25
6970	17
6971	32
6972	29
6973	29
6974	28
6975	32
6976	26
6977	27
6978	42
6979	32
6980	25
6981	30
6982	33
6983	24
6984	18
6985	37
6986	31
6987	36
6988	28
6989	24
6990	33
6991	33
6992	23
6993	28
6994	33
6995	35
6996	37
6997	22
6998	35
6999	24
7000	24
7001	38
7002	21
7003	35
7004	31
7005	31
7006	32
7007	40
7008	22
7009	20
7010	34
7011	26
7012	29
7013	25
7014	34
7015	25
7016	24
7017	27
7018	30
7019	33
7020	26
7021	33
7022	41
7023	30
7024	24
7025	30
7026	27
7027	39
7028	30
7029	27
7030	42
7031	34
7032	30
7033	31
7034	27
7035	31
7036	26
7037	26
7038	24
7039	17
7040	25
7041	27
7042	32
7043	21
7044	22
7045	26
7046	22
7047	34
7048	26
7049	30
7050	18
7051	28
7052	20
7053	22
7054	35
7055	21
7056	24
7057	29
7058	29
7059	23
7060	27
7061	33
7062	32
7063	40
7064	27
7065	25
7066	39
7067	22
7068	17
7069	25
7070	26
7071	28
7072	32
7073	22
7074	27
7075	35
7076	14
7077	27
7078	23
7079	25
7080	28
7081	28
7082	33
7083	30
7084	26
7085	27
7086	22
7087	25
7088	32
7089	29
7090	31
7091	42
7092	20
7093	32
7094	29
7095	29
7096	24
7097	36
7098	21
7099	24
7100	19
7101	29
7102	30
7103	24
7104	40
7105	20
7106	24
7107	38
7108	19
7109	33
7110	40
7111	25
7112	23
7113	21
7114	29
7115	24
7116	21
7117	19
7118	34
7119	16
7120	29
7121	27
7122	23
7123	19
7124	29
7125	18
7126	30
7127	25
7128	17
7129	18
7130	23
7131	33
7132	31
7133	24
7134	24
7135	39
7136	18
7137	27
7138	28
7139	23
7140	19
7141	26
7142	25
7143	20
7144	29
7145	24
7146	28
7147	24
7148	25
7149	16
7150	19
7151	25
7152	20
7153	27
7154	27
7155	24
7156	22
7157	30
7158	20
7159	28
7160	28
7161	22
7162	26
7163	14
7164	18
7165	28
7166	27
7167	24
7168	23
7169	32
7170	26
7171	29
7172	16
7173	36
7174	18
7175	29
7176	22
7177	21
7178	15
7179	19
7180	14
7181	19
7182	28
7183	20
7184	18
7185	25
7186	24
7187	24
7188	23
7189	29
7190	21
7191	19
7192	23
7193	30
7194	20
7195	20
7196	21
7197	26
7198	22
7199	21
7200	22
7201	19
7202	17
7203	17
7204	20
7205	26
7206	31
7207	28
7208	27
7209	20
7210	20
7211	26
7212	22
7213	10
7214	25
7215	25
7216	26
7217	30
7218	22
7219	20
7220	20
7221	37
7222	21
7223	25
7224	19
7225	23
7226	31
7227	8
7228	21
7229	16
7230	15
7231	18
7232	18
7233	23
7234	29
7235	25
7236	14
7237	23
7238	35
7239	20
7240	23
7241	24
7242	20
7243	30
7244	35
7245	28
7246	19
7247	28
7248	23
7249	20
7250	17
7251	23
7252	13
7253	16
7254	23
7255	25
7256	25
7257	15
7258	24
7259	17
7260	20
7261	19
7262	22
7263	32
7264	22
7265	31
7266	18
7267	22
7268	23
7269	27
7270	24
7271	25
7272	16
7273	21
7274	17
7275	20
7276	27
7277	19
7278	20
7279	23
7280	19
7281	31
7282	19
7283	20
7284	23
7285	22
7286	18
7287	14
7288	9
7289	23
7290	26
7291	29
7292	29
7293	30
7294	27
7295	19
7296	22
7297	20
7298	17
7299	19
7300	15
7301	23
7302	20
7303	21
7304	22
7305	23
7306	21
7307	23
7308	16
7309	18
7310	23
7311	15
7312	24
7313	24
7314	22
7315	24
7316	27
7317	16
7318	19
7319	19
7320	15
7321	21
7322	17
7323	22
7324	19
7325	21
7326	28
7327	34
7328	15
7329	22
7330	17
7331	19
7332	14
7333	16
7334	24
7335	18
7336	20
7337	28
7338	26
7339	12
7340	15
7341	21
7342	25
7343	20
7344	22
7345	20
7346	19
7347	15
7348	16
7349	20
7350	13
7351	19
7352	19
7353	23
7354	14
7355	12
7356	23
7357	24
7358	28
7359	22
7360	20
7361	19
7362	28
7363	25
7364	22
7365	25
7366	29
7367	25
7368	14
7369	14
7370	11
7371	16
7372	24
7373	15
7374	17
7375	21
7376	15
7377	23
7378	15
7379	25
7380	19
7381	23
7382	15
7383	16
7384	20
7385	16
7386	21
7387	22
7388	20
7389	27
7390	28
7391	20
7392	19
7393	22
7394	26
7395	17
7396	25
7397	18
7398	23
7399	16
7400	22
7401	21
7402	17
7403	17
7404	18
7405	17
7406	22
7407	13
7408	20
7409	22
7410	13
7411	13
7412	17
7413	22
7414	19
7415	18
7416	21
7417	19
7418	20
7419	18
7420	21
7421	22
7422	14
7423	18
7424	15
7425	26
7426	20
7427	17
7428	20
7429	25
7430	18
7431	19
7432	17
7433	15
7434	19
7435	19
7436	19
7437	20
7438	19
7439	16
7440	18
7441	18
7442	19
7443	17
7444	29
7445	21
7446	23
7447	21
7448	22
7449	15
7450	10
7451	19
7452	19
7453	15
7454	20
7455	24
7456	17
7457	18
7458	19
7459	16
7460	17
7461	13
7462	21
7463	21
7464	22
7465	17
7466	19
7467	16
7468	19
7469	15
7470	17
7471	21
7472	13
7473	20
7474	22
7475	7
7476	13
7477	17
7478	12
7479	13
7480	18
7481	15
7482	16
7483	11
7484	16
7485	17
7486	13
7487	19
7488	17
7489	17
7490	22
7491	15
7492	17
7493	16
7494	23
7495	18
7496	11
7497	20
7498	18
7499	16
7500	15
7501	24
7502	12
7503	18
7504	26
7505	24
7506	17
7507	19
7508	13
7509	16
7510	20
7511	24
7512	15
7513	20
7514	21
7515	29
7516	14
7517	17
7518	25
7519	19
7520	19
7521	19
7522	14
7523	18
7524	21
7525	15
7526	19
7527	16
7528	18
7529	22
7530	17
7531	21
7532	18
7533	25
7534	16
7535	18
7536	22
7537	17
7538	19
7539	22
7540	19
7541	24
7542	13
7543	23
7544	17
7545	17
7546	13
7547	9
7548	18
7549	18
7550	17
7551	20
7552	14
7553	19
7554	16
7555	15
7556	23
7557	17
7558	13
7559	11
7560	13
7561	23
7562	13
7563	12
7564	19
7565	21
7566	12
7567	13
7568	14
7569	15
7570	22
7571	20
7572	7
7573	17
7574	19
7575	16
7576	16
7577	16
7578	14
7579	20
7580	16
7581	5
7582	19
7583	23
7584	19
7585	15
7586	15
7587	17
7588	18
7589	19
7590	20
7591	16
7592	19
7593	21
7594	15
7595	23
7596	18
7597	13
7598	13
7599	17
7600	9
7601	20
7602	14
7603	17
7604	14
7605	14
7606	14
7607	13
7608	12
7609	23
7610	11
7611	17
7612	18
7613	15
7614	11
7615	16
7616	11
7617	15
7618	24
7619	12
7620	16
7621	13
7622	10
7623	17
7624	18
7625	14
7626	12
7627	16
7628	10
7629	22
7630	10
7631	10
7632	18
7633	17
7634	7
7635	17
7636	14
7637	22
7638	20
7639	16
7640	20
7641	19
7642	13
7643	15
7644	18
7645	25
7646	23
7647	18
7648	13
7649	14
7650	14
7651	15
7652	25
7653	22
7654	11
7655	12
7656	23
7657	12
7658	17
7659	18
7660	13
7661	21
7662	11
7663	22
7664	23
7665	23
7666	19
7667	20
7668	16
7669	29
7670	19
7671	16
7672	21
7673	16
7674	16
7675	16
7676	17
7677	15
7678	20
7679	13
7680	17
7681	21
7682	17
7683	14
7684	17
7685	19
7686	20
7687	11
7688	23
7689	10
7690	17
7691	16
7692	22
7693	14
7694	17
7695	19
7696	15
7697	15
7698	16
7699	11
7700	12
7701	7
7702	16
7703	19
7704	13
7705	10
7706	11
7707	20
7708	15
7709	18
7710	11
7711	13
7712	20
7713	13
7714	15
7715	14
7716	29
7717	17
7718	13
7719	16
7720	15
7721	22
7722	10
7723	16
7724	18
7725	8
7726	13
7727	17
7728	11
7729	18
7730	13
7731	15
7732	18
7733	10
7734	22
7735	17
7736	19
7737	20
7738	20
7739	19
7740	9
7741	9
7742	14
7743	14
7744	15
7745	20
7746	16
7747	17
7748	13
7749	15
7750	11
7751	16
7752	19
7753	17
7754	12
7755	14
7756	16
7757	16
7758	15
7759	14
7760	12
7761	13
7762	12
7763	9
7764	18
7765	8
7766	14
7767	15
7768	16
7769	9
7770	17
7771	15
7772	13
7773	18
7774	19
7775	13
7776	11
7777	12
7778	17
7779	12
7780	16
7781	15
7782	12
7783	12
7784	18
7785	16
7786	8
7787	8
7788	21
7789	18
7790	13
7791	12
7792	12
7793	17
7794	23
7795	8
7796	18
7797	11
7798	14
7799	20
7800	17
7801	14
7802	14
7803	11
7804	18
7805	12
7806	20
7807	16
7808	8
7809	11
7810	19
7811	8
7812	19
7813	11
7814	22
7815	11
7816	17
7817	12
7818	10
7819	11
7820	12
7821	19
7822	18
7823	16
7824	21
7825	15
7826	12
7827	16
7828	13
7829	12
7830	14
7831	17
7832	16
7833	10
7834	13
7835	9
7836	9
7837	20
7838	15
7839	14
7840	9
7841	13
7842	14
7843	6
7844	17
7845	19
7846	8
7847	11
7848	11
7849	14
7850	9
7851	21
7852	9
7853	16
7854	22
7855	11
7856	8
7857	5
7858	9
7859	12
7860	17
7861	12
7862	19
7863	12
7864	16
7865	17
7866	10
7867	11
7868	13
7869	16
7870	10
7871	13
7872	18
7873	16
7874	7
7875	11
7876	12
7877	13
7878	17
7879	16
7880	9
7881	8
7882	16
7883	15
7884	15
7885	10
7886	19
7887	11
7888	15
7889	8
7890	19
7891	14
7892	16
7893	12
7894	11
7895	14
7896	9
7897	15
7898	15
7899	6
7900	13
7901	15
7902	11
7903	17
7904	16
7905	16
7906	10
7907	19
7908	6
7909	18
7910	13
7911	13
7912	10
7913	16
7914	16
7915	10
7916	13
7917	17
7918	15
7919	19
7920	7
7921	11
7922	12
7923	15
7924	14
7925	17
7926	11
7927	15
7928	14
7929	13
7930	16
7931	17
7932	19
7933	10
7934	20
7935	16
7936	11
7937	11
7938	17
7939	6
7940	13
7941	12
7942	20
7943	13
7944	22
7945	18
7946	14
7947	16
7948	19
7949	15
7950	12
7951	13
7952	17
7953	9
7954	13
7955	11
7956	10
7957	9
7958	12
7959	16
7960	17
7961	16
7962	13
7963	20
7964	20
7965	7
7966	11
7967	15
7968	8
7969	15
7970	10
7971	12
7972	13
7973	11
7974	16
7975	13
7976	15
7977	17
7978	16
7979	18
7980	20
7981	12
7982	20
7983	9
7984	13
7985	12
7986	10
7987	11
7988	22
7989	9
7990	13
7991	9
7992	21
7993	10
7994	10
7995	15
7996	11
7997	20
7998	20
7999	17
8000	14
8001	11
8002	11
8003	9
8004	13
8005	16
8006	14
8007	10
8008	15
8009	8
8010	17
8011	12
8012	17
8013	8
8014	11
8015	12
8016	10
8017	12
8018	9
8019	8
8020	17
8021	14
8022	15
8023	14
8024	14
8025	8
8026	15
8027	8
8028	9
8029	14
8030	15
8031	14
8032	8
8033	13
8034	6
8035	13
8036	9
8037	16
8038	16
8039	8
8040	13
8041	11
8042	16
8043	14
8044	8
8045	12
8046	18
8047	18
8048	19
8049	13
8050	12
8051	19
8052	13
8053	8
8054	8
8055	11
8056	13
8057	12
8058	17
8059	10
8060	13
8061	12
8062	15
8063	11
8064	10
8065	8
8066	12
8067	11
8068	9
8069	14
8070	14
8071	12
8072	7
8073	13
8074	16
8075	8
8076	8
8077	15
8078	11
8079	12
8080	12
8081	16
8082	10
8083	11
8084	11
8085	13
8086	14
8087	9
8088	11
8089	17
8090	12
8091	15
8092	15
8093	15
8094	10
8095	19
8096	18
8097	15
8098	9
8099	13
8100	11
8101	13
8102	17
8103	14
8104	21
8105	11
8106	17
8107	6
8108	14
8109	20
8110	16
8111	9
8112	16
8113	14
8114	16
8115	10
8116	14
8117	11
8118	13
8119	7
8120	4
8121	12
8122	5
8123	9
8124	9
8125	9
8126	13
8127	5
8128	6
8129	7
8130	6
8131	8
8132	6
8133	6
8134	1
8135	3
8136	4
8137	6
8138	3
8139	5
8140	6
8141	2
8142	4
8143	2
8144	3
8145	0
8146	1
8147	1
8148	1
8149	0
8150	1
8151	0
8152	0
8153	0
8154	1
8155	1
8156	1
8157	0
8158	1
8159	0
8160	0
8161	0
8162	0
8163	0
8164	0
8165	1
8166	0
8167	0
8168	0
8169	0
8170	0
8171	0
8172	0
8173	0
8174	0
8175	0
8176	0
8177	1
8178	0
8179	0
8180	0
8181	0
8182	0
8183	0
8184	0
8185	0
8186	0
8187	0
8188	0
8189	0
8190	0
8191	0
