0	0
1	0
2	0
3	0
4	0
5	0
6	0
7	0
8	0
9	0
10	0
11	0
12	0
13	0
14	0
15	0
16	0
17	0
18	0
19	0
20	0
21	0
22	0
23	0
24	0
25	0
26	0
27	0
28	0
29	0
30	0
31	0
32	0
33	0
34	0
35	0
36	0
37	0
38	1
39	0
40	3
41	3
42	0
43	4
44	0
45	10
46	4
47	15
48	9
49	32
50	27
51	21
52	33
53	21
54	23
55	28
56	27
57	23
58	14
59	21
60	28
61	27
62	25
63	26
64	30
65	19
66	21
67	37
68	24
69	22
70	21
71	14
72	29
73	27
74	31
75	21
76	23
77	20
78	13
79	17
80	20
81	12
82	14
83	16
84	19
85	13
86	13
87	11
88	16
89	14
90	9
91	8
92	16
93	11
94	10
95	12
96	9
97	5
98	13
99	7
100	9
101	11
102	7
103	8
104	6
105	5
106	5
107	8
108	12
109	5
110	4
111	8
112	5
113	5
114	5
115	8
116	8
117	6
118	6
119	8
120	2
121	8
122	4
123	4
124	7
125	5
126	4
127	8
128	7
129	5
130	5
131	4
132	7
133	9
134	4
135	7
136	7
137	11
138	5
139	4
140	7
141	4
142	8
143	3
144	6
145	10
146	3
147	3
148	3
149	6
150	9
151	4
152	4
153	6
154	7
155	5
156	6
157	11
158	6
159	6
160	4
161	3
162	3
163	5
164	6
165	4
166	8
167	9
168	7
169	6
170	7
171	5
172	5
173	2
174	5
175	6
176	11
177	9
178	7
179	4
180	11
181	7
182	10
183	7
184	5
185	10
186	3
187	6
188	4
189	11
190	6
191	4
192	10
193	4
194	3
195	8
196	6
197	5
198	4
199	7
200	3
201	10
202	11
203	8
204	11
205	10
206	9
207	10
208	9
209	7
210	1
211	7
212	9
213	7
214	11
215	6
216	9
217	8
218	11
219	7
220	14
221	5
222	10
223	10
224	12
225	9
226	7
227	8
228	8
229	9
230	9
231	15
232	13
233	16
234	12
235	9
236	11
237	18
238	14
239	10
240	13
241	20
242	17
243	31
244	23
245	24
246	18
247	25
248	32
249	30
250	34
251	32
252	31
253	49
254	55
255	58
256	61
257	56
258	87
259	84
260	81
261	82
262	110
263	124
264	119
265	144
266	173
267	157
268	203
269	179
270	242
271	246
272	243
273	280
274	284
275	290
276	341
277	343
278	351
279	385
280	429
281	407
282	463
283	477
284	495
285	583
286	520
287	593
288	609
289	574
290	647
291	666
292	674
293	684
294	678
295	709
296	744
297	780
298	862
299	779
300	791
301	829
302	845
303	893
304	903
305	927
306	880
307	923
308	951
309	934
310	1013
311	989
312	1023
313	1052
314	1093
315	1077
316	1070
317	1083
318	1103
319	1123
320	1165
321	1178
322	1227
323	1195
324	1250
325	1278
326	1291
327	1358
328	1350
329	1364
330	1339
331	1438
332	1457
333	1516
334	1510
335	1588
336	1584
337	1562
338	1678
339	1854
340	1807
341	1861
342	1966
343	1955
344	2002
345	2092
346	2158
347	2252
348	2201
349	2465
350	2450
351	2535
352	2613
353	2806
354	2885
355	2979
356	3063
357	3167
358	3388
359	3549
360	3613
361	3719
362	4006
363	4104
364	4233
365	4500
366	4817
367	4783
368	5134
369	5269
370	5545
371	5833
372	6218
373	6344
374	6500
375	6965
376	7038
377	7712
378	8010
379	8376
380	8601
381	9003
382	9450
383	9740
384	10078
385	10534
386	10690
387	11295
388	11843
389	12526
390	12797
391	13374
392	13686
393	14131
394	14814
395	15368
396	15422
397	16611
398	16548
399	17154
400	17816
401	18465
402	18757
403	19354
404	19827
405	20420
406	20913
407	20959
408	21762
409	22161
410	22726
411	23315
412	23538
413	23777
414	24373
415	24500
416	25031
417	24958
418	25579
419	25421
420	26069
421	26296
422	26543
423	26860
424	26646
425	26881
426	27041
427	27156
428	27417
429	27234
430	26763
431	27035
432	26962
433	26741
434	26451
435	26602
436	26378
437	26121
438	25957
439	25457
440	25418
441	25071
442	24855
443	24563
444	23954
445	23530
446	23249
447	22910
448	22564
449	22326
450	21574
451	21460
452	20875
453	20506
454	20119
455	19608
456	19018
457	18676
458	18467
459	17681
460	17424
461	16738
462	16550
463	15957
464	15693
465	15007
466	14698
467	14581
468	13902
469	13501
470	13217
471	12671
472	12572
473	12207
474	11939
475	11352
476	11103
477	10770
478	10732
479	10337
480	10018
481	9887
482	9629
483	9191
484	9041
485	8852
486	8494
487	8364
488	8118
489	7889
490	7820
491	7704
492	7334
493	6983
494	7102
495	6934
496	6842
497	6554
498	6372
499	6334
500	6170
501	6031
502	5892
503	5835
504	5676
505	5529
506	5284
507	5217
508	5052
509	5011
510	4698
511	4633
512	4606
513	4295
514	4401
515	4307
516	4202
517	4031
518	4027
519	3875
520	3720
521	3582
522	3487
523	3410
524	3228
525	3222
526	3112
527	3047
528	2962
529	2931
530	2769
531	2725
532	2682
533	2495
534	2439
535	2413
536	2351
537	2294
538	2279
539	2171
540	2077
541	1998
542	1907
543	1785
544	1872
545	1710
546	1694
547	1649
548	1554
549	1537
550	1507
551	1431
552	1405
553	1319
554	1324
555	1285
556	1305
557	1231
558	1205
559	1138
560	1111
561	1119
562	1064
563	1040
564	1032
565	989
566	925
567	970
568	961
569	920
570	951
571	860
572	839
573	832
574	808
575	797
576	782
577	782
578	730
579	773
580	753
581	759
582	758
583	750
584	711
585	754
586	728
587	672
588	681
589	690
590	680
591	701
592	621
593	680
594	578
595	590
596	639
597	675
598	658
599	674
600	687
601	626
602	637
603	666
604	578
605	634
606	621
607	622
608	657
609	625
610	652
611	663
612	666
613	608
614	664
615	650
616	601
617	673
618	673
619	658
620	667
621	646
622	578
623	663
624	661
625	689
626	654
627	660
628	689
629	692
630	695
631	660
632	710
633	675
634	689
635	742
636	721
637	675
638	747
639	739
640	699
641	714
642	678
643	764
644	743
645	720
646	725
647	743
648	738
649	743
650	747
651	775
652	820
653	791
654	797
655	775
656	793
657	799
658	830
659	813
660	800
661	880
662	790
663	790
664	868
665	849
666	827
667	829
668	879
669	847
670	868
671	844
672	887
673	876
674	870
675	844
676	887
677	894
678	887
679	897
680	895
681	900
682	950
683	956
684	953
685	887
686	941
687	975
688	1007
689	937
690	914
691	991
692	966
693	1025
694	992
695	1067
696	990
697	1059
698	970
699	1035
700	1040
701	1054
702	1093
703	1024
704	1080
705	1041
706	1099
707	1102
708	1082
709	1116
710	1130
711	1110
712	1137
713	1151
714	1076
715	1144
716	1099
717	1086
718	1082
719	1123
720	1177
721	1089
722	1125
723	1142
724	1134
725	1164
726	1163
727	1157
728	1173
729	1205
730	1172
731	1184
732	1212
733	1224
734	1202
735	1185
736	1261
737	1190
738	1228
739	1297
740	1187
741	1223
742	1175
743	1206
744	1220
745	1253
746	1243
747	1261
748	1246
749	1167
750	1249
751	1246
752	1223
753	1207
754	1194
755	1255
756	1240
757	1278
758	1247
759	1219
760	1284
761	1238
762	1239
763	1257
764	1288
765	1303
766	1228
767	1178
768	1184
769	1260
770	1204
771	1248
772	1231
773	1239
774	1160
775	1205
776	1254
777	1193
778	1231
779	1220
780	1220
781	1186
782	1182
783	1230
784	1269
785	1278
786	1166
787	1209
788	1209
789	1212
790	1227
791	1184
792	1154
793	1205
794	1165
795	1181
796	1225
797	1262
798	1166
799	1204
800	1210
801	1163
802	1128
803	1072
804	1159
805	1160
806	1093
807	1161
808	1163
809	1109
810	1099
811	1144
812	1205
813	1089
814	1205
815	1114
816	1177
817	1181
818	1181
819	1112
820	1154
821	1043
822	1129
823	1162
824	1140
825	1171
826	1118
827	1111
828	1170
829	1100
830	1170
831	1107
832	1131
833	1184
834	1091
835	1130
836	1124
837	1163
838	1179
839	1185
840	1140
841	1191
842	1183
843	1227
844	1162
845	1134
846	1140
847	1222
848	1210
849	1291
850	1176
851	1199
852	1290
853	1267
854	1232
855	1276
856	1281
857	1281
858	1332
859	1331
860	1313
861	1305
862	1321
863	1360
864	1380
865	1383
866	1412
867	1400
868	1345
869	1371
870	1410
871	1398
872	1413
873	1491
874	1489
875	1520
876	1483
877	1562
878	1511
879	1493
880	1571
881	1598
882	1601
883	1629
884	1616
885	1637
886	1652
887	1529
888	1662
889	1591
890	1744
891	1763
892	1732
893	1714
894	1716
895	1774
896	1709
897	1699
898	1757
899	1737
900	1641
901	1843
902	1793
903	1711
904	1780
905	1783
906	1843
907	1833
908	1837
909	1928
910	1865
911	1785
912	1906
913	1842
914	1750
915	1860
916	1866
917	1890
918	1885
919	1771
920	1922
921	1826
922	1848
923	1844
924	1822
925	1886
926	1834
927	1822
928	1812
929	1884
930	1801
931	1791
932	1795
933	1791
934	1726
935	1710
936	1767
937	1820
938	1843
939	1731
940	1762
941	1670
942	1771
943	1742
944	1677
945	1760
946	1647
947	1646
948	1642
949	1630
950	1677
951	1635
952	1669
953	1571
954	1589
955	1596
956	1600
957	1584
958	1599
959	1567
960	1594
961	1587
962	1471
963	1501
964	1547
965	1542
966	1431
967	1487
968	1491
969	1445
970	1465
971	1492
972	1452
973	1490
974	1404
975	1409
976	1468
977	1462
978	1407
979	1332
980	1405
981	1281
982	1302
983	1289
984	1312
985	1278
986	1279
987	1321
988	1317
989	1271
990	1235
991	1280
992	1350
993	1224
994	1214
995	1267
996	1240
997	1239
998	1181
999	1233
1000	1118
1001	1199
1002	1210
1003	1229
1004	1166
1005	1166
1006	1178
1007	1190
1008	1198
1009	1207
1010	1210
1011	1109
1012	1139
1013	1194
1014	1177
1015	1172
1016	1110
1017	1127
1018	1198
1019	1126
1020	1161
1021	1112
1022	1144
1023	1144
1024	1168
1025	1130
1026	1131
1027	1101
1028	1150
1029	1175
1030	1142
1031	1132
1032	1178
1033	1189
1034	1192
1035	1114
1036	1130
1037	1190
1038	1227
1039	1179
1040	1212
1041	1245
1042	1182
1043	1215
1044	1207
1045	1239
1046	1352
1047	1256
1048	1271
1049	1264
1050	1296
1051	1266
1052	1309
1053	1294
1054	1259
1055	1421
1056	1395
1057	1321
1058	1407
1059	1399
1060	1558
1061	1443
1062	1449
1063	1456
1064	1482
1065	1573
1066	1552
1067	1573
1068	1601
1069	1568
1070	1637
1071	1612
1072	1688
1073	1656
1074	1705
1075	1769
1076	1704
1077	1915
1078	1832
1079	1889
1080	1886
1081	1922
1082	1994
1083	1936
1084	2035
1085	2074
1086	2180
1087	2117
1088	2168
1089	2223
1090	2241
1091	2270
1092	2323
1093	2234
1094	2327
1095	2428
1096	2434
1097	2567
1098	2520
1099	2624
1100	2667
1101	2707
1102	2707
1103	2742
1104	2777
1105	2922
1106	2869
1107	3080
1108	3018
1109	3124
1110	3071
1111	3179
1112	3251
1113	3242
1114	3296
1115	3409
1116	3427
1117	3621
1118	3607
1119	3678
1120	3649
1121	3810
1122	3956
1123	3849
1124	3966
1125	4076
1126	4211
1127	4224
1128	4243
1129	4257
1130	4372
1131	4330
1132	4617
1133	4664
1134	4686
1135	4866
1136	4783
1137	4886
1138	5050
1139	4993
1140	5102
1141	5207
1142	5250
1143	5327
1144	5365
1145	5284
1146	5513
1147	5632
1148	5601
1149	5516
1150	5823
1151	5872
1152	5997
1153	6002
1154	5980
1155	6207
1156	6058
1157	6150
1158	6299
1159	6354
1160	6442
1161	6432
1162	6288
1163	6315
1164	6580
1165	6568
1166	6719
1167	6559
1168	6778
1169	6883
1170	6793
1171	6981
1172	6935
1173	6831
1174	7076
1175	6965
1176	7109
1177	7084
1178	6980
1179	6962
1180	7096
1181	6911
1182	7143
1183	7099
1184	7062
1185	7067
1186	6851
1187	6967
1188	7077
1189	7040
1190	6866
1191	6838
1192	6995
1193	6927
1194	7017
1195	6783
1196	6919
1197	6975
1198	6803
1199	6726
1200	6693
1201	6823
1202	6616
1203	6570
1204	6517
1205	6595
1206	6494
1207	6518
1208	6395
1209	6296
1210	6306
1211	6147
1212	6143
1213	6045
1214	6247
1215	5925
1216	5943
1217	5724
1218	5797
1219	5692
1220	5538
1221	5452
1222	5412
1223	5389
1224	5419
1225	5255
1226	5149
1227	4894
1228	4986
1229	4988
1230	4944
1231	4819
1232	4735
1233	4620
1234	4478
1235	4491
1236	4442
1237	4301
1238	4460
1239	4069
1240	3963
1241	3982
1242	4003
1243	3769
1244	3869
1245	3730
1246	3509
1247	3587
1248	3493
1249	3488
1250	3333
1251	3302
1252	3114
1253	3093
1254	2950
1255	3031
1256	2930
1257	2842
1258	2745
1259	2747
1260	2672
1261	2609
1262	2601
1263	2530
1264	2458
1265	2352
1266	2309
1267	2188
1268	2256
1269	2155
1270	2153
1271	2066
1272	2015
1273	1928
1274	1876
1275	1907
1276	1912
1277	1771
1278	1716
1279	1702
1280	1662
1281	1613
1282	1593
1283	1486
1284	1485
1285	1471
1286	1426
1287	1408
1288	1379
1289	1351
1290	1254
1291	1339
1292	1265
1293	1229
1294	1240
1295	1233
1296	1160
1297	1105
1298	1070
1299	1112
1300	999
1301	1051
1302	1008
1303	1044
1304	998
1305	943
1306	961
1307	938
1308	918
1309	894
1310	913
1311	863
1312	871
1313	840
1314	842
1315	776
1316	800
1317	781
1318	799
1319	755
1320	736
1321	800
1322	764
1323	763
1324	731
1325	760
1326	703
1327	664
1328	670
1329	686
1330	683
1331	657
1332	664
1333	671
1334	665
1335	664
1336	646
1337	653
1338	674
1339	573
1340	634
1341	604
1342	632
1343	640
1344	585
1345	612
1346	612
1347	611
1348	625
1349	580
1350	547
1351	606
1352	571
1353	577
1354	543
1355	599
1356	603
1357	579
1358	553
1359	563
1360	565
1361	600
1362	579
1363	576
1364	565
1365	569
1366	556
1367	518
1368	528
1369	548
1370	548
1371	587
1372	567
1373	550
1374	508
1375	515
1376	517
1377	514
1378	536
1379	550
1380	520
1381	515
1382	532
1383	577
1384	556
1385	551
1386	520
1387	539
1388	527
1389	548
1390	524
1391	505
1392	552
1393	535
1394	529
1395	533
1396	516
1397	505
1398	559
1399	544
1400	523
1401	522
1402	545
1403	549
1404	522
1405	514
1406	532
1407	515
1408	498
1409	505
1410	535
1411	525
1412	531
1413	519
1414	552
1415	513
1416	537
1417	532
1418	495
1419	518
1420	508
1421	514
1422	537
1423	511
1424	516
1425	542
1426	529
1427	526
1428	492
1429	504
1430	500
1431	482
1432	546
1433	486
1434	577
1435	503
1436	510
1437	514
1438	494
1439	511
1440	564
1441	499
1442	511
1443	467
1444	503
1445	533
1446	466
1447	531
1448	523
1449	523
1450	536
1451	531
1452	529
1453	541
1454	518
1455	518
1456	541
1457	514
1458	511
1459	534
1460	495
1461	552
1462	512
1463	509
1464	535
1465	530
1466	507
1467	568
1468	504
1469	515
1470	510
1471	514
1472	531
1473	528
1474	502
1475	512
1476	543
1477	479
1478	515
1479	519
1480	547
1481	548
1482	604
1483	517
1484	498
1485	520
1486	500
1487	549
1488	501
1489	517
1490	511
1491	562
1492	510
1493	529
1494	559
1495	499
1496	561
1497	540
1498	554
1499	538
1500	537
1501	567
1502	547
1503	577
1504	495
1505	546
1506	555
1507	532
1508	586
1509	516
1510	537
1511	586
1512	536
1513	541
1514	563
1515	555
1516	547
1517	571
1518	578
1519	545
1520	529
1521	581
1522	573
1523	548
1524	550
1525	562
1526	600
1527	611
1528	579
1529	534
1530	563
1531	583
1532	593
1533	532
1534	611
1535	588
1536	578
1537	609
1538	586
1539	603
1540	570
1541	540
1542	620
1543	594
1544	595
1545	588
1546	616
1547	628
1548	606
1549	672
1550	670
1551	631
1552	632
1553	635
1554	630
1555	617
1556	626
1557	623
1558	681
1559	675
1560	713
1561	703
1562	706
1563	714
1564	690
1565	690
1566	666
1567	707
1568	680
1569	683
1570	687
1571	715
1572	736
1573	721
1574	709
1575	691
1576	698
1577	746
1578	725
1579	698
1580	741
1581	768
1582	737
1583	725
1584	740
1585	807
1586	738
1587	784
1588	750
1589	811
1590	731
1591	827
1592	814
1593	805
1594	819
1595	786
1596	815
1597	812
1598	834
1599	797
1600	866
1601	806
1602	855
1603	835
1604	870
1605	832
1606	872
1607	861
1608	861
1609	829
1610	845
1611	861
1612	873
1613	908
1614	879
1615	947
1616	811
1617	952
1618	912
1619	914
1620	963
1621	1003
1622	867
1623	974
1624	904
1625	933
1626	889
1627	1005
1628	987
1629	978
1630	995
1631	980
1632	923
1633	1003
1634	970
1635	986
1636	1002
1637	991
1638	1023
1639	1041
1640	1031
1641	1007
1642	999
1643	1019
1644	1018
1645	1031
1646	1095
1647	1016
1648	1041
1649	1034
1650	1033
1651	1047
1652	1086
1653	1054
1654	1057
1655	1030
1656	1065
1657	1006
1658	1123
1659	1107
1660	1111
1661	1113
1662	1044
1663	1075
1664	1107
1665	1064
1666	1083
1667	1076
1668	1052
1669	1078
1670	995
1671	1081
1672	1135
1673	1011
1674	1023
1675	1040
1676	1049
1677	1120
1678	1032
1679	1023
1680	1102
1681	1070
1682	1050
1683	987
1684	1112
1685	1032
1686	1007
1687	990
1688	1030
1689	1010
1690	1024
1691	990
1692	1035
1693	981
1694	1045
1695	1022
1696	977
1697	965
1698	962
1699	941
1700	958
1701	973
1702	954
1703	972
1704	968
1705	924
1706	977
1707	956
1708	919
1709	965
1710	906
1711	840
1712	945
1713	893
1714	888
1715	890
1716	901
1717	919
1718	844
1719	826
1720	799
1721	834
1722	854
1723	825
1724	751
1725	790
1726	773
1727	794
1728	845
1729	803
1730	805
1731	834
1732	782
1733	808
1734	763
1735	749
1736	730
1737	724
1738	757
1739	767
1740	753
1741	688
1742	685
1743	685
1744	734
1745	696
1746	710
1747	694
1748	635
1749	649
1750	636
1751	657
1752	625
1753	683
1754	630
1755	633
1756	658
1757	661
1758	617
1759	665
1760	621
1761	635
1762	616
1763	588
1764	574
1765	576
1766	563
1767	569
1768	574
1769	540
1770	585
1771	552
1772	565
1773	564
1774	539
1775	535
1776	576
1777	502
1778	554
1779	538
1780	537
1781	552
1782	529
1783	475
1784	435
1785	519
1786	483
1787	495
1788	508
1789	497
1790	499
1791	507
1792	521
1793	451
1794	526
1795	461
1796	492
1797	486
1798	484
1799	475
1800	456
1801	445
1802	464
1803	463
1804	441
1805	466
1806	480
1807	434
1808	451
1809	443
1810	488
1811	450
1812	449
1813	390
1814	433
1815	456
1816	434
1817	439
1818	425
1819	394
1820	414
1821	441
1822	435
1823	422
1824	407
1825	434
1826	468
1827	438
1828	415
1829	398
1830	402
1831	401
1832	394
1833	437
1834	431
1835	419
1836	416
1837	432
1838	400
1839	427
1840	426
1841	451
1842	411
1843	400
1844	422
1845	436
1846	443
1847	383
1848	394
1849	396
1850	437
1851	436
1852	420
1853	422
1854	385
1855	386
1856	421
1857	396
1858	369
1859	430
1860	411
1861	416
1862	387
1863	374
1864	419
1865	382
1866	408
1867	422
1868	368
1869	399
1870	409
1871	357
1872	419
1873	406
1874	395
1875	402
1876	387
1877	395
1878	410
1879	344
1880	383
1881	393
1882	409
1883	398
1884	392
1885	412
1886	397
1887	421
1888	406
1889	422
1890	392
1891	439
1892	399
1893	381
1894	373
1895	356
1896	389
1897	424
1898	386
1899	375
1900	391
1901	378
1902	407
1903	423
1904	425
1905	396
1906	389
1907	428
1908	382
1909	392
1910	447
1911	400
1912	393
1913	399
1914	418
1915	379
1916	373
1917	386
1918	434
1919	417
1920	425
1921	402
1922	351
1923	405
1924	422
1925	423
1926	432
1927	411
1928	356
1929	413
1930	423
1931	405
1932	429
1933	403
1934	432
1935	413
1936	408
1937	424
1938	415
1939	443
1940	414
1941	436
1942	441
1943	403
1944	427
1945	430
1946	416
1947	452
1948	401
1949	431
1950	426
1951	401
1952	414
1953	448
1954	397
1955	439
1956	435
1957	358
1958	428
1959	449
1960	428
1961	422
1962	474
1963	413
1964	454
1965	451
1966	449
1967	465
1968	437
1969	474
1970	445
1971	438
1972	444
1973	438
1974	439
1975	473
1976	459
1977	455
1978	461
1979	462
1980	425
1981	429
1982	444
1983	474
1984	453
1985	458
1986	434
1987	423
1988	483
1989	481
1990	470
1991	480
1992	458
1993	454
1994	462
1995	473
1996	443
1997	478
1998	431
1999	465
2000	455
2001	466
2002	458
2003	481
2004	462
2005	444
2006	503
2007	466
2008	519
2009	462
2010	491
2011	455
2012	504
2013	467
2014	490
2015	444
2016	466
2017	474
2018	446
2019	457
2020	481
2021	478
2022	439
2023	476
2024	500
2025	492
2026	514
2027	471
2028	497
2029	492
2030	436
2031	475
2032	489
2033	498
2034	491
2035	468
2036	501
2037	510
2038	465
2039	468
2040	470
2041	460
2042	518
2043	524
2044	515
2045	482
2046	497
2047	452
2048	466
2049	483
2050	538
2051	493
2052	485
2053	503
2054	505
2055	534
2056	500
2057	516
2058	531
2059	503
2060	512
2061	521
2062	500
2063	492
2064	536
2065	513
2066	525
2067	527
2068	520
2069	527
2070	558
2071	557
2072	549
2073	526
2074	496
2075	523
2076	523
2077	537
2078	511
2079	530
2080	497
2081	480
2082	519
2083	525
2084	518
2085	474
2086	529
2087	547
2088	532
2089	503
2090	513
2091	545
2092	503
2093	522
2094	524
2095	541
2096	519
2097	518
2098	552
2099	578
2100	538
2101	538
2102	482
2103	568
2104	539
2105	553
2106	497
2107	547
2108	544
2109	526
2110	555
2111	530
2112	529
2113	515
2114	552
2115	559
2116	521
2117	575
2118	577
2119	578
2120	571
2121	518
2122	533
2123	566
2124	581
2125	558
2126	567
2127	545
2128	586
2129	565
2130	543
2131	552
2132	582
2133	579
2134	575
2135	543
2136	518
2137	561
2138	559
2139	545
2140	574
2141	575
2142	559
2143	585
2144	525
2145	570
2146	573
2147	561
2148	610
2149	577
2150	603
2151	548
2152	578
2153	496
2154	577
2155	549
2156	620
2157	600
2158	547
2159	597
2160	581
2161	544
2162	572
2163	606
2164	575
2165	570
2166	557
2167	582
2168	558
2169	546
2170	607
2171	594
2172	597
2173	615
2174	531
2175	625
2176	599
2177	552
2178	550
2179	546
2180	560
2181	612
2182	613
2183	586
2184	597
2185	588
2186	555
2187	584
2188	579
2189	596
2190	584
2191	601
2192	613
2193	568
2194	579
2195	560
2196	591
2197	613
2198	656
2199	567
2200	577
2201	601
2202	648
2203	578
2204	620
2205	665
2206	603
2207	596
2208	599
2209	609
2210	626
2211	563
2212	601
2213	621
2214	581
2215	516
2216	632
2217	598
2218	585
2219	600
2220	575
2221	608
2222	582
2223	568
2224	607
2225	590
2226	611
2227	576
2228	604
2229	588
2230	594
2231	601
2232	608
2233	626
2234	572
2235	604
2236	582
2237	599
2238	587
2239	623
2240	615
2241	631
2242	593
2243	592
2244	609
2245	577
2246	542
2247	611
2248	580
2249	596
2250	594
2251	638
2252	593
2253	597
2254	541
2255	573
2256	641
2257	600
2258	576
2259	603
2260	598
2261	575
2262	612
2263	567
2264	575
2265	611
2266	542
2267	566
2268	567
2269	624
2270	543
2271	625
2272	556
2273	574
2274	605
2275	597
2276	583
2277	568
2278	592
2279	603
2280	604
2281	566
2282	589
2283	612
2284	574
2285	556
2286	637
2287	570
2288	586
2289	614
2290	584
2291	596
2292	596
2293	560
2294	575
2295	562
2296	589
2297	566
2298	566
2299	568
2300	587
2301	579
2302	562
2303	561
2304	547
2305	626
2306	562
2307	609
2308	563
2309	577
2310	568
2311	535
2312	562
2313	592
2314	576
2315	582
2316	617
2317	583
2318	558
2319	556
2320	559
2321	566
2322	532
2323	553
2324	520
2325	548
2326	531
2327	511
2328	544
2329	567
2330	542
2331	588
2332	606
2333	600
2334	596
2335	557
2336	536
2337	556
2338	582
2339	546
2340	549
2341	529
2342	556
2343	532
2344	538
2345	528
2346	524
2347	549
2348	542
2349	517
2350	539
2351	548
2352	538
2353	513
2354	541
2355	553
2356	536
2357	522
2358	530
2359	541
2360	551
2361	550
2362	554
2363	477
2364	560
2365	523
2366	498
2367	531
2368	505
2369	547
2370	516
2371	512
2372	501
2373	543
2374	542
2375	528
2376	530
2377	509
2378	508
2379	532
2380	502
2381	484
2382	512
2383	476
2384	535
2385	502
2386	456
2387	483
2388	499
2389	531
2390	527
2391	511
2392	517
2393	513
2394	505
2395	545
2396	519
2397	519
2398	460
2399	523
2400	512
2401	509
2402	500
2403	510
2404	476
2405	517
2406	506
2407	525
2408	520
2409	469
2410	498
2411	490
2412	470
2413	510
2414	471
2415	481
2416	477
2417	494
2418	511
2419	529
2420	431
2421	480
2422	491
2423	459
2424	443
2425	497
2426	475
2427	466
2428	466
2429	512
2430	454
2431	460
2432	485
2433	498
2434	468
2435	458
2436	480
2437	472
2438	434
2439	492
2440	458
2441	446
2442	451
2443	470
2444	436
2445	431
2446	493
2447	469
2448	481
2449	477
2450	448
2451	449
2452	464
2453	451
2454	466
2455	449
2456	439
2457	446
2458	448
2459	474
2460	422
2461	438
2462	440
2463	501
2464	433
2465	441
2466	454
2467	433
2468	450
2469	414
2470	437
2471	444
2472	448
2473	488
2474	496
2475	454
2476	450
2477	438
2478	417
2479	468
2480	408
2481	423
2482	454
2483	430
2484	445
2485	463
2486	464
2487	471
2488	428
2489	452
2490	397
2491	453
2492	427
2493	445
2494	381
2495	438
2496	406
2497	436
2498	441
2499	449
2500	421
2501	436
2502	432
2503	420
2504	397
2505	443
2506	432
2507	398
2508	405
2509	393
2510	432
2511	427
2512	445
2513	437
2514	454
2515	430
2516	412
2517	418
2518	442
2519	406
2520	427
2521	428
2522	433
2523	449
2524	388
2525	421
2526	418
2527	422
2528	409
2529	391
2530	413
2531	475
2532	400
2533	409
2534	412
2535	371
2536	400
2537	416
2538	445
2539	421
2540	412
2541	430
2542	446
2543	380
2544	408
2545	392
2546	396
2547	417
2548	396
2549	406
2550	411
2551	407
2552	403
2553	402
2554	400
2555	372
2556	388
2557	373
2558	396
2559	384
2560	416
2561	435
2562	417
2563	377
2564	408
2565	384
2566	431
2567	405
2568	392
2569	433
2570	392
2571	408
2572	396
2573	359
2574	416
2575	439
2576	407
2577	394
2578	401
2579	435
2580	427
2581	395
2582	416
2583	351
2584	406
2585	412
2586	383
2587	391
2588	382
2589	411
2590	409
2591	393
2592	424
2593	380
2594	382
2595	373
2596	392
2597	391
2598	363
2599	402
2600	385
2601	415
2602	368
2603	392
2604	342
2605	374
2606	420
2607	413
2608	405
2609	422
2610	400
2611	381
2612	386
2613	380
2614	388
2615	384
2616	416
2617	352
2618	401
2619	387
2620	396
2621	407
2622	401
2623	406
2624	418
2625	381
2626	400
2627	415
2628	378
2629	423
2630	368
2631	377
2632	386
2633	404
2634	390
2635	382
2636	377
2637	345
2638	371
2639	341
2640	357
2641	353
2642	392
2643	379
2644	383
2645	401
2646	376
2647	404
2648	385
2649	353
2650	394
2651	407
2652	375
2653	412
2654	404
2655	374
2656	347
2657	393
2658	382
2659	385
2660	394
2661	360
2662	390
2663	375
2664	414
2665	375
2666	390
2667	401
2668	382
2669	381
2670	366
2671	400
2672	387
2673	385
2674	403
2675	367
2676	380
2677	367
2678	406
2679	421
2680	386
2681	368
2682	384
2683	420
2684	399
2685	410
2686	406
2687	389
2688	367
2689	384
2690	363
2691	358
2692	363
2693	389
2694	368
2695	339
2696	335
2697	382
2698	356
2699	358
2700	340
2701	341
2702	407
2703	358
2704	387
2705	382
2706	382
2707	375
2708	425
2709	362
2710	367
2711	383
2712	392
2713	373
2714	371
2715	360
2716	388
2717	350
2718	357
2719	371
2720	354
2721	336
2722	376
2723	359
2724	353
2725	362
2726	365
2727	345
2728	377
2729	355
2730	339
2731	374
2732	341
2733	321
2734	368
2735	356
2736	333
2737	342
2738	333
2739	373
2740	354
2741	334
2742	325
2743	371
2744	379
2745	346
2746	346
2747	379
2748	357
2749	353
2750	358
2751	359
2752	316
2753	334
2754	356
2755	333
2756	332
2757	368
2758	350
2759	358
2760	343
2761	367
2762	340
2763	326
2764	371
2765	329
2766	315
2767	333
2768	336
2769	362
2770	319
2771	335
2772	331
2773	341
2774	344
2775	352
2776	358
2777	338
2778	330
2779	358
2780	348
2781	356
2782	319
2783	326
2784	311
2785	309
2786	315
2787	326
2788	339
2789	297
2790	333
2791	365
2792	322
2793	319
2794	310
2795	297
2796	305
2797	322
2798	308
2799	341
2800	325
2801	304
2802	326
2803	344
2804	313
2805	309
2806	299
2807	302
2808	331
2809	356
2810	367
2811	318
2812	360
2813	322
2814	331
2815	312
2816	312
2817	301
2818	320
2819	318
2820	317
2821	338
2822	276
2823	308
2824	339
2825	343
2826	285
2827	301
2828	303
2829	287
2830	302
2831	294
2832	330
2833	306
2834	293
2835	331
2836	282
2837	293
2838	310
2839	265
2840	287
2841	312
2842	320
2843	288
2844	298
2845	302
2846	291
2847	297
2848	265
2849	302
2850	299
2851	309
2852	285
2853	289
2854	314
2855	258
2856	313
2857	283
2858	276
2859	290
2860	302
2861	300
2862	296
2863	298
2864	281
2865	294
2866	294
2867	304
2868	283
2869	297
2870	311
2871	284
2872	281
2873	297
2874	291
2875	285
2876	314
2877	271
2878	273
2879	273
2880	306
2881	299
2882	307
2883	255
2884	293
2885	290
2886	295
2887	295
2888	293
2889	265
2890	256
2891	285
2892	252
2893	285
2894	268
2895	269
2896	254
2897	282
2898	296
2899	276
2900	307
2901	258
2902	285
2903	271
2904	274
2905	271
2906	286
2907	256
2908	282
2909	308
2910	268
2911	253
2912	278
2913	263
2914	273
2915	281
2916	253
2917	267
2918	277
2919	276
2920	273
2921	254
2922	226
2923	274
2924	260
2925	269
2926	261
2927	255
2928	250
2929	258
2930	261
2931	279
2932	267
2933	264
2934	269
2935	252
2936	233
2937	277
2938	268
2939	259
2940	286
2941	240
2942	297
2943	233
2944	238
2945	264
2946	252
2947	257
2948	269
2949	246
2950	259
2951	285
2952	260
2953	226
2954	263
2955	254
2956	241
2957	257
2958	259
2959	265
2960	255
2961	268
2962	252
2963	253
2964	290
2965	277
2966	252
2967	227
2968	250
2969	305
2970	235
2971	240
2972	252
2973	243
2974	245
2975	289
2976	253
2977	245
2978	223
2979	260
2980	258
2981	233
2982	269
2983	258
2984	256
2985	223
2986	212
2987	249
2988	233
2989	245
2990	226
2991	224
2992	263
2993	257
2994	212
2995	225
2996	263
2997	252
2998	212
2999	247
3000	229
3001	259
3002	258
3003	250
3004	243
3005	221
3006	246
3007	235
3008	230
3009	259
3010	237
3011	263
3012	233
3013	262
3014	259
3015	229
3016	244
3017	250
3018	234
3019	233
3020	240
3021	238
3022	237
3023	238
3024	254
3025	236
3026	266
3027	242
3028	242
3029	217
3030	244
3031	261
3032	242
3033	236
3034	243
3035	248
3036	238
3037	215
3038	262
3039	291
3040	244
3041	268
3042	246
3043	233
3044	199
3045	242
3046	249
3047	198
3048	263
3049	261
3050	232
3051	242
3052	225
3053	219
3054	261
3055	236
3056	231
3057	244
3058	234
3059	244
3060	220
3061	228
3062	234
3063	228
3064	266
3065	226
3066	224
3067	221
3068	222
3069	231
3070	259
3071	233
3072	269
3073	263
3074	223
3075	253
3076	238
3077	253
3078	240
3079	236
3080	240
3081	245
3082	244
3083	232
3084	235
3085	253
3086	241
3087	236
3088	250
3089	213
3090	241
3091	221
3092	250
3093	240
3094	230
3095	205
3096	245
3097	224
3098	218
3099	245
3100	258
3101	232
3102	231
3103	242
3104	246
3105	226
3106	237
3107	231
3108	228
3109	235
3110	254
3111	237
3112	241
3113	196
3114	209
3115	215
3116	224
3117	237
3118	236
3119	215
3120	209
3121	202
3122	215
3123	220
3124	240
3125	203
3126	224
3127	232
3128	212
3129	220
3130	218
3131	227
3132	197
3133	210
3134	245
3135	228
3136	239
3137	242
3138	225
3139	218
3140	186
3141	225
3142	193
3143	236
3144	198
3145	217
3146	211
3147	223
3148	209
3149	217
3150	210
3151	223
3152	210
3153	218
3154	241
3155	217
3156	235
3157	223
3158	210
3159	197
3160	223
3161	227
3162	187
3163	221
3164	239
3165	211
3166	196
3167	203
3168	216
3169	198
3170	186
3171	220
3172	241
3173	204
3174	239
3175	219
3176	227
3177	199
3178	198
3179	193
3180	195
3181	230
3182	210
3183	192
3184	200
3185	239
3186	192
3187	196
3188	220
3189	195
3190	224
3191	194
3192	201
3193	206
3194	195
3195	215
3196	218
3197	211
3198	185
3199	182
3200	207
3201	218
3202	231
3203	229
3204	195
3205	211
3206	210
3207	200
3208	181
3209	216
3210	220
3211	236
3212	187
3213	213
3214	192
3215	196
3216	199
3217	211
3218	212
3219	234
3220	206
3221	193
3222	201
3223	204
3224	212
3225	211
3226	205
3227	208
3228	218
3229	186
3230	211
3231	174
3232	225
3233	195
3234	208
3235	186
3236	193
3237	190
3238	213
3239	196
3240	182
3241	187
3242	191
3243	195
3244	204
3245	205
3246	168
3247	196
3248	171
3249	244
3250	212
3251	203
3252	198
3253	190
3254	167
3255	201
3256	222
3257	191
3258	185
3259	193
3260	173
3261	184
3262	156
3263	180
3264	174
3265	176
3266	170
3267	178
3268	181
3269	179
3270	160
3271	214
3272	167
3273	178
3274	171
3275	176
3276	177
3277	195
3278	202
3279	186
3280	179
3281	179
3282	174
3283	207
3284	175
3285	158
3286	169
3287	184
3288	190
3289	182
3290	182
3291	175
3292	185
3293	171
3294	178
3295	156
3296	177
3297	199
3298	176
3299	189
3300	184
3301	175
3302	191
3303	167
3304	192
3305	185
3306	167
3307	191
3308	203
3309	170
3310	167
3311	175
3312	165
3313	178
3314	185
3315	185
3316	154
3317	194
3318	166
3319	185
3320	194
3321	179
3322	170
3323	192
3324	187
3325	173
3326	171
3327	172
3328	190
3329	173
3330	190
3331	171
3332	156
3333	181
3334	162
3335	163
3336	167
3337	179
3338	170
3339	170
3340	174
3341	165
3342	195
3343	155
3344	186
3345	180
3346	157
3347	196
3348	187
3349	178
3350	168
3351	166
3352	164
3353	155
3354	156
3355	174
3356	164
3357	163
3358	174
3359	162
3360	160
3361	175
3362	156
3363	163
3364	165
3365	159
3366	178
3367	168
3368	172
3369	140
3370	186
3371	182
3372	165
3373	159
3374	148
3375	140
3376	154
3377	156
3378	154
3379	157
3380	157
3381	133
3382	167
3383	161
3384	153
3385	166
3386	149
3387	131
3388	155
3389	169
3390	141
3391	146
3392	157
3393	155
3394	156
3395	130
3396	161
3397	171
3398	171
3399	132
3400	153
3401	167
3402	166
3403	158
3404	150
3405	142
3406	169
3407	173
3408	187
3409	168
3410	162
3411	155
3412	172
3413	167
3414	162
3415	155
3416	153
3417	148
3418	158
3419	172
3420	157
3421	133
3422	181
3423	138
3424	162
3425	148
3426	148
3427	146
3428	156
3429	166
3430	156
3431	177
3432	158
3433	158
3434	151
3435	142
3436	122
3437	127
3438	148
3439	142
3440	145
3441	165
3442	154
3443	149
3444	151
3445	138
3446	141
3447	164
3448	141
3449	121
3450	156
3451	148
3452	130
3453	151
3454	139
3455	170
3456	142
3457	140
3458	158
3459	162
3460	152
3461	146
3462	138
3463	168
3464	152
3465	160
3466	149
3467	154
3468	157
3469	153
3470	139
3471	145
3472	150
3473	142
3474	160
3475	157
3476	155
3477	155
3478	142
3479	155
3480	146
3481	153
3482	165
3483	162
3484	149
3485	190
3486	178
3487	172
3488	175
3489	153
3490	139
3491	162
3492	173
3493	133
3494	170
3495	134
3496	133
3497	140
3498	151
3499	139
3500	148
3501	156
3502	159
3503	152
3504	155
3505	140
3506	132
3507	154
3508	172
3509	163
3510	161
3511	138
3512	155
3513	173
3514	156
3515	168
3516	137
3517	165
3518	158
3519	136
3520	138
3521	175
3522	186
3523	167
3524	178
3525	137
3526	140
3527	163
3528	157
3529	148
3530	153
3531	168
3532	155
3533	150
3534	156
3535	148
3536	167
3537	150
3538	136
3539	154
3540	156
3541	150
3542	136
3543	167
3544	175
3545	157
3546	161
3547	145
3548	161
3549	168
3550	176
3551	156
3552	166
3553	172
3554	159
3555	156
3556	154
3557	177
3558	160
3559	163
3560	162
3561	148
3562	165
3563	176
3564	156
3565	143
3566	178
3567	149
3568	148
3569	168
3570	157
3571	156
3572	160
3573	162
3574	180
3575	170
3576	163
3577	150
3578	178
3579	155
3580	158
3581	159
3582	173
3583	183
3584	187
3585	187
3586	173
3587	187
3588	177
3589	192
3590	167
3591	172
3592	156
3593	189
3594	160
3595	162
3596	192
3597	194
3598	184
3599	179
3600	179
3601	186
3602	167
3603	166
3604	189
3605	197
3606	164
3607	190
3608	182
3609	202
3610	204
3611	172
3612	178
3613	209
3614	165
3615	178
3616	173
3617	158
3618	178
3619	191
3620	215
3621	200
3622	197
3623	211
3624	188
3625	193
3626	204
3627	199
3628	190
3629	214
3630	188
3631	197
3632	223
3633	211
3634	188
3635	223
3636	224
3637	195
3638	205
3639	226
3640	232
3641	209
3642	217
3643	212
3644	236
3645	236
3646	216
3647	200
3648	205
3649	231
3650	225
3651	206
3652	209
3653	202
3654	229
3655	244
3656	209
3657	226
3658	214
3659	224
3660	250
3661	258
3662	239
3663	253
3664	232
3665	238
3666	229
3667	226
3668	242
3669	257
3670	238
3671	223
3672	212
3673	216
3674	278
3675	244
3676	238
3677	256
3678	254
3679	238
3680	241
3681	266
3682	269
3683	264
3684	258
3685	274
3686	246
3687	258
3688	249
3689	252
3690	256
3691	267
3692	252
3693	231
3694	247
3695	245
3696	284
3697	274
3698	250
3699	278
3700	280
3701	258
3702	250
3703	285
3704	233
3705	280
3706	267
3707	273
3708	265
3709	262
3710	257
3711	255
3712	237
3713	276
3714	319
3715	288
3716	300
3717	292
3718	285
3719	286
3720	303
3721	278
3722	280
3723	289
3724	284
3725	309
3726	277
3727	255
3728	294
3729	313
3730	311
3731	304
3732	287
3733	317
3734	320
3735	318
3736	315
3737	302
3738	313
3739	302
3740	357
3741	286
3742	343
3743	285
3744	327
3745	313
3746	320
3747	312
3748	322
3749	334
3750	332
3751	309
3752	329
3753	319
3754	329
3755	325
3756	346
3757	341
3758	320
3759	332
3760	315
3761	343
3762	335
3763	316
3764	323
3765	346
3766	313
3767	355
3768	370
3769	328
3770	329
3771	350
3772	329
3773	333
3774	351
3775	333
3776	332
3777	381
3778	378
3779	383
3780	350
3781	379
3782	326
3783	351
3784	381
3785	357
3786	359
3787	341
3788	371
3789	368
3790	351
3791	339
3792	354
3793	355
3794	395
3795	347
3796	313
3797	337
3798	403
3799	320
3800	390
3801	360
3802	348
3803	383
3804	369
3805	349
3806	374
3807	381
3808	331
3809	387
3810	378
3811	413
3812	370
3813	348
3814	386
3815	361
3816	383
3817	378
3818	383
3819	410
3820	394
3821	365
3822	391
3823	387
3824	348
3825	398
3826	387
3827	397
3828	369
3829	415
3830	368
3831	375
3832	383
3833	411
3834	415
3835	385
3836	402
3837	416
3838	413
3839	403
3840	368
3841	424
3842	384
3843	438
3844	410
3845	401
3846	396
3847	384
3848	392
3849	383
3850	397
3851	393
3852	408
3853	387
3854	400
3855	410
3856	424
3857	394
3858	415
3859	428
3860	428
3861	424
3862	401
3863	388
3864	421
3865	403
3866	439
3867	413
3868	448
3869	389
3870	366
3871	432
3872	432
3873	411
3874	403
3875	403
3876	394
3877	428
3878	423
3879	413
3880	411
3881	425
3882	439
3883	423
3884	392
3885	468
3886	418
3887	386
3888	425
3889	446
3890	436
3891	447
3892	430
3893	400
3894	423
3895	451
3896	427
3897	411
3898	463
3899	442
3900	436
3901	450
3902	417
3903	397
3904	430
3905	404
3906	476
3907	435
3908	423
3909	398
3910	432
3911	451
3912	427
3913	376
3914	443
3915	426
3916	421
3917	436
3918	450
3919	445
3920	475
3921	437
3922	446
3923	462
3924	422
3925	443
3926	436
3927	411
3928	432
3929	439
3930	452
3931	438
3932	432
3933	412
3934	466
3935	447
3936	445
3937	443
3938	449
3939	439
3940	409
3941	451
3942	473
3943	454
3944	421
3945	442
3946	449
3947	478
3948	434
3949	459
3950	431
3951	446
3952	427
3953	488
3954	475
3955	484
3956	459
3957	462
3958	420
3959	438
3960	462
3961	480
3962	454
3963	407
3964	451
3965	481
3966	478
3967	453
3968	462
3969	467
3970	452
3971	455
3972	469
3973	466
3974	448
3975	499
3976	495
3977	460
3978	490
3979	479
3980	479
3981	460
3982	499
3983	467
3984	472
3985	472
3986	480
3987	520
3988	463
3989	531
3990	498
3991	471
3992	476
3993	534
3994	512
3995	504
3996	468
3997	485
3998	482
3999	453
4000	478
4001	509
4002	523
4003	522
4004	502
4005	497
4006	476
4007	498
4008	489
4009	476
4010	500
4011	463
4012	523
4013	512
4014	531
4015	478
4016	530
4017	515
4018	525
4019	507
4020	504
4021	502
4022	515
4023	538
4024	557
4025	544
4026	511
4027	522
4028	528
4029	503
4030	548
4031	555
4032	538
4033	565
4034	549
4035	600
4036	538
4037	519
4038	567
4039	516
4040	552
4041	523
4042	529
4043	582
4044	586
4045	576
4046	555
4047	581
4048	538
4049	563
4050	582
4051	587
4052	546
4053	573
4054	578
4055	528
4056	539
4057	589
4058	571
4059	577
4060	585
4061	599
4062	598
4063	622
4064	659
4065	578
4066	574
4067	579
4068	613
4069	573
4070	600
4071	597
4072	619
4073	589
4074	587
4075	591
4076	645
4077	614
4078	580
4079	593
4080	626
4081	597
4082	606
4083	612
4084	628
4085	668
4086	632
4087	612
4088	606
4089	623
4090	629
4091	580
4092	607
4093	636
4094	624
4095	633
4096	660
4097	630
4098	629
4099	647
4100	639
4101	687
4102	643
4103	660
4104	704
4105	619
4106	599
4107	658
4108	629
4109	681
4110	642
4111	723
4112	658
4113	693
4114	646
4115	674
4116	721
4117	697
4118	710
4119	718
4120	641
4121	659
4122	608
4123	668
4124	699
4125	673
4126	691
4127	701
4128	694
4129	711
4130	724
4131	689
4132	715
4133	672
4134	699
4135	709
4136	717
4137	730
4138	718
4139	676
4140	647
4141	728
4142	734
4143	703
4144	715
4145	709
4146	697
4147	698
4148	740
4149	668
4150	712
4151	720
4152	714
4153	729
4154	724
4155	768
4156	730
4157	729
4158	744
4159	741
4160	779
4161	730
4162	719
4163	745
4164	737
4165	761
4166	761
4167	746
4168	751
4169	766
4170	781
4171	739
4172	780
4173	736
4174	752
4175	769
4176	798
4177	794
4178	788
4179	783
4180	763
4181	690
4182	772
4183	728
4184	803
4185	781
4186	765
4187	715
4188	818
4189	722
4190	751
4191	743
4192	803
4193	765
4194	773
4195	829
4196	757
4197	749
4198	767
4199	751
4200	740
4201	780
4202	764
4203	753
4204	717
4205	753
4206	778
4207	766
4208	763
4209	792
4210	750
4211	790
4212	814
4213	795
4214	777
4215	800
4216	778
4217	821
4218	806
4219	793
4220	775
4221	748
4222	764
4223	831
4224	736
4225	801
4226	767
4227	808
4228	785
4229	837
4230	798
4231	801
4232	828
4233	814
4234	759
4235	769
4236	771
4237	845
4238	738
4239	793
4240	760
4241	780
4242	755
4243	776
4244	807
4245	834
4246	767
4247	780
4248	784
4249	782
4250	721
4251	776
4252	813
4253	830
4254	798
4255	761
4256	734
4257	776
4258	753
4259	767
4260	739
4261	778
4262	784
4263	776
4264	754
4265	743
4266	819
4267	751
4268	763
4269	772
4270	776
4271	756
4272	755
4273	744
4274	777
4275	777
4276	777
4277	785
4278	742
4279	762
4280	791
4281	741
4282	769
4283	742
4284	776
4285	785
4286	721
4287	754
4288	724
4289	742
4290	778
4291	747
4292	750
4293	735
4294	755
4295	756
4296	763
4297	707
4298	764
4299	750
4300	724
4301	761
4302	688
4303	700
4304	723
4305	711
4306	688
4307	719
4308	733
4309	711
4310	718
4311	693
4312	668
4313	693
4314	717
4315	725
4316	720
4317	744
4318	658
4319	664
4320	729
4321	709
4322	726
4323	704
4324	687
4325	726
4326	709
4327	677
4328	680
4329	670
4330	751
4331	673
4332	699
4333	674
4334	692
4335	679
4336	675
4337	649
4338	684
4339	730
4340	662
4341	672
4342	670
4343	625
4344	645
4345	630
4346	646
4347	682
4348	696
4349	672
4350	676
4351	622
4352	630
4353	631
4354	621
4355	662
4356	595
4357	624
4358	638
4359	632
4360	568
4361	637
4362	580
4363	581
4364	595
4365	663
4366	617
4367	639
4368	594
4369	633
4370	574
4371	608
4372	604
4373	556
4374	600
4375	566
4376	618
4377	558
4378	596
4379	633
4380	597
4381	620
4382	622
4383	584
4384	572
4385	611
4386	549
4387	562
4388	528
4389	551
4390	538
4391	577
4392	576
4393	563
4394	570
4395	524
4396	545
4397	511
4398	522
4399	532
4400	498
4401	584
4402	569
4403	518
4404	554
4405	520
4406	574
4407	511
4408	506
4409	501
4410	521
4411	487
4412	493
4413	517
4414	530
4415	501
4416	492
4417	443
4418	519
4419	492
4420	504
4421	489
4422	477
4423	494
4424	476
4425	493
4426	511
4427	479
4428	488
4429	449
4430	475
4431	495
4432	512
4433	501
4434	432
4435	456
4436	452
4437	470
4438	480
4439	461
4440	507
4441	459
4442	474
4443	442
4444	463
4445	428
4446	454
4447	472
4448	445
4449	454
4450	431
4451	447
4452	447
4453	453
4454	442
4455	443
4456	405
4457	423
4458	432
4459	413
4460	412
4461	427
4462	421
4463	454
4464	424
4465	413
4466	421
4467	422
4468	411
4469	404
4470	423
4471	400
4472	394
4473	396
4474	397
4475	428
4476	406
4477	388
4478	452
4479	427
4480	393
4481	412
4482	398
4483	387
4484	402
4485	457
4486	420
4487	401
4488	383
4489	397
4490	392
4491	403
4492	397
4493	363
4494	420
4495	398
4496	425
4497	387
4498	394
4499	399
4500	416
4501	410
4502	408
4503	403
4504	358
4505	398
4506	413
4507	375
4508	343
4509	392
4510	384
4511	372
4512	393
4513	400
4514	398
4515	368
4516	376
4517	354
4518	390
4519	358
4520	367
4521	406
4522	407
4523	371
4524	359
4525	402
4526	405
4527	363
4528	414
4529	375
4530	380
4531	406
4532	409
4533	411
4534	417
4535	393
4536	366
4537	378
4538	382
4539	380
4540	394
4541	383
4542	409
4543	381
4544	383
4545	376
4546	391
4547	429
4548	403
4549	376
4550	408
4551	367
4552	387
4553	385
4554	429
4555	406
4556	368
4557	393
4558	413
4559	416
4560	402
4561	391
4562	394
4563	417
4564	435
4565	400
4566	425
4567	406
4568	414
4569	434
4570	441
4571	406
4572	419
4573	422
4574	431
4575	400
4576	413
4577	384
4578	454
4579	403
4580	474
4581	467
4582	453
4583	439
4584	431
4585	417
4586	472
4587	444
4588	458
4589	429
4590	427
4591	432
4592	441
4593	468
4594	446
4595	452
4596	472
4597	445
4598	434
4599	472
4600	478
4601	472
4602	443
4603	463
4604	461
4605	459
4606	469
4607	523
4608	511
4609	509
4610	499
4611	511
4612	507
4613	528
4614	476
4615	524
4616	475
4617	497
4618	519
4619	553
4620	534
4621	508
4622	492
4623	532
4624	533
4625	507
4626	573
4627	552
4628	612
4629	566
4630	564
4631	565
4632	563
4633	625
4634	545
4635	585
4636	594
4637	569
4638	596
4639	588
4640	578
4641	644
4642	609
4643	565
4644	606
4645	641
4646	584
4647	641
4648	559
4649	618
4650	593
4651	646
4652	620
4653	662
4654	674
4655	622
4656	663
4657	608
4658	652
4659	667
4660	659
4661	688
4662	678
4663	667
4664	718
4665	720
4666	680
4667	632
4668	709
4669	673
4670	700
4671	743
4672	745
4673	720
4674	767
4675	724
4676	760
4677	762
4678	730
4679	763
4680	775
4681	780
4682	746
4683	751
4684	727
4685	777
4686	730
4687	796
4688	758
4689	814
4690	852
4691	817
4692	796
4693	830
4694	822
4695	854
4696	838
4697	763
4698	810
4699	809
4700	851
4701	860
4702	878
4703	862
4704	911
4705	890
4706	882
4707	923
4708	877
4709	861
4710	859
4711	899
4712	918
4713	903
4714	980
4715	934
4716	972
4717	919
4718	960
4719	974
4720	936
4721	879
4722	953
4723	905
4724	935
4725	982
4726	947
4727	971
4728	1002
4729	998
4730	965
4731	1063
4732	1042
4733	1016
4734	1043
4735	1032
4736	1032
4737	1056
4738	1107
4739	1032
4740	1009
4741	1063
4742	1107
4743	1120
4744	1051
4745	1048
4746	1120
4747	1113
4748	1106
4749	1102
4750	1155
4751	1082
4752	1154
4753	1126
4754	1149
4755	1153
4756	1149
4757	1180
4758	1111
4759	1161
4760	1142
4761	1164
4762	1170
4763	1172
4764	1227
4765	1168
4766	1167
4767	1221
4768	1238
4769	1203
4770	1250
4771	1242
4772	1245
4773	1263
4774	1242
4775	1213
4776	1274
4777	1273
4778	1200
4779	1294
4780	1182
4781	1304
4782	1255
4783	1317
4784	1292
4785	1339
4786	1310
4787	1389
4788	1288
4789	1277
4790	1310
4791	1296
4792	1327
4793	1347
4794	1288
4795	1345
4796	1378
4797	1384
4798	1399
4799	1423
4800	1387
4801	1398
4802	1356
4803	1387
4804	1419
4805	1385
4806	1479
4807	1431
4808	1365
4809	1376
4810	1410
4811	1441
4812	1446
4813	1471
4814	1506
4815	1492
4816	1398
4817	1578
4818	1482
4819	1516
4820	1476
4821	1528
4822	1468
4823	1467
4824	1518
4825	1535
4826	1521
4827	1610
4828	1557
4829	1522
4830	1560
4831	1582
4832	1591
4833	1539
4834	1579
4835	1557
4836	1557
4837	1593
4838	1548
4839	1587
4840	1592
4841	1627
4842	1642
4843	1586
4844	1636
4845	1669
4846	1682
4847	1713
4848	1630
4849	1657
4850	1585
4851	1692
4852	1582
4853	1685
4854	1735
4855	1660
4856	1664
4857	1643
4858	1614
4859	1736
4860	1714
4861	1759
4862	1680
4863	1696
4864	1622
4865	1775
4866	1750
4867	1678
4868	1644
4869	1737
4870	1664
4871	1814
4872	1690
4873	1754
4874	1743
4875	1749
4876	1790
4877	1778
4878	1784
4879	1779
4880	1749
4881	1749
4882	1776
4883	1788
4884	1721
4885	1856
4886	1797
4887	1776
4888	1820
4889	1753
4890	1757
4891	1840
4892	1796
4893	1804
4894	1811
4895	1818
4896	1835
4897	1819
4898	1881
4899	1831
4900	1811
4901	1729
4902	1897
4903	1831
4904	1784
4905	1839
4906	1772
4907	1822
4908	1817
4909	1856
4910	1835
4911	1868
4912	1923
4913	1828
4914	1778
4915	1798
4916	1873
4917	1897
4918	1819
4919	1824
4920	1808
4921	1873
4922	1807
4923	1906
4924	1842
4925	1874
4926	1912
4927	1819
4928	1856
4929	1747
4930	1860
4931	1980
4932	1822
4933	1835
4934	1930
4935	1887
4936	1884
4937	1870
4938	1842
4939	1896
4940	1788
4941	1891
4942	1875
4943	1843
4944	1872
4945	1914
4946	1850
4947	1953
4948	1920
4949	1892
4950	1892
4951	1918
4952	1935
4953	2024
4954	1899
4955	1863
4956	1939
4957	1876
4958	1844
4959	1901
4960	1858
4961	1904
4962	1945
4963	1879
4964	1892
4965	1912
4966	1963
4967	1850
4968	1874
4969	1828
4970	1893
4971	1942
4972	1906
4973	1903
4974	1941
4975	1886
4976	1891
4977	1875
4978	1886
4979	1921
4980	1931
4981	1913
4982	1910
4983	1947
4984	1908
4985	1850
4986	1815
4987	1860
4988	1861
4989	1895
4990	1910
4991	1975
4992	1856
4993	1862
4994	1943
4995	1875
4996	1831
4997	1873
4998	1824
4999	1905
5000	1890
5001	1939
5002	1879
5003	1940
5004	1913
5005	1892
5006	1893
5007	1872
5008	1829
5009	1827
5010	1832
5011	1846
5012	1922
5013	1994
5014	1829
5015	1876
5016	1784
5017	1822
5018	1816
5019	1803
5020	1781
5021	1816
5022	1825
5023	1946
5024	1842
5025	1780
5026	1794
5027	1828
5028	1745
5029	1758
5030	1744
5031	1815
5032	1777
5033	1819
5034	1753
5035	1756
5036	1717
5037	1824
5038	1823
5039	1872
5040	1800
5041	1749
5042	1792
5043	1727
5044	1802
5045	1819
5046	1745
5047	1730
5048	1830
5049	1840
5050	1756
5051	1717
5052	1761
5053	1756
5054	1746
5055	1739
5056	1727
5057	1702
5058	1738
5059	1735
5060	1660
5061	1732
5062	1709
5063	1775
5064	1753
5065	1686
5066	1687
5067	1669
5068	1688
5069	1692
5070	1627
5071	1607
5072	1688
5073	1670
5074	1585
5075	1639
5076	1596
5077	1667
5078	1673
5079	1670
5080	1631
5081	1622
5082	1672
5083	1641
5084	1636
5085	1570
5086	1537
5087	1708
5088	1535
5089	1578
5090	1621
5091	1613
5092	1602
5093	1571
5094	1628
5095	1602
5096	1546
5097	1596
5098	1489
5099	1610
5100	1647
5101	1574
5102	1481
5103	1515
5104	1569
5105	1556
5106	1561
5107	1511
5108	1577
5109	1530
5110	1550
5111	1553
5112	1481
5113	1582
5114	1485
5115	1524
5116	1459
5117	1552
5118	1458
5119	1545
5120	1450
5121	1462
5122	1449
5123	1402
5124	1516
5125	1442
5126	1432
5127	1439
5128	1455
5129	1463
5130	1415
5131	1455
5132	1461
5133	1419
5134	1375
5135	1434
5136	1437
5137	1454
5138	1389
5139	1385
5140	1409
5141	1396
5142	1353
5143	1381
5144	1382
5145	1401
5146	1341
5147	1335
5148	1390
5149	1399
5150	1343
5151	1351
5152	1362
5153	1322
5154	1289
5155	1334
5156	1334
5157	1286
5158	1262
5159	1312
5160	1297
5161	1320
5162	1347
5163	1346
5164	1280
5165	1204
5166	1287
5167	1294
5168	1292
5169	1335
5170	1254
5171	1273
5172	1262
5173	1270
5174	1253
5175	1235
5176	1319
5177	1254
5178	1200
5179	1214
5180	1167
5181	1247
5182	1217
5183	1190
5184	1240
5185	1204
5186	1262
5187	1078
5188	1195
5189	1145
5190	1168
5191	1187
5192	1209
5193	1182
5194	1181
5195	1184
5196	1162
5197	1214
5198	1224
5199	1141
5200	1076
5201	1211
5202	1123
5203	1127
5204	1098
5205	1161
5206	1109
5207	1153
5208	1161
5209	1096
5210	1077
5211	1064
5212	1133
5213	1116
5214	1091
5215	1070
5216	1086
5217	1130
5218	1138
5219	1152
5220	1058
5221	1121
5222	1049
5223	1059
5224	1054
5225	1079
5226	1019
5227	1046
5228	1049
5229	1116
5230	1066
5231	1074
5232	1053
5233	1035
5234	1075
5235	1054
5236	1115
5237	1053
5238	1064
5239	1051
5240	1022
5241	1009
5242	989
5243	1015
5244	1022
5245	970
5246	1008
5247	1023
5248	1043
5249	1082
5250	998
5251	1043
5252	983
5253	998
5254	991
5255	950
5256	964
5257	998
5258	1045
5259	998
5260	983
5261	925
5262	910
5263	999
5264	922
5265	938
5266	987
5267	988
5268	973
5269	897
5270	912
5271	990
5272	921
5273	902
5274	980
5275	948
5276	973
5277	980
5278	917
5279	955
5280	898
5281	945
5282	919
5283	935
5284	917
5285	917
5286	894
5287	984
5288	959
5289	929
5290	862
5291	948
5292	925
5293	894
5294	902
5295	929
5296	931
5297	884
5298	923
5299	896
5300	857
5301	893
5302	866
5303	880
5304	895
5305	864
5306	883
5307	892
5308	853
5309	883
5310	903
5311	903
5312	872
5313	882
5314	884
5315	829
5316	864
5317	933
5318	882
5319	869
5320	832
5321	822
5322	850
5323	861
5324	814
5325	849
5326	849
5327	834
5328	857
5329	811
5330	849
5331	848
5332	845
5333	841
5334	790
5335	851
5336	848
5337	851
5338	876
5339	849
5340	804
5341	792
5342	853
5343	823
5344	833
5345	808
5346	797
5347	814
5348	810
5349	773
5350	866
5351	793
5352	784
5353	767
5354	891
5355	826
5356	790
5357	796
5358	805
5359	829
5360	761
5361	825
5362	820
5363	796
5364	819
5365	791
5366	791
5367	816
5368	815
5369	815
5370	812
5371	779
5372	760
5373	802
5374	797
5375	803
5376	824
5377	737
5378	780
5379	803
5380	812
5381	773
5382	745
5383	724
5384	789
5385	808
5386	745
5387	781
5388	797
5389	742
5390	741
5391	797
5392	749
5393	713
5394	772
5395	683
5396	740
5397	764
5398	784
5399	795
5400	752
5401	783
5402	714
5403	745
5404	744
5405	717
5406	755
5407	708
5408	735
5409	800
5410	703
5411	747
5412	781
5413	738
5414	760
5415	803
5416	764
5417	736
5418	774
5419	737
5420	798
5421	726
5422	741
5423	728
5424	752
5425	753
5426	673
5427	702
5428	685
5429	743
5430	671
5431	722
5432	715
5433	673
5434	734
5435	724
5436	697
5437	719
5438	718
5439	708
5440	690
5441	706
5442	698
5443	687
5444	702
5445	714
5446	658
5447	705
5448	706
5449	719
5450	685
5451	675
5452	666
5453	732
5454	686
5455	693
5456	682
5457	689
5458	698
5459	674
5460	677
5461	710
5462	667
5463	683
5464	700
5465	682
5466	650
5467	662
5468	663
5469	671
5470	630
5471	681
5472	669
5473	645
5474	656
5475	714
5476	668
5477	690
5478	608
5479	681
5480	735
5481	664
5482	618
5483	640
5484	659
5485	660
5486	668
5487	618
5488	607
5489	640
5490	576
5491	641
5492	661
5493	644
5494	590
5495	664
5496	653
5497	616
5498	637
5499	592
5500	617
5501	622
5502	599
5503	607
5504	652
5505	669
5506	610
5507	600
5508	652
5509	636
5510	668
5511	646
5512	635
5513	590
5514	658
5515	632
5516	631
5517	579
5518	603
5519	652
5520	587
5521	641
5522	589
5523	592
5524	590
5525	655
5526	584
5527	614
5528	591
5529	587
5530	535
5531	595
5532	566
5533	582
5534	586
5535	573
5536	612
5537	615
5538	565
5539	602
5540	569
5541	568
5542	544
5543	552
5544	568
5545	592
5546	526
5547	584
5548	520
5549	573
5550	546
5551	538
5552	558
5553	531
5554	534
5555	558
5556	547
5557	469
5558	540
5559	531
5560	553
5561	559
5562	539
5563	540
5564	526
5565	514
5566	510
5567	528
5568	515
5569	475
5570	567
5571	506
5572	498
5573	521
5574	505
5575	497
5576	531
5577	533
5578	481
5579	485
5580	488
5581	519
5582	445
5583	532
5584	508
5585	489
5586	499
5587	491
5588	458
5589	496
5590	518
5591	466
5592	449
5593	515
5594	494
5595	475
5596	468
5597	428
5598	440
5599	436
5600	482
5601	491
5602	480
5603	441
5604	463
5605	440
5606	444
5607	449
5608	471
5609	445
5610	441
5611	434
5612	421
5613	422
5614	435
5615	426
5616	427
5617	418
5618	433
5619	430
5620	440
5621	406
5622	431
5623	409
5624	403
5625	437
5626	407
5627	419
5628	424
5629	412
5630	436
5631	409
5632	386
5633	394
5634	407
5635	398
5636	417
5637	427
5638	418
5639	387
5640	370
5641	428
5642	392
5643	395
5644	399
5645	416
5646	422
5647	413
5648	385
5649	371
5650	417
5651	374
5652	384
5653	371
5654	380
5655	362
5656	344
5657	409
5658	365
5659	364
5660	360
5661	370
5662	367
5663	347
5664	361
5665	345
5666	366
5667	364
5668	347
5669	327
5670	342
5671	374
5672	357
5673	338
5674	363
5675	327
5676	362
5677	340
5678	382
5679	322
5680	342
5681	356
5682	353
5683	333
5684	314
5685	317
5686	344
5687	316
5688	342
5689	286
5690	343
5691	340
5692	311
5693	310
5694	328
5695	336
5696	303
5697	333
5698	290
5699	321
5700	294
5701	353
5702	344
5703	305
5704	298
5705	344
5706	295
5707	302
5708	297
5709	298
5710	320
5711	293
5712	283
5713	334
5714	281
5715	313
5716	285
5717	293
5718	283
5719	308
5720	285
5721	278
5722	261
5723	284
5724	297
5725	292
5726	287
5727	261
5728	274
5729	252
5730	278
5731	273
5732	268
5733	268
5734	309
5735	270
5736	292
5737	268
5738	268
5739	295
5740	278
5741	285
5742	266
5743	301
5744	276
5745	268
5746	279
5747	243
5748	287
5749	253
5750	250
5751	240
5752	244
5753	235
5754	293
5755	260
5756	271
5757	267
5758	264
5759	230
5760	258
5761	281
5762	292
5763	263
5764	261
5765	241
5766	241
5767	253
5768	234
5769	248
5770	262
5771	229
5772	262
5773	239
5774	251
5775	252
5776	259
5777	267
5778	229
5779	238
5780	251
5781	236
5782	216
5783	259
5784	214
5785	230
5786	228
5787	228
5788	235
5789	265
5790	199
5791	235
5792	229
5793	244
5794	232
5795	251
5796	214
5797	237
5798	206
5799	270
5800	213
5801	197
5802	215
5803	228
5804	208
5805	254
5806	233
5807	223
5808	228
5809	199
5810	221
5811	225
5812	232
5813	212
5814	207
5815	228
5816	231
5817	235
5818	236
5819	211
5820	209
5821	220
5822	198
5823	221
5824	229
5825	230
5826	235
5827	215
5828	198
5829	205
5830	212
5831	219
5832	204
5833	231
5834	206
5835	239
5836	215
5837	218
5838	215
5839	193
5840	213
5841	208
5842	190
5843	213
5844	221
5845	206
5846	202
5847	242
5848	189
5849	222
5850	190
5851	202
5852	206
5853	193
5854	185
5855	191
5856	211
5857	197
5858	192
5859	206
5860	208
5861	210
5862	222
5863	196
5864	218
5865	202
5866	199
5867	202
5868	183
5869	202
5870	210
5871	190
5872	232
5873	212
5874	211
5875	212
5876	218
5877	189
5878	195
5879	206
5880	216
5881	217
5882	193
5883	199
5884	197
5885	184
5886	230
5887	198
5888	211
5889	194
5890	187
5891	208
5892	181
5893	224
5894	188
5895	189
5896	205
5897	220
5898	204
5899	203
5900	213
5901	214
5902	197
5903	198
5904	217
5905	215
5906	202
5907	181
5908	195
5909	175
5910	185
5911	200
5912	200
5913	200
5914	172
5915	175
5916	194
5917	195
5918	227
5919	191
5920	226
5921	192
5922	211
5923	190
5924	209
5925	191
5926	179
5927	210
5928	174
5929	177
5930	196
5931	168
5932	196
5933	193
5934	181
5935	196
5936	196
5937	212
5938	175
5939	201
5940	173
5941	200
5942	188
5943	200
5944	179
5945	185
5946	190
5947	194
5948	178
5949	211
5950	213
5951	203
5952	218
5953	212
5954	203
5955	187
5956	190
5957	190
5958	212
5959	205
5960	214
5961	213
5962	170
5963	184
5964	207
5965	186
5966	193
5967	189
5968	206
5969	171
5970	200
5971	199
5972	194
5973	192
5974	197
5975	172
5976	201
5977	211
5978	202
5979	182
5980	210
5981	223
5982	211
5983	171
5984	214
5985	196
5986	203
5987	190
5988	187
5989	196
5990	202
5991	178
5992	182
5993	193
5994	182
5995	191
5996	200
5997	216
5998	196
5999	190
6000	215
6001	167
6002	204
6003	197
6004	210
6005	194
6006	191
6007	209
6008	201
6009	209
6010	197
6011	242
6012	174
6013	178
6014	200
6015	234
6016	205
6017	192
6018	199
6019	188
6020	209
6021	183
6022	213
6023	188
6024	183
6025	196
6026	187
6027	189
6028	216
6029	207
6030	207
6031	195
6032	224
6033	194
6034	185
6035	201
6036	206
6037	222
6038	203
6039	211
6040	192
6041	202
6042	201
6043	167
6044	212
6045	201
6046	218
6047	181
6048	197
6049	199
6050	199
6051	211
6052	250
6053	185
6054	182
6055	198
6056	223
6057	207
6058	212
6059	211
6060	192
6061	216
6062	179
6063	202
6064	183
6065	208
6066	197
6067	184
6068	184
6069	203
6070	190
6071	204
6072	193
6073	196
6074	224
6075	167
6076	184
6077	194
6078	207
6079	201
6080	237
6081	191
6082	199
6083	183
6084	191
6085	187
6086	231
6087	209
6088	177
6089	198
6090	211
6091	189
6092	204
6093	200
6094	213
6095	230
6096	181
6097	178
6098	192
6099	215
6100	203
6101	217
6102	203
6103	211
6104	223
6105	203
6106	209
6107	194
6108	206
6109	181
6110	206
6111	211
6112	198
6113	172
6114	196
6115	221
6116	204
6117	196
6118	188
6119	206
6120	219
6121	201
6122	206
6123	208
6124	187
6125	199
6126	207
6127	241
6128	214
6129	199
6130	195
6131	208
6132	197
6133	194
6134	194
6135	192
6136	207
6137	211
6138	166
6139	201
6140	232
6141	199
6142	190
6143	202
6144	192
6145	206
6146	189
6147	199
6148	181
6149	187
6150	211
6151	195
6152	203
6153	224
6154	196
6155	194
6156	194
6157	200
6158	188
6159	200
6160	177
6161	214
6162	204
6163	172
6164	171
6165	230
6166	219
6167	207
6168	179
6169	208
6170	207
6171	223
6172	205
6173	199
6174	216
6175	162
6176	190
6177	198
6178	196
6179	198
6180	194
6181	177
6182	186
6183	187
6184	204
6185	212
6186	184
6187	205
6188	204
6189	184
6190	209
6191	206
6192	179
6193	188
6194	191
6195	182
6196	182
6197	188
6198	178
6199	177
6200	182
6201	200
6202	199
6203	171
6204	199
6205	187
6206	187
6207	190
6208	185
6209	178
6210	152
6211	174
6212	208
6213	183
6214	206
6215	191
6216	209
6217	221
6218	198
6219	163
6220	182
6221	201
6222	168
6223	187
6224	185
6225	179
6226	193
6227	184
6228	189
6229	196
6230	172
6231	173
6232	180
6233	224
6234	177
6235	169
6236	174
6237	179
6238	197
6239	188
6240	171
6241	191
6242	177
6243	188
6244	190
6245	172
6246	185
6247	156
6248	155
6249	188
6250	169
6251	172
6252	195
6253	183
6254	177
6255	177
6256	179
6257	187
6258	169
6259	156
6260	176
6261	215
6262	190
6263	179
6264	150
6265	169
6266	178
6267	174
6268	190
6269	166
6270	148
6271	164
6272	155
6273	180
6274	165
6275	178
6276	155
6277	162
6278	161
6279	170
6280	196
6281	157
6282	175
6283	172
6284	172
6285	150
6286	150
6287	166
6288	172
6289	169
6290	143
6291	174
6292	165
6293	160
6294	151
6295	164
6296	167
6297	148
6298	149
6299	161
6300	174
6301	140
6302	152
6303	174
6304	166
6305	155
6306	169
6307	170
6308	166
6309	168
6310	159
6311	176
6312	154
6313	163
6314	145
6315	145
6316	169
6317	170
6318	149
6319	189
6320	155
6321	140
6322	167
6323	135
6324	171
6325	149
6326	156
6327	174
6328	147
6329	153
6330	134
6331	179
6332	145
6333	158
6334	149
6335	145
6336	139
6337	142
6338	145
6339	147
6340	132
6341	133
6342	146
6343	141
6344	155
6345	151
6346	159
6347	152
6348	141
6349	115
6350	127
6351	139
6352	133
6353	155
6354	157
6355	141
6356	125
6357	137
6358	147
6359	148
6360	136
6361	144
6362	146
6363	137
6364	139
6365	137
6366	151
6367	143
6368	112
6369	113
6370	132
6371	118
6372	123
6373	124
6374	117
6375	108
6376	139
6377	124
6378	128
6379	123
6380	113
6381	133
6382	144
6383	120
6384	126
6385	118
6386	126
6387	106
6388	123
6389	122
6390	134
6391	123
6392	122
6393	119
6394	123
6395	130
6396	107
6397	103
6398	117
6399	118
6400	114
6401	130
6402	117
6403	129
6404	112
6405	120
6406	111
6407	119
6408	133
6409	126
6410	117
6411	134
6412	143
6413	124
6414	119
6415	112
6416	119
6417	110
6418	111
6419	97
6420	98
6421	114
6422	127
6423	129
6424	98
6425	110
6426	104
6427	102
6428	112
6429	106
6430	99
6431	88
6432	117
6433	105
6434	108
6435	120
6436	102
6437	115
6438	107
6439	104
6440	106
6441	112
6442	99
6443	109
6444	106
6445	98
6446	88
6447	77
6448	99
6449	116
6450	104
6451	108
6452	83
6453	98
6454	90
6455	110
6456	83
6457	88
6458	79
6459	97
6460	79
6461	110
6462	93
6463	114
6464	99
6465	105
6466	90
6467	108
6468	106
6469	100
6470	89
6471	115
6472	102
6473	89
6474	117
6475	101
6476	74
6477	94
6478	97
6479	95
6480	84
6481	77
6482	91
6483	93
6484	82
6485	91
6486	80
6487	85
6488	80
6489	86
6490	81
6491	93
6492	78
6493	95
6494	114
6495	70
6496	68
6497	70
6498	82
6499	83
6500	82
6501	84
6502	71
6503	95
6504	87
6505	75
6506	83
6507	80
6508	91
6509	76
6510	87
6511	76
6512	85
6513	86
6514	101
6515	101
6516	85
6517	74
6518	87
6519	78
6520	84
6521	89
6522	88
6523	78
6524	91
6525	75
6526	86
6527	67
6528	88
6529	74
6530	67
6531	85
6532	76
6533	80
6534	68
6535	81
6536	72
6537	69
6538	68
6539	82
6540	64
6541	72
6542	80
6543	80
6544	74
6545	67
6546	77
6547	79
6548	74
6549	73
6550	82
6551	65
6552	78
6553	74
6554	60
6555	88
6556	67
6557	70
6558	53
6559	67
6560	61
6561	68
6562	69
6563	76
6564	55
6565	65
6566	73
6567	69
6568	63
6569	59
6570	73
6571	64
6572	58
6573	69
6574	73
6575	68
6576	71
6577	70
6578	65
6579	55
6580	59
6581	62
6582	65
6583	71
6584	70
6585	74
6586	84
6587	82
6588	48
6589	58
6590	75
6591	59
6592	55
6593	53
6594	64
6595	63
6596	72
6597	49
6598	73
6599	60
6600	65
6601	64
6602	59
6603	59
6604	68
6605	61
6606	63
6607	56
6608	72
6609	57
6610	70
6611	64
6612	56
6613	70
6614	61
6615	58
6616	73
6617	56
6618	54
6619	45
6620	62
6621	60
6622	70
6623	55
6624	60
6625	68
6626	65
6627	56
6628	50
6629	53
6630	55
6631	74
6632	45
6633	56
6634	66
6635	61
6636	54
6637	74
6638	41
6639	59
6640	53
6641	38
6642	60
6643	49
6644	56
6645	61
6646	63
6647	47
6648	62
6649	66
6650	48
6651	62
6652	47
6653	60
6654	48
6655	58
6656	73
6657	52
6658	61
6659	64
6660	45
6661	50
6662	64
6663	62
6664	62
6665	59
6666	53
6667	64
6668	45
6669	52
6670	54
6671	47
6672	48
6673	40
6674	56
6675	43
6676	60
6677	48
6678	58
6679	44
6680	52
6681	57
6682	58
6683	45
6684	60
6685	52
6686	63
6687	60
6688	62
6689	56
6690	50
6691	51
6692	48
6693	45
6694	57
6695	41
6696	51
6697	58
6698	46
6699	52
6700	50
6701	38
6702	53
6703	46
6704	45
6705	50
6706	38
6707	52
6708	59
6709	43
6710	48
6711	53
6712	54
6713	60
6714	43
6715	56
6716	66
6717	43
6718	52
6719	42
6720	49
6721	44
6722	49
6723	50
6724	44
6725	39
6726	52
6727	51
6728	52
6729	49
6730	51
6731	44
6732	50
6733	47
6734	40
6735	54
6736	47
6737	53
6738	44
6739	54
6740	57
6741	55
6742	23
6743	48
6744	56
6745	48
6746	51
6747	46
6748	50
6749	48
6750	48
6751	50
6752	50
6753	41
6754	36
6755	39
6756	38
6757	48
6758	54
6759	42
6760	44
6761	62
6762	47
6763	47
6764	44
6765	40
6766	41
6767	53
6768	42
6769	43
6770	43
6771	37
6772	47
6773	53
6774	47
6775	36
6776	50
6777	47
6778	56
6779	42
6780	47
6781	40
6782	42
6783	51
6784	34
6785	42
6786	42
6787	48
6788	56
6789	46
6790	36
6791	45
6792	39
6793	40
6794	49
6795	28
6796	36
6797	41
6798	46
6799	52
6800	37
6801	44
6802	44
6803	41
6804	43
6805	41
6806	37
6807	28
6808	34
6809	40
6810	44
6811	34
6812	48
6813	45
6814	39
6815	43
6816	40
6817	36
6818	36
6819	38
6820	41
6821	44
6822	40
6823	33
6824	44
6825	45
6826	42
6827	30
6828	41
6829	35
6830	40
6831	47
6832	33
6833	53
6834	37
6835	36
6836	44
6837	39
6838	54
6839	25
6840	33
6841	52
6842	39
6843	45
6844	44
6845	45
6846	35
6847	30
6848	54
6849	37
6850	45
6851	36
6852	61
6853	50
6854	36
6855	36
6856	31
6857	43
6858	31
6859	43
6860	46
6861	33
6862	34
6863	36
6864	31
6865	28
6866	30
6867	24
6868	42
6869	32
6870	41
6871	28
6872	35
6873	37
6874	42
6875	28
6876	39
6877	36
6878	33
6879	38
6880	28
6881	33
6882	34
6883	43
6884	27
6885	30
6886	37
6887	36
6888	28
6889	29
6890	40
6891	37
6892	27
6893	41
6894	31
6895	37
6896	38
6897	32
6898	42
6899	37
6900	39
6901	41
6902	35
6903	33
6904	30
6905	39
6906	45
6907	26
6908	26
6909	26
6910	40
6911	27
6912	27
6913	33
6914	37
6915	43
6916	26
6917	29
6918	29
6919	27
6920	34
6921	35
6922	32
6923	30
6924	32
6925	27
6926	43
6927	26
6928	29
6929	34
6930	31
6931	36
6932	25
6933	35
6934	27
6935	29
6936	32
6937	29
6938	30
6939	29
6940	40
6941	36
6942	32
6943	29
6944	43
6945	30
6946	35
6947	36
6948	39
6949	19
6950	34
6951	40
6952	31
6953	32
6954	27
6955	31
6956	43
6957	31
6958	33
6959	30
6960	31
6961	26
6962	33
6963	31
6964	29
6965	32
6966	30
6967	24
6968	36
6969	27
6970	37
6971	29
6972	34
6973	28
6974	31
6975	40
6976	21
6977	35
6978	23
6979	20
6980	28
6981	31
6982	43
6983	38
6984	36
6985	23
6986	28
6987	37
6988	39
6989	27
6990	30
6991	40
6992	29
6993	40
6994	36
6995	33
6996	25
6997	23
6998	28
6999	30
7000	38
7001	42
7002	36
7003	19
7004	21
7005	38
7006	35
7007	21
7008	26
7009	33
7010	34
7011	40
7012	33
7013	35
7014	35
7015	25
7016	25
7017	31
7018	26
7019	34
7020	39
7021	26
7022	28
7023	29
7024	33
7025	30
7026	24
7027	26
7028	33
7029	33
7030	25
7031	27
7032	16
7033	34
7034	21
7035	25
7036	37
7037	25
7038	33
7039	21
7040	24
7041	22
7042	25
7043	36
7044	26
7045	31
7046	19
7047	23
7048	35
7049	20
7050	34
7051	16
7052	25
7053	29
7054	32
7055	28
7056	27
7057	20
7058	23
7059	29
7060	21
7061	35
7062	27
7063	28
7064	22
7065	28
7066	29
7067	30
7068	27
7069	30
7070	25
7071	22
7072	31
7073	22
7074	27
7075	31
7076	28
7077	29
7078	33
7079	22
7080	27
7081	26
7082	23
7083	20
7084	23
7085	23
7086	26
7087	33
7088	30
7089	24
7090	22
7091	18
7092	20
7093	30
7094	29
7095	26
7096	22
7097	28
7098	29
7099	25
7100	26
7101	30
7102	31
7103	26
7104	21
7105	18
7106	27
7107	28
7108	27
7109	26
7110	26
7111	24
7112	26
7113	21
7114	23
7115	15
7116	19
7117	36
7118	20
7119	29
7120	23
7121	19
7122	26
7123	35
7124	18
7125	19
7126	21
7127	24
7128	22
7129	34
7130	19
7131	27
7132	30
7133	18
7134	24
7135	22
7136	19
7137	23
7138	24
7139	17
7140	32
7141	29
7142	25
7143	33
7144	30
7145	21
7146	29
7147	20
7148	18
7149	22
7150	21
7151	26
7152	25
7153	30
7154	25
7155	32
7156	29
7157	34
7158	23
7159	23
7160	20
7161	19
7162	17
7163	11
7164	21
7165	30
7166	21
7167	36
7168	27
7169	26
7170	26
7171	23
7172	18
7173	21
7174	27
7175	30
7176	16
7177	24
7178	23
7179	22
7180	20
7181	30
7182	27
7183	32
7184	19
7185	19
7186	15
7187	16
7188	23
7189	25
7190	24
7191	21
7192	25
7193	23
7194	32
7195	25
7196	29
7197	22
7198	21
7199	23
7200	33
7201	22
7202	28
7203	25
7204	24
7205	30
7206	24
7207	20
7208	18
7209	16
7210	32
7211	24
7212	32
7213	18
7214	13
7215	34
7216	27
7217	33
7218	27
7219	24
7220	14
7221	21
7222	25
7223	22
7224	23
7225	23
7226	30
7227	30
7228	21
7229	26
7230	32
7231	20
7232	27
7233	15
7234	24
7235	26
7236	24
7237	23
7238	23
7239	18
7240	24
7241	21
7242	20
7243	22
7244	21
7245	19
7246	17
7247	26
7248	26
7249	22
7250	29
7251	21
7252	29
7253	29
7254	25
7255	21
7256	17
7257	24
7258	26
7259	22
7260	31
7261	14
7262	28
7263	19
7264	24
7265	23
7266	24
7267	32
7268	15
7269	27
7270	16
7271	25
7272	21
7273	21
7274	18
7275	17
7276	17
7277	21
7278	25
7279	12
7280	31
7281	25
7282	22
7283	36
7284	29
7285	19
7286	26
7287	10
7288	19
7289	19
7290	25
7291	21
7292	17
7293	26
7294	21
7295	24
7296	20
7297	26
7298	21
7299	29
7300	21
7301	25
7302	15
7303	25
7304	20
7305	18
7306	17
7307	23
7308	25
7309	20
7310	23
7311	21
7312	27
7313	22
7314	19
7315	20
7316	15
7317	26
7318	25
7319	22
7320	23
7321	23
7322	19
7323	17
7324	23
7325	26
7326	16
7327	20
7328	16
7329	14
7330	19
7331	33
7332	17
7333	22
7334	27
7335	31
7336	16
7337	18
7338	24
7339	16
7340	21
7341	27
7342	21
7343	20
7344	17
7345	18
7346	20
7347	25
7348	15
7349	22
7350	24
7351	22
7352	13
7353	21
7354	28
7355	19
7356	22
7357	14
7358	17
7359	15
7360	17
7361	23
7362	15
7363	17
7364	22
7365	17
7366	23
7367	23
7368	31
7369	22
7370	30
7371	17
7372	21
7373	16
7374	27
7375	20
7376	32
7377	18
7378	19
7379	15
7380	23
7381	18
7382	23
7383	13
7384	13
7385	17
7386	22
7387	20
7388	18
7389	16
7390	11
7391	23
7392	25
7393	12
7394	18
7395	15
7396	31
7397	26
7398	20
7399	16
7400	23
7401	14
7402	19
7403	18
7404	27
7405	15
7406	17
7407	14
7408	18
7409	19
7410	17
7411	27
7412	14
7413	23
7414	14
7415	19
7416	23
7417	13
7418	15
7419	19
7420	14
7421	20
7422	15
7423	21
7424	15
7425	20
7426	32
7427	20
7428	12
7429	24
7430	19
7431	23
7432	23
7433	19
7434	23
7435	22
7436	21
7437	19
7438	14
7439	20
7440	22
7441	16
7442	19
7443	20
7444	17
7445	15
7446	19
7447	20
7448	22
7449	20
7450	13
7451	17
7452	10
7453	20
7454	23
7455	9
7456	15
7457	12
7458	22
7459	19
7460	23
7461	24
7462	18
7463	16
7464	19
7465	20
7466	18
7467	29
7468	24
7469	19
7470	19
7471	17
7472	20
7473	18
7474	20
7475	14
7476	17
7477	13
7478	28
7479	20
7480	28
7481	13
7482	12
7483	19
7484	16
7485	20
7486	20
7487	15
7488	15
7489	12
7490	16
7491	18
7492	20
7493	18
7494	17
7495	17
7496	16
7497	20
7498	18
7499	20
7500	15
7501	21
7502	18
7503	15
7504	15
7505	25
7506	17
7507	17
7508	17
7509	23
7510	11
7511	22
7512	21
7513	19
7514	23
7515	8
7516	22
7517	27
7518	17
7519	11
7520	26
7521	18
7522	22
7523	18
7524	19
7525	14
7526	14
7527	27
7528	18
7529	30
7530	23
7531	15
7532	18
7533	9
7534	20
7535	14
7536	19
7537	10
7538	12
7539	13
7540	14
7541	16
7542	25
7543	23
7544	15
7545	16
7546	26
7547	19
7548	26
7549	12
7550	18
7551	29
7552	25
7553	21
7554	15
7555	16
7556	17
7557	9
7558	18
7559	13
7560	16
7561	16
7562	17
7563	14
7564	10
7565	17
7566	17
7567	22
7568	25
7569	13
7570	21
7571	22
7572	16
7573	17
7574	17
7575	22
7576	13
7577	23
7578	13
7579	20
7580	15
7581	13
7582	15
7583	24
7584	16
7585	16
7586	13
7587	14
7588	14
7589	14
7590	16
7591	10
7592	16
7593	9
7594	13
7595	14
7596	26
7597	23
7598	22
7599	19
7600	18
7601	13
7602	26
7603	17
7604	14
7605	16
7606	18
7607	16
7608	22
7609	13
7610	20
7611	11
7612	13
7613	21
7614	9
7615	19
7616	8
7617	21
7618	18
7619	16
7620	24
7621	19
7622	14
7623	13
7624	18
7625	18
7626	10
7627	14
7628	21
7629	23
7630	14
7631	12
7632	18
7633	9
7634	14
7635	16
7636	13
7637	15
7638	21
7639	14
7640	20
7641	16
7642	16
7643	17
7644	21
7645	15
7646	7
7647	16
7648	21
7649	12
7650	19
7651	17
7652	15
7653	18
7654	18
7655	19
7656	18
7657	13
7658	19
7659	17
7660	20
7661	14
7662	23
7663	15
7664	15
7665	11
7666	10
7667	20
7668	14
7669	21
7670	12
7671	14
7672	10
7673	13
7674	16
7675	15
7676	5
7677	19
7678	13
7679	15
7680	16
7681	15
7682	15
7683	17
7684	15
7685	16
7686	18
7687	17
7688	15
7689	13
7690	18
7691	15
7692	15
7693	16
7694	13
7695	14
7696	19
7697	18
7698	12
7699	18
7700	2
7701	23
7702	17
7703	22
7704	17
7705	17
7706	12
7707	13
7708	11
7709	26
7710	10
7711	24
7712	19
7713	17
7714	11
7715	7
7716	16
7717	11
7718	17
7719	17
7720	20
7721	19
7722	12
7723	5
7724	16
7725	7
7726	16
7727	18
7728	12
7729	16
7730	19
7731	18
7732	11
7733	7
7734	21
7735	19
7736	14
7737	9
7738	14
7739	17
7740	18
7741	17
7742	12
7743	18
7744	11
7745	13
7746	22
7747	24
7748	18
7749	16
7750	18
7751	17
7752	11
7753	20
7754	13
7755	15
7756	22
7757	10
7758	12
7759	13
7760	16
7761	9
7762	15
7763	15
7764	16
7765	13
7766	12
7767	13
7768	12
7769	17
7770	11
7771	17
7772	18
7773	20
7774	15
7775	21
7776	16
7777	19
7778	11
7779	19
7780	20
7781	13
7782	18
7783	9
7784	18
7785	14
7786	11
7787	19
7788	13
7789	14
7790	13
7791	21
7792	15
7793	17
7794	20
7795	14
7796	15
7797	11
7798	11
7799	23
7800	15
7801	15
7802	15
7803	14
7804	12
7805	14
7806	14
7807	10
7808	9
7809	13
7810	8
7811	16
7812	11
7813	15
7814	14
7815	23
7816	13
7817	14
7818	13
7819	16
7820	17
7821	18
7822	18
7823	17
7824	17
7825	12
7826	5
7827	10
7828	14
7829	14
7830	18
7831	20
7832	16
7833	13
7834	13
7835	20
7836	20
7837	13
7838	18
7839	13
7840	19
7841	15
7842	12
7843	12
7844	19
7845	20
7846	17
7847	8
7848	15
7849	22
7850	18
7851	12
7852	14
7853	14
7854	13
7855	14
7856	19
7857	20
7858	16
7859	18
7860	14
7861	11
7862	17
7863	21
7864	14
7865	14
7866	15
7867	11
7868	22
7869	20
7870	13
7871	20
7872	15
7873	7
7874	8
7875	8
7876	19
7877	10
7878	15
7879	14
7880	14
7881	12
7882	11
7883	11
7884	13
7885	13
7886	14
7887	17
7888	10
7889	11
7890	19
7891	17
7892	12
7893	28
7894	11
7895	9
7896	14
7897	17
7898	15
7899	18
7900	6
7901	8
7902	12
7903	12
7904	21
7905	9
7906	14
7907	20
7908	10
7909	13
7910	11
7911	10
7912	15
7913	13
7914	11
7915	16
7916	15
7917	18
7918	16
7919	6
7920	14
7921	16
7922	17
7923	9
7924	7
7925	13
7926	10
7927	13
7928	18
7929	16
7930	17
7931	14
7932	19
7933	18
7934	12
7935	10
7936	14
7937	18
7938	14
7939	16
7940	10
7941	13
7942	12
7943	20
7944	17
7945	12
7946	16
7947	12
7948	15
7949	14
7950	15
7951	10
7952	17
7953	16
7954	16
7955	15
7956	9
7957	16
7958	18
7959	17
7960	17
7961	5
7962	7
7963	9
7964	10
7965	10
7966	6
7967	20
7968	14
7969	17
7970	14
7971	11
7972	11
7973	10
7974	18
7975	15
7976	14
7977	13
7978	11
7979	15
7980	11
7981	9
7982	13
7983	11
7984	11
7985	14
7986	15
7987	15
7988	18
7989	11
7990	19
7991	10
7992	12
7993	18
7994	9
7995	19
7996	16
7997	13
7998	8
7999	10
8000	7
8001	14
8002	9
8003	15
8004	19
8005	12
8006	14
8007	16
8008	19
8009	16
8010	17
8011	14
8012	15
8013	18
8014	7
8015	17
8016	11
8017	7
8018	22
8019	11
8020	19
8021	14
8022	20
8023	17
8024	15
8025	10
8026	10
8027	12
8028	10
8029	11
8030	13
8031	10
8032	11
8033	10
8034	16
8035	16
8036	10
8037	8
8038	10
8039	11
8040	11
8041	6
8042	6
8043	20
8044	10
8045	9
8046	12
8047	16
8048	8
8049	18
8050	18
8051	11
8052	13
8053	15
8054	14
8055	15
8056	10
8057	16
8058	14
8059	14
8060	22
8061	14
8062	13
8063	6
8064	12
8065	13
8066	6
8067	8
8068	11
8069	8
8070	14
8071	13
8072	14
8073	5
8074	17
8075	13
8076	14
8077	14
8078	20
8079	12
8080	9
8081	19
8082	13
8083	12
8084	13
8085	10
8086	27
8087	9
8088	20
8089	15
8090	8
8091	8
8092	12
8093	12
8094	11
8095	13
8096	12
8097	10
8098	18
8099	11
8100	12
8101	14
8102	12
8103	13
8104	17
8105	19
8106	12
8107	12
8108	13
8109	12
8110	10
8111	5
8112	13
8113	14
8114	16
8115	11
8116	15
8117	11
8118	6
8119	11
8120	14
8121	9
8122	9
8123	11
8124	9
8125	14
8126	7
8127	11
8128	7
8129	7
8130	1
8131	3
8132	4
8133	4
8134	7
8135	3
8136	6
8137	6
8138	5
8139	5
8140	4
8141	0
8142	4
8143	1
8144	3
8145	3
8146	2
8147	2
8148	1
8149	0
8150	1
8151	2
8152	0
8153	0
8154	1
8155	0
8156	0
8157	2
8158	0
8159	0
8160	1
8161	0
8162	1
8163	0
8164	0
8165	0
8166	0
8167	0
8168	0
8169	0
8170	0
8171	0
8172	0
8173	1
8174	0
8175	0
8176	0
8177	0
8178	0
8179	0
8180	0
8181	0
8182	0
8183	0
8184	0
8185	0
8186	0
8187	0
8188	0
8189	0
8190	0
8191	0
