0	0
1	0
2	0
3	0
4	0
5	0
6	0
7	0
8	0
9	0
10	0
11	0
12	0
13	0
14	0
15	0
16	0
17	0
18	0
19	0
20	0
21	0
22	0
23	0
24	0
25	0
26	0
27	0
28	0
29	0
30	0
31	0
32	0
33	0
34	1
35	0
36	0
37	0
38	0
39	1
40	0
41	1
42	1
43	2
44	0
45	1
46	0
47	0
48	1
49	2
50	0
51	2
52	1
53	1
54	2
55	2
56	2
57	3
58	1
59	0
60	0
61	3
62	1
63	1
64	2
65	0
66	1
67	2
68	1
69	1
70	0
71	2
72	0
73	0
74	0
75	0
76	0
77	0
78	0
79	3
80	1
81	0
82	0
83	1
84	0
85	0
86	0
87	0
88	2
89	1
90	1
91	0
92	0
93	0
94	1
95	0
96	0
97	0
98	1
99	0
100	0
101	1
102	1
103	0
104	0
105	0
106	0
107	0
108	0
109	0
110	0
111	0
112	0
113	1
114	1
115	0
116	0
117	1
118	0
119	0
120	0
121	0
122	1
123	0
124	0
125	0
126	0
127	0
128	0
129	0
130	0
131	0
132	0
133	0
134	0
135	0
136	0
137	1
138	0
139	0
140	0
141	0
142	0
143	1
144	0
145	0
146	0
147	0
148	0
149	0
150	0
151	0
152	0
153	0
154	0
155	1
156	0
157	0
158	0
159	0
160	0
161	0
162	0
163	0
164	0
165	1
166	0
167	0
168	1
169	0
170	1
171	1
172	0
173	0
174	0
175	0
176	0
177	0
178	0
179	1
180	0
181	0
182	0
183	0
184	0
185	0
186	0
187	0
188	0
189	1
190	0
191	0
192	0
193	0
194	0
195	0
196	0
197	0
198	0
199	0
200	1
201	0
202	0
203	0
204	0
205	0
206	0
207	0
208	1
209	1
210	0
211	0
212	1
213	0
214	1
215	0
216	0
217	0
218	0
219	1
220	0
221	0
222	0
223	0
224	0
225	0
226	0
227	0
228	0
229	0
230	0
231	0
232	0
233	0
234	0
235	0
236	0
237	0
238	0
239	0
240	0
241	0
242	1
243	1
244	0
245	1
246	1
247	0
248	0
249	0
250	0
251	1
252	0
253	0
254	0
255	0
256	0
257	2
258	0
259	1
260	0
261	0
262	1
263	2
264	0
265	0
266	0
267	0
268	1
269	0
270	0
271	1
272	1
273	0
274	0
275	0
276	0
277	0
278	0
279	1
280	0
281	1
282	2
283	0
284	1
285	0
286	0
287	0
288	0
289	0
290	1
291	0
292	0
293	0
294	0
295	1
296	0
297	0
298	1
299	0
300	1
301	0
302	0
303	0
304	0
305	0
306	0
307	0
308	1
309	2
310	0
311	0
312	0
313	0
314	0
315	0
316	1
317	0
318	0
319	0
320	0
321	1
322	0
323	1
324	0
325	0
326	1
327	0
328	2
329	1
330	1
331	0
332	1
333	0
334	0
335	1
336	0
337	0
338	1
339	0
340	0
341	0
342	1
343	1
344	1
345	0
346	1
347	1
348	0
349	0
350	0
351	2
352	0
353	0
354	0
355	2
356	1
357	0
358	2
359	3
360	1
361	0
362	1
363	2
364	3
365	1
366	1
367	1
368	0
369	1
370	1
371	0
372	1
373	2
374	2
375	1
376	4
377	1
378	1
379	4
380	3
381	2
382	0
383	5
384	1
385	1
386	2
387	2
388	2
389	3
390	2
391	4
392	0
393	2
394	0
395	1
396	2
397	2
398	0
399	5
400	5
401	1
402	4
403	2
404	4
405	1
406	3
407	4
408	4
409	4
410	1
411	4
412	2
413	3
414	7
415	6
416	2
417	8
418	6
419	8
420	4
421	3
422	5
423	5
424	6
425	5
426	5
427	6
428	7
429	7
430	8
431	8
432	6
433	3
434	8
435	6
436	8
437	9
438	5
439	12
440	10
441	9
442	7
443	12
444	9
445	9
446	13
447	13
448	14
449	15
450	14
451	16
452	11
453	15
454	10
455	16
456	11
457	20
458	18
459	23
460	13
461	15
462	16
463	22
464	16
465	15
466	14
467	23
468	23
469	17
470	17
471	20
472	27
473	26
474	27
475	17
476	22
477	16
478	24
479	33
480	19
481	32
482	24
483	30
484	28
485	26
486	28
487	29
488	30
489	37
490	35
491	24
492	39
493	35
494	33
495	24
496	36
497	54
498	28
499	32
500	29
501	40
502	47
503	47
504	43
505	41
506	41
507	35
508	45
509	36
510	42
511	48
512	40
513	48
514	48
515	60
516	50
517	56
518	50
519	54
520	51
521	64
522	65
523	45
524	56
525	46
526	63
527	57
528	54
529	62
530	73
531	69
532	73
533	59
534	67
535	56
536	73
537	75
538	73
539	76
540	91
541	68
542	68
543	73
544	87
545	80
546	82
547	100
548	90
549	94
550	90
551	88
552	94
553	97
554	87
555	97
556	83
557	99
558	84
559	104
560	92
561	110
562	90
563	103
564	90
565	98
566	107
567	97
568	105
569	93
570	106
571	107
572	138
573	107
574	105
575	97
576	155
577	128
578	115
579	108
580	120
581	114
582	128
583	126
584	128
585	104
586	110
587	117
588	124
589	125
590	148
591	150
592	131
593	157
594	145
595	140
596	160
597	153
598	119
599	147
600	148
601	138
602	155
603	139
604	141
605	129
606	147
607	155
608	151
609	153
610	149
611	163
612	156
613	163
614	170
615	158
616	163
617	157
618	146
619	165
620	142
621	150
622	179
623	177
624	167
625	184
626	171
627	147
628	191
629	181
630	175
631	171
632	162
633	174
634	166
635	174
636	178
637	164
638	178
639	171
640	189
641	178
642	207
643	177
644	192
645	171
646	168
647	194
648	186
649	201
650	213
651	186
652	201
653	193
654	221
655	201
656	179
657	209
658	204
659	166
660	167
661	195
662	189
663	223
664	188
665	192
666	205
667	190
668	210
669	197
670	187
671	211
672	209
673	245
674	189
675	216
676	209
677	186
678	169
679	211
680	220
681	208
682	183
683	179
684	203
685	219
686	181
687	222
688	224
689	202
690	219
691	228
692	198
693	213
694	206
695	210
696	204
697	177
698	201
699	213
700	247
701	181
702	234
703	205
704	207
705	210
706	221
707	201
708	205
709	193
710	193
711	197
712	235
713	206
714	204
715	199
716	243
717	209
718	200
719	220
720	234
721	208
722	238
723	202
724	218
725	242
726	193
727	214
728	218
729	202
730	201
731	233
732	199
733	231
734	206
735	212
736	233
737	201
738	207
739	231
740	229
741	202
742	249
743	203
744	231
745	213
746	210
747	234
748	217
749	218
750	221
751	243
752	213
753	187
754	213
755	221
756	228
757	226
758	202
759	220
760	194
761	232
762	228
763	210
764	196
765	209
766	220
767	235
768	201
769	198
770	223
771	212
772	221
773	226
774	204
775	244
776	216
777	226
778	206
779	245
780	237
781	218
782	207
783	207
784	219
785	237
786	186
787	225
788	228
789	220
790	205
791	224
792	196
793	216
794	236
795	252
796	242
797	194
798	209
799	233
800	222
801	232
802	224
803	224
804	200
805	238
806	219
807	227
808	237
809	203
810	217
811	223
812	220
813	210
814	225
815	226
816	213
817	189
818	225
819	223
820	234
821	207
822	221
823	199
824	227
825	197
826	218
827	204
828	218
829	247
830	209
831	223
832	222
833	216
834	234
835	219
836	205
837	216
838	212
839	190
840	216
841	222
842	201
843	226
844	231
845	221
846	225
847	239
848	227
849	219
850	232
851	229
852	211
853	199
854	203
855	215
856	204
857	213
858	219
859	228
860	221
861	198
862	222
863	217
864	239
865	221
866	244
867	204
868	220
869	212
870	219
871	217
872	222
873	237
874	237
875	215
876	215
877	212
878	210
879	201
880	195
881	235
882	212
883	191
884	255
885	211
886	226
887	202
888	203
889	204
890	219
891	217
892	221
893	213
894	224
895	234
896	251
897	210
898	233
899	201
900	223
901	219
902	214
903	223
904	202
905	229
906	197
907	240
908	246
909	207
910	216
911	232
912	185
913	202
914	215
915	231
916	224
917	240
918	188
919	228
920	217
921	218
922	226
923	194
924	246
925	202
926	212
927	221
928	255
929	211
930	247
931	244
932	229
933	254
934	217
935	223
936	224
937	221
938	236
939	219
940	227
941	224
942	239
943	224
944	221
945	225
946	223
947	220
948	231
949	211
950	220
951	216
952	223
953	207
954	226
955	201
956	212
957	208
958	203
959	232
960	231
961	217
962	245
963	254
964	246
965	229
966	234
967	207
968	216
969	179
970	215
971	227
972	206
973	221
974	215
975	217
976	223
977	203
978	217
979	226
980	218
981	237
982	232
983	231
984	242
985	214
986	217
987	223
988	223
989	225
990	232
991	206
992	200
993	250
994	217
995	221
996	229
997	243
998	240
999	224
1000	224
1001	221
1002	242
1003	225
1004	248
1005	219
1006	237
1007	216
1008	245
1009	230
1010	247
1011	237
1012	205
1013	219
1014	206
1015	224
1016	253
1017	211
1018	225
1019	225
1020	235
1021	243
1022	227
1023	230
1024	252
1025	235
1026	226
1027	233
1028	254
1029	224
1030	225
1031	213
1032	230
1033	226
1034	247
1035	206
1036	230
1037	208
1038	246
1039	213
1040	199
1041	229
1042	228
1043	223
1044	239
1045	267
1046	232
1047	237
1048	234
1049	203
1050	247
1051	235
1052	244
1053	255
1054	209
1055	218
1056	234
1057	225
1058	238
1059	230
1060	206
1061	237
1062	227
1063	221
1064	225
1065	244
1066	235
1067	208
1068	222
1069	231
1070	213
1071	214
1072	224
1073	214
1074	213
1075	221
1076	240
1077	254
1078	236
1079	241
1080	206
1081	259
1082	219
1083	239
1084	203
1085	229
1086	206
1087	234
1088	230
1089	228
1090	207
1091	248
1092	242
1093	265
1094	231
1095	243
1096	228
1097	233
1098	221
1099	195
1100	249
1101	227
1102	206
1103	243
1104	227
1105	245
1106	261
1107	250
1108	252
1109	229
1110	255
1111	271
1112	246
1113	239
1114	240
1115	242
1116	206
1117	246
1118	233
1119	258
1120	225
1121	241
1122	241
1123	232
1124	261
1125	237
1126	243
1127	241
1128	238
1129	246
1130	244
1131	240
1132	227
1133	206
1134	251
1135	231
1136	237
1137	254
1138	239
1139	234
1140	226
1141	253
1142	256
1143	218
1144	239
1145	232
1146	217
1147	213
1148	238
1149	223
1150	238
1151	225
1152	252
1153	199
1154	229
1155	235
1156	216
1157	218
1158	244
1159	257
1160	241
1161	259
1162	226
1163	225
1164	225
1165	215
1166	237
1167	234
1168	226
1169	268
1170	237
1171	249
1172	240
1173	240
1174	271
1175	245
1176	261
1177	222
1178	243
1179	241
1180	232
1181	224
1182	233
1183	218
1184	244
1185	231
1186	229
1187	236
1188	222
1189	248
1190	222
1191	214
1192	233
1193	221
1194	240
1195	236
1196	242
1197	225
1198	224
1199	258
1200	231
1201	221
1202	238
1203	229
1204	214
1205	241
1206	233
1207	227
1208	233
1209	221
1210	197
1211	195
1212	228
1213	210
1214	202
1215	228
1216	254
1217	231
1218	250
1219	220
1220	262
1221	194
1222	223
1223	235
1224	245
1225	262
1226	245
1227	246
1228	239
1229	232
1230	206
1231	222
1232	238
1233	226
1234	245
1235	243
1236	232
1237	227
1238	260
1239	235
1240	226
1241	212
1242	243
1243	241
1244	220
1245	233
1246	235
1247	245
1248	243
1249	229
1250	241
1251	218
1252	234
1253	226
1254	250
1255	225
1256	263
1257	225
1258	218
1259	222
1260	257
1261	239
1262	214
1263	224
1264	234
1265	243
1266	213
1267	226
1268	246
1269	212
1270	241
1271	245
1272	218
1273	239
1274	217
1275	234
1276	214
1277	230
1278	222
1279	238
1280	199
1281	216
1282	192
1283	219
1284	236
1285	228
1286	215
1287	229
1288	236
1289	209
1290	264
1291	218
1292	208
1293	222
1294	215
1295	242
1296	240
1297	252
1298	241
1299	234
1300	246
1301	244
1302	210
1303	246
1304	237
1305	246
1306	212
1307	221
1308	240
1309	225
1310	269
1311	254
1312	231
1313	218
1314	228
1315	228
1316	245
1317	232
1318	255
1319	265
1320	234
1321	205
1322	245
1323	228
1324	210
1325	238
1326	228
1327	261
1328	240
1329	205
1330	251
1331	196
1332	236
1333	223
1334	216
1335	236
1336	239
1337	224
1338	262
1339	238
1340	233
1341	228
1342	244
1343	256
1344	256
1345	237
1346	217
1347	238
1348	233
1349	241
1350	218
1351	253
1352	223
1353	238
1354	214
1355	209
1356	215
1357	227
1358	235
1359	245
1360	259
1361	215
1362	238
1363	222
1364	249
1365	225
1366	249
1367	211
1368	282
1369	227
1370	222
1371	227
1372	244
1373	236
1374	228
1375	226
1376	234
1377	227
1378	205
1379	225
1380	211
1381	221
1382	223
1383	237
1384	259
1385	219
1386	247
1387	201
1388	249
1389	242
1390	232
1391	257
1392	219
1393	232
1394	232
1395	245
1396	265
1397	235
1398	252
1399	228
1400	237
1401	258
1402	231
1403	240
1404	243
1405	230
1406	245
1407	239
1408	240
1409	211
1410	218
1411	228
1412	242
1413	209
1414	217
1415	227
1416	237
1417	207
1418	253
1419	230
1420	237
1421	243
1422	224
1423	200
1424	227
1425	242
1426	246
1427	228
1428	216
1429	237
1430	255
1431	253
1432	230
1433	215
1434	226
1435	256
1436	219
1437	222
1438	239
1439	252
1440	220
1441	232
1442	224
1443	224
1444	243
1445	270
1446	240
1447	203
1448	220
1449	222
1450	213
1451	226
1452	228
1453	200
1454	230
1455	214
1456	224
1457	220
1458	228
1459	256
1460	236
1461	236
1462	239
1463	237
1464	224
1465	223
1466	218
1467	250
1468	230
1469	256
1470	227
1471	219
1472	234
1473	214
1474	236
1475	240
1476	257
1477	262
1478	253
1479	249
1480	212
1481	226
1482	228
1483	237
1484	233
1485	230
1486	216
1487	238
1488	244
1489	205
1490	247
1491	221
1492	209
1493	259
1494	250
1495	236
1496	246
1497	225
1498	222
1499	256
1500	236
1501	248
1502	227
1503	259
1504	256
1505	238
1506	237
1507	218
1508	250
1509	231
1510	227
1511	248
1512	249
1513	253
1514	245
1515	217
1516	252
1517	240
1518	238
1519	252
1520	247
1521	203
1522	215
1523	263
1524	221
1525	243
1526	212
1527	242
1528	244
1529	232
1530	245
1531	236
1532	240
1533	236
1534	271
1535	239
1536	243
1537	252
1538	259
1539	203
1540	221
1541	241
1542	263
1543	238
1544	228
1545	236
1546	252
1547	242
1548	237
1549	246
1550	251
1551	249
1552	239
1553	236
1554	258
1555	265
1556	238
1557	259
1558	236
1559	234
1560	251
1561	262
1562	258
1563	251
1564	251
1565	229
1566	235
1567	216
1568	219
1569	248
1570	228
1571	248
1572	246
1573	250
1574	260
1575	229
1576	219
1577	270
1578	244
1579	245
1580	240
1581	259
1582	220
1583	230
1584	246
1585	251
1586	257
1587	233
1588	255
1589	230
1590	257
1591	253
1592	257
1593	245
1594	249
1595	245
1596	242
1597	229
1598	260
1599	273
1600	233
1601	251
1602	253
1603	218
1604	254
1605	262
1606	201
1607	235
1608	261
1609	252
1610	236
1611	262
1612	242
1613	279
1614	216
1615	216
1616	262
1617	242
1618	274
1619	279
1620	270
1621	246
1622	255
1623	272
1624	231
1625	253
1626	268
1627	234
1628	229
1629	253
1630	259
1631	257
1632	238
1633	226
1634	231
1635	255
1636	223
1637	253
1638	239
1639	249
1640	245
1641	239
1642	241
1643	268
1644	262
1645	249
1646	222
1647	228
1648	253
1649	232
1650	235
1651	225
1652	251
1653	265
1654	246
1655	245
1656	250
1657	271
1658	218
1659	240
1660	279
1661	233
1662	263
1663	230
1664	254
1665	251
1666	278
1667	229
1668	223
1669	229
1670	245
1671	223
1672	230
1673	247
1674	266
1675	253
1676	243
1677	246
1678	237
1679	269
1680	244
1681	242
1682	263
1683	272
1684	248
1685	255
1686	219
1687	268
1688	227
1689	255
1690	228
1691	251
1692	237
1693	258
1694	273
1695	242
1696	255
1697	235
1698	271
1699	242
1700	275
1701	235
1702	255
1703	261
1704	271
1705	245
1706	240
1707	251
1708	254
1709	245
1710	266
1711	239
1712	259
1713	228
1714	235
1715	252
1716	263
1717	271
1718	237
1719	250
1720	222
1721	237
1722	230
1723	244
1724	265
1725	274
1726	264
1727	255
1728	233
1729	269
1730	244
1731	243
1732	244
1733	249
1734	259
1735	234
1736	267
1737	272
1738	244
1739	259
1740	254
1741	243
1742	223
1743	258
1744	249
1745	240
1746	252
1747	277
1748	265
1749	236
1750	295
1751	276
1752	260
1753	265
1754	237
1755	248
1756	211
1757	251
1758	252
1759	278
1760	228
1761	252
1762	281
1763	266
1764	271
1765	267
1766	283
1767	246
1768	281
1769	233
1770	249
1771	259
1772	226
1773	260
1774	215
1775	265
1776	248
1777	248
1778	248
1779	233
1780	245
1781	261
1782	240
1783	278
1784	244
1785	257
1786	256
1787	243
1788	253
1789	272
1790	257
1791	258
1792	239
1793	244
1794	242
1795	261
1796	254
1797	275
1798	295
1799	271
1800	261
1801	255
1802	263
1803	258
1804	259
1805	264
1806	240
1807	249
1808	257
1809	287
1810	291
1811	295
1812	241
1813	276
1814	256
1815	251
1816	274
1817	247
1818	255
1819	249
1820	251
1821	255
1822	244
1823	251
1824	275
1825	271
1826	263
1827	270
1828	252
1829	268
1830	247
1831	244
1832	251
1833	261
1834	258
1835	279
1836	267
1837	238
1838	302
1839	232
1840	251
1841	244
1842	238
1843	262
1844	251
1845	246
1846	222
1847	233
1848	263
1849	258
1850	250
1851	290
1852	247
1853	254
1854	285
1855	256
1856	259
1857	273
1858	301
1859	270
1860	270
1861	258
1862	242
1863	243
1864	258
1865	250
1866	251
1867	252
1868	255
1869	294
1870	274
1871	252
1872	272
1873	252
1874	262
1875	278
1876	263
1877	230
1878	249
1879	272
1880	258
1881	256
1882	223
1883	282
1884	250
1885	286
1886	242
1887	244
1888	259
1889	252
1890	259
1891	254
1892	289
1893	272
1894	241
1895	281
1896	284
1897	282
1898	291
1899	302
1900	266
1901	251
1902	246
1903	247
1904	261
1905	254
1906	245
1907	246
1908	227
1909	269
1910	239
1911	281
1912	288
1913	283
1914	261
1915	240
1916	243
1917	255
1918	271
1919	275
1920	239
1921	275
1922	249
1923	266
1924	270
1925	231
1926	258
1927	267
1928	270
1929	304
1930	277
1931	255
1932	278
1933	253
1934	278
1935	262
1936	277
1937	253
1938	263
1939	247
1940	234
1941	257
1942	265
1943	257
1944	298
1945	232
1946	240
1947	254
1948	287
1949	238
1950	241
1951	281
1952	257
1953	274
1954	258
1955	241
1956	251
1957	249
1958	247
1959	263
1960	273
1961	251
1962	249
1963	233
1964	247
1965	247
1966	276
1967	258
1968	257
1969	260
1970	257
1971	246
1972	248
1973	247
1974	273
1975	247
1976	258
1977	252
1978	235
1979	258
1980	247
1981	266
1982	261
1983	273
1984	273
1985	270
1986	264
1987	256
1988	260
1989	265
1990	268
1991	276
1992	265
1993	273
1994	268
1995	291
1996	242
1997	268
1998	246
1999	274
2000	267
2001	250
2002	250
2003	250
2004	235
2005	242
2006	294
2007	271
2008	291
2009	247
2010	240
2011	246
2012	276
2013	259
2014	278
2015	231
2016	293
2017	269
2018	269
2019	269
2020	252
2021	299
2022	274
2023	265
2024	254
2025	258
2026	270
2027	269
2028	267
2029	232
2030	255
2031	246
2032	270
2033	255
2034	269
2035	270
2036	251
2037	242
2038	245
2039	279
2040	279
2041	238
2042	288
2043	242
2044	234
2045	263
2046	268
2047	236
2048	263
2049	239
2050	248
2051	292
2052	283
2053	235
2054	264
2055	247
2056	246
2057	250
2058	241
2059	279
2060	265
2061	237
2062	247
2063	250
2064	274
2065	288
2066	262
2067	260
2068	235
2069	264
2070	286
2071	274
2072	269
2073	273
2074	260
2075	232
2076	272
2077	246
2078	243
2079	237
2080	261
2081	244
2082	268
2083	253
2084	276
2085	238
2086	274
2087	262
2088	255
2089	285
2090	251
2091	228
2092	263
2093	282
2094	262
2095	273
2096	257
2097	240
2098	260
2099	254
2100	241
2101	275
2102	246
2103	266
2104	250
2105	229
2106	261
2107	257
2108	251
2109	277
2110	258
2111	247
2112	255
2113	277
2114	250
2115	246
2116	257
2117	281
2118	282
2119	276
2120	306
2121	240
2122	270
2123	246
2124	262
2125	264
2126	261
2127	263
2128	261
2129	249
2130	278
2131	262
2132	269
2133	248
2134	246
2135	249
2136	251
2137	323
2138	248
2139	236
2140	260
2141	266
2142	261
2143	268
2144	275
2145	231
2146	271
2147	283
2148	243
2149	281
2150	290
2151	268
2152	262
2153	258
2154	302
2155	259
2156	275
2157	249
2158	288
2159	264
2160	246
2161	284
2162	263
2163	270
2164	260
2165	275
2166	267
2167	264
2168	265
2169	246
2170	265
2171	276
2172	251
2173	268
2174	264
2175	272
2176	262
2177	266
2178	286
2179	232
2180	284
2181	244
2182	274
2183	255
2184	254
2185	271
2186	263
2187	246
2188	260
2189	266
2190	276
2191	255
2192	238
2193	252
2194	284
2195	274
2196	303
2197	263
2198	258
2199	286
2200	278
2201	298
2202	255
2203	280
2204	262
2205	264
2206	272
2207	248
2208	289
2209	277
2210	246
2211	279
2212	284
2213	241
2214	268
2215	289
2216	245
2217	268
2218	258
2219	243
2220	259
2221	264
2222	281
2223	240
2224	283
2225	265
2226	272
2227	281
2228	260
2229	273
2230	267
2231	270
2232	250
2233	258
2234	255
2235	271
2236	264
2237	272
2238	245
2239	255
2240	272
2241	271
2242	272
2243	262
2244	256
2245	271
2246	275
2247	264
2248	298
2249	277
2250	306
2251	292
2252	255
2253	286
2254	265
2255	294
2256	260
2257	290
2258	262
2259	260
2260	279
2261	278
2262	267
2263	284
2264	265
2265	276
2266	285
2267	291
2268	258
2269	273
2270	259
2271	292
2272	288
2273	262
2274	264
2275	258
2276	303
2277	310
2278	276
2279	243
2280	271
2281	247
2282	282
2283	267
2284	286
2285	285
2286	290
2287	297
2288	256
2289	274
2290	277
2291	308
2292	322
2293	323
2294	279
2295	289
2296	252
2297	299
2298	286
2299	265
2300	284
2301	305
2302	290
2303	301
2304	297
2305	314
2306	313
2307	301
2308	280
2309	282
2310	270
2311	300
2312	271
2313	316
2314	285
2315	306
2316	281
2317	293
2318	321
2319	264
2320	277
2321	293
2322	279
2323	288
2324	311
2325	276
2326	283
2327	269
2328	299
2329	289
2330	314
2331	272
2332	272
2333	310
2334	308
2335	314
2336	299
2337	307
2338	283
2339	290
2340	276
2341	301
2342	280
2343	315
2344	297
2345	286
2346	280
2347	315
2348	311
2349	319
2350	338
2351	301
2352	278
2353	312
2354	333
2355	316
2356	329
2357	312
2358	307
2359	308
2360	306
2361	301
2362	308
2363	299
2364	335
2365	344
2366	295
2367	328
2368	303
2369	305
2370	306
2371	316
2372	277
2373	298
2374	315
2375	297
2376	339
2377	336
2378	292
2379	318
2380	308
2381	323
2382	309
2383	352
2384	295
2385	337
2386	346
2387	310
2388	343
2389	328
2390	334
2391	352
2392	331
2393	337
2394	323
2395	305
2396	303
2397	343
2398	348
2399	337
2400	352
2401	315
2402	367
2403	307
2404	332
2405	331
2406	342
2407	324
2408	353
2409	374
2410	325
2411	363
2412	306
2413	366
2414	378
2415	350
2416	324
2417	361
2418	363
2419	321
2420	391
2421	328
2422	355
2423	328
2424	371
2425	376
2426	337
2427	311
2428	324
2429	364
2430	349
2431	365
2432	326
2433	361
2434	348
2435	389
2436	390
2437	343
2438	380
2439	365
2440	378
2441	351
2442	352
2443	359
2444	361
2445	388
2446	369
2447	382
2448	372
2449	387
2450	390
2451	372
2452	364
2453	353
2454	361
2455	365
2456	370
2457	388
2458	394
2459	407
2460	367
2461	325
2462	415
2463	367
2464	387
2465	379
2466	355
2467	405
2468	367
2469	415
2470	419
2471	333
2472	383
2473	399
2474	395
2475	389
2476	359
2477	370
2478	403
2479	393
2480	385
2481	378
2482	396
2483	426
2484	366
2485	417
2486	393
2487	395
2488	364
2489	407
2490	384
2491	383
2492	409
2493	388
2494	347
2495	384
2496	409
2497	414
2498	400
2499	372
2500	385
2501	382
2502	449
2503	406
2504	409
2505	378
2506	411
2507	413
2508	391
2509	375
2510	426
2511	361
2512	369
2513	410
2514	393
2515	363
2516	402
2517	414
2518	351
2519	391
2520	431
2521	409
2522	414
2523	432
2524	420
2525	389
2526	387
2527	443
2528	377
2529	413
2530	390
2531	407
2532	438
2533	390
2534	376
2535	436
2536	358
2537	441
2538	418
2539	460
2540	389
2541	396
2542	382
2543	394
2544	423
2545	403
2546	382
2547	408
2548	387
2549	379
2550	428
2551	404
2552	399
2553	394
2554	399
2555	424
2556	389
2557	435
2558	380
2559	401
2560	408
2561	431
2562	398
2563	385
2564	433
2565	382
2566	431
2567	432
2568	430
2569	384
2570	357
2571	391
2572	407
2573	422
2574	386
2575	413
2576	403
2577	378
2578	374
2579	387
2580	400
2581	401
2582	408
2583	416
2584	429
2585	408
2586	373
2587	415
2588	425
2589	412
2590	435
2591	379
2592	418
2593	416
2594	431
2595	383
2596	358
2597	417
2598	434
2599	420
2600	432
2601	426
2602	418
2603	385
2604	405
2605	409
2606	388
2607	419
2608	435
2609	378
2610	410
2611	423
2612	415
2613	407
2614	399
2615	412
2616	450
2617	409
2618	406
2619	400
2620	391
2621	392
2622	354
2623	400
2624	399
2625	414
2626	407
2627	418
2628	389
2629	414
2630	401
2631	408
2632	379
2633	405
2634	404
2635	421
2636	393
2637	386
2638	418
2639	391
2640	392
2641	389
2642	412
2643	396
2644	395
2645	434
2646	414
2647	377
2648	398
2649	398
2650	423
2651	420
2652	377
2653	361
2654	385
2655	388
2656	394
2657	389
2658	401
2659	362
2660	393
2661	389
2662	452
2663	383
2664	438
2665	364
2666	385
2667	386
2668	365
2669	377
2670	377
2671	389
2672	389
2673	372
2674	374
2675	417
2676	384
2677	385
2678	387
2679	394
2680	395
2681	380
2682	414
2683	384
2684	381
2685	402
2686	402
2687	351
2688	397
2689	377
2690	401
2691	384
2692	374
2693	392
2694	379
2695	370
2696	390
2697	333
2698	398
2699	366
2700	405
2701	426
2702	385
2703	370
2704	326
2705	383
2706	359
2707	436
2708	393
2709	420
2710	389
2711	379
2712	422
2713	420
2714	332
2715	374
2716	382
2717	408
2718	398
2719	406
2720	372
2721	389
2722	364
2723	394
2724	402
2725	408
2726	361
2727	382
2728	358
2729	405
2730	359
2731	379
2732	379
2733	410
2734	351
2735	375
2736	375
2737	359
2738	357
2739	381
2740	339
2741	380
2742	377
2743	362
2744	366
2745	356
2746	362
2747	362
2748	380
2749	370
2750	387
2751	346
2752	379
2753	373
2754	372
2755	336
2756	349
2757	365
2758	388
2759	373
2760	359
2761	373
2762	348
2763	374
2764	345
2765	324
2766	363
2767	386
2768	337
2769	365
2770	410
2771	369
2772	325
2773	369
2774	357
2775	335
2776	336
2777	350
2778	360
2779	358
2780	354
2781	383
2782	347
2783	362
2784	396
2785	364
2786	364
2787	347
2788	385
2789	342
2790	363
2791	370
2792	375
2793	356
2794	361
2795	374
2796	370
2797	368
2798	343
2799	370
2800	358
2801	373
2802	355
2803	377
2804	354
2805	341
2806	322
2807	356
2808	371
2809	357
2810	293
2811	325
2812	363
2813	349
2814	315
2815	371
2816	384
2817	335
2818	352
2819	347
2820	334
2821	341
2822	360
2823	335
2824	303
2825	334
2826	357
2827	363
2828	341
2829	362
2830	354
2831	320
2832	347
2833	348
2834	355
2835	310
2836	314
2837	346
2838	342
2839	363
2840	335
2841	340
2842	346
2843	325
2844	349
2845	343
2846	359
2847	339
2848	354
2849	301
2850	331
2851	347
2852	348
2853	331
2854	365
2855	353
2856	337
2857	354
2858	369
2859	354
2860	324
2861	348
2862	335
2863	332
2864	339
2865	383
2866	312
2867	314
2868	371
2869	370
2870	341
2871	332
2872	360
2873	349
2874	341
2875	313
2876	327
2877	327
2878	341
2879	306
2880	323
2881	363
2882	332
2883	346
2884	330
2885	324
2886	347
2887	369
2888	351
2889	297
2890	326
2891	357
2892	345
2893	350
2894	330
2895	325
2896	310
2897	335
2898	325
2899	340
2900	329
2901	338
2902	326
2903	343
2904	333
2905	346
2906	326
2907	308
2908	320
2909	333
2910	315
2911	332
2912	319
2913	329
2914	330
2915	346
2916	335
2917	348
2918	330
2919	353
2920	302
2921	338
2922	316
2923	310
2924	308
2925	346
2926	347
2927	324
2928	351
2929	317
2930	305
2931	343
2932	334
2933	310
2934	328
2935	327
2936	322
2937	315
2938	337
2939	320
2940	340
2941	290
2942	322
2943	320
2944	316
2945	342
2946	334
2947	322
2948	295
2949	314
2950	346
2951	345
2952	340
2953	363
2954	305
2955	339
2956	339
2957	343
2958	332
2959	302
2960	366
2961	295
2962	324
2963	306
2964	322
2965	306
2966	361
2967	337
2968	341
2969	326
2970	337
2971	312
2972	296
2973	314
2974	315
2975	300
2976	325
2977	344
2978	315
2979	297
2980	316
2981	320
2982	322
2983	354
2984	328
2985	326
2986	340
2987	351
2988	312
2989	334
2990	299
2991	323
2992	298
2993	329
2994	345
2995	318
2996	328
2997	313
2998	310
2999	333
3000	306
3001	312
3002	305
3003	335
3004	325
3005	347
3006	327
3007	313
3008	305
3009	339
3010	305
3011	315
3012	311
3013	317
3014	324
3015	288
3016	344
3017	314
3018	300
3019	330
3020	329
3021	321
3022	347
3023	304
3024	309
3025	310
3026	329
3027	311
3028	308
3029	292
3030	305
3031	302
3032	338
3033	310
3034	306
3035	328
3036	330
3037	326
3038	319
3039	324
3040	320
3041	340
3042	316
3043	341
3044	284
3045	302
3046	324
3047	343
3048	325
3049	328
3050	312
3051	327
3052	302
3053	304
3054	330
3055	303
3056	364
3057	320
3058	334
3059	287
3060	299
3061	344
3062	327
3063	324
3064	319
3065	325
3066	356
3067	306
3068	303
3069	333
3070	313
3071	339
3072	334
3073	334
3074	309
3075	319
3076	273
3077	319
3078	314
3079	319
3080	341
3081	314
3082	307
3083	298
3084	302
3085	294
3086	374
3087	310
3088	306
3089	308
3090	297
3091	317
3092	318
3093	337
3094	288
3095	303
3096	294
3097	313
3098	312
3099	316
3100	317
3101	296
3102	286
3103	300
3104	311
3105	335
3106	298
3107	316
3108	335
3109	334
3110	323
3111	314
3112	329
3113	300
3114	307
3115	337
3116	293
3117	278
3118	288
3119	329
3120	295
3121	329
3122	322
3123	306
3124	342
3125	290
3126	335
3127	283
3128	300
3129	295
3130	325
3131	342
3132	310
3133	318
3134	297
3135	305
3136	312
3137	318
3138	323
3139	324
3140	318
3141	304
3142	300
3143	320
3144	288
3145	344
3146	340
3147	333
3148	296
3149	325
3150	316
3151	283
3152	302
3153	325
3154	324
3155	326
3156	315
3157	298
3158	332
3159	304
3160	349
3161	330
3162	317
3163	305
3164	311
3165	327
3166	311
3167	318
3168	331
3169	262
3170	306
3171	306
3172	295
3173	331
3174	285
3175	293
3176	334
3177	323
3178	287
3179	279
3180	285
3181	320
3182	313
3183	292
3184	305
3185	314
3186	313
3187	307
3188	323
3189	283
3190	337
3191	331
3192	294
3193	266
3194	312
3195	325
3196	328
3197	316
3198	303
3199	331
3200	289
3201	285
3202	292
3203	312
3204	305
3205	330
3206	300
3207	299
3208	323
3209	302
3210	293
3211	325
3212	322
3213	304
3214	309
3215	318
3216	281
3217	270
3218	317
3219	308
3220	315
3221	317
3222	342
3223	309
3224	319
3225	321
3226	320
3227	295
3228	270
3229	297
3230	320
3231	324
3232	306
3233	282
3234	308
3235	314
3236	284
3237	271
3238	247
3239	309
3240	301
3241	312
3242	263
3243	318
3244	318
3245	290
3246	340
3247	281
3248	285
3249	293
3250	293
3251	278
3252	297
3253	279
3254	291
3255	309
3256	316
3257	291
3258	311
3259	327
3260	288
3261	286
3262	332
3263	281
3264	284
3265	324
3266	310
3267	297
3268	293
3269	296
3270	283
3271	283
3272	289
3273	286
3274	280
3275	307
3276	265
3277	284
3278	282
3279	297
3280	264
3281	291
3282	275
3283	267
3284	252
3285	268
3286	298
3287	281
3288	277
3289	263
3290	277
3291	282
3292	265
3293	306
3294	304
3295	311
3296	300
3297	283
3298	283
3299	258
3300	300
3301	286
3302	277
3303	307
3304	292
3305	291
3306	296
3307	297
3308	295
3309	268
3310	284
3311	297
3312	299
3313	272
3314	272
3315	299
3316	290
3317	291
3318	282
3319	285
3320	304
3321	288
3322	257
3323	262
3324	291
3325	279
3326	283
3327	290
3328	269
3329	290
3330	341
3331	307
3332	288
3333	289
3334	303
3335	284
3336	278
3337	325
3338	270
3339	271
3340	287
3341	287
3342	276
3343	314
3344	265
3345	331
3346	264
3347	298
3348	289
3349	276
3350	318
3351	292
3352	276
3353	289
3354	289
3355	273
3356	297
3357	281
3358	244
3359	257
3360	285
3361	295
3362	290
3363	272
3364	290
3365	284
3366	259
3367	286
3368	294
3369	262
3370	266
3371	267
3372	272
3373	309
3374	259
3375	290
3376	294
3377	265
3378	298
3379	266
3380	286
3381	271
3382	259
3383	287
3384	295
3385	291
3386	283
3387	240
3388	265
3389	259
3390	294
3391	302
3392	271
3393	283
3394	298
3395	255
3396	276
3397	277
3398	275
3399	268
3400	291
3401	242
3402	248
3403	263
3404	263
3405	288
3406	240
3407	281
3408	268
3409	270
3410	295
3411	261
3412	269
3413	291
3414	264
3415	253
3416	289
3417	280
3418	258
3419	269
3420	271
3421	232
3422	247
3423	245
3424	261
3425	268
3426	278
3427	277
3428	261
3429	246
3430	243
3431	285
3432	268
3433	281
3434	265
3435	284
3436	266
3437	295
3438	274
3439	259
3440	304
3441	238
3442	264
3443	266
3444	256
3445	262
3446	262
3447	287
3448	264
3449	283
3450	254
3451	277
3452	248
3453	259
3454	297
3455	242
3456	256
3457	271
3458	252
3459	224
3460	292
3461	300
3462	263
3463	258
3464	250
3465	251
3466	274
3467	298
3468	268
3469	238
3470	275
3471	276
3472	272
3473	259
3474	266
3475	304
3476	254
3477	247
3478	293
3479	273
3480	270
3481	280
3482	260
3483	270
3484	279
3485	251
3486	297
3487	278
3488	241
3489	271
3490	295
3491	277
3492	243
3493	275
3494	245
3495	260
3496	252
3497	266
3498	271
3499	278
3500	274
3501	245
3502	252
3503	266
3504	268
3505	252
3506	245
3507	266
3508	263
3509	258
3510	254
3511	254
3512	251
3513	264
3514	313
3515	275
3516	266
3517	263
3518	273
3519	259
3520	241
3521	265
3522	248
3523	240
3524	260
3525	269
3526	245
3527	259
3528	250
3529	267
3530	256
3531	241
3532	248
3533	257
3534	227
3535	266
3536	250
3537	259
3538	257
3539	259
3540	256
3541	241
3542	267
3543	270
3544	247
3545	267
3546	247
3547	244
3548	268
3549	274
3550	273
3551	253
3552	259
3553	247
3554	267
3555	279
3556	241
3557	237
3558	289
3559	258
3560	268
3561	291
3562	277
3563	237
3564	265
3565	245
3566	273
3567	275
3568	247
3569	259
3570	248
3571	252
3572	252
3573	240
3574	252
3575	278
3576	243
3577	268
3578	249
3579	256
3580	251
3581	251
3582	268
3583	238
3584	239
3585	255
3586	250
3587	254
3588	252
3589	243
3590	264
3591	259
3592	231
3593	231
3594	269
3595	279
3596	271
3597	225
3598	269
3599	231
3600	231
3601	232
3602	238
3603	271
3604	277
3605	237
3606	261
3607	211
3608	222
3609	243
3610	223
3611	273
3612	284
3613	258
3614	248
3615	244
3616	264
3617	277
3618	228
3619	258
3620	230
3621	260
3622	265
3623	237
3624	230
3625	244
3626	266
3627	244
3628	237
3629	243
3630	230
3631	255
3632	231
3633	254
3634	228
3635	235
3636	235
3637	255
3638	232
3639	238
3640	268
3641	252
3642	229
3643	267
3644	260
3645	258
3646	246
3647	266
3648	221
3649	253
3650	275
3651	233
3652	287
3653	241
3654	243
3655	250
3656	245
3657	243
3658	223
3659	259
3660	240
3661	236
3662	258
3663	251
3664	247
3665	264
3666	238
3667	296
3668	260
3669	265
3670	245
3671	255
3672	243
3673	246
3674	247
3675	259
3676	245
3677	259
3678	233
3679	262
3680	235
3681	218
3682	245
3683	246
3684	249
3685	226
3686	238
3687	240
3688	236
3689	232
3690	226
3691	258
3692	234
3693	288
3694	224
3695	262
3696	253
3697	246
3698	267
3699	258
3700	234
3701	267
3702	255
3703	249
3704	225
3705	231
3706	241
3707	252
3708	243
3709	246
3710	233
3711	230
3712	258
3713	238
3714	250
3715	281
3716	229
3717	239
3718	235
3719	230
3720	226
3721	269
3722	249
3723	282
3724	236
3725	236
3726	261
3727	230
3728	242
3729	259
3730	235
3731	242
3732	234
3733	228
3734	230
3735	243
3736	244
3737	267
3738	247
3739	233
3740	238
3741	235
3742	244
3743	241
3744	248
3745	250
3746	245
3747	223
3748	223
3749	238
3750	213
3751	240
3752	218
3753	252
3754	217
3755	254
3756	237
3757	204
3758	238
3759	211
3760	240
3761	220
3762	239
3763	260
3764	273
3765	243
3766	247
3767	260
3768	250
3769	250
3770	228
3771	253
3772	239
3773	243
3774	234
3775	268
3776	227
3777	225
3778	201
3779	226
3780	230
3781	252
3782	244
3783	225
3784	225
3785	250
3786	241
3787	238
3788	234
3789	231
3790	250
3791	226
3792	254
3793	232
3794	261
3795	263
3796	249
3797	248
3798	214
3799	249
3800	241
3801	242
3802	219
3803	250
3804	220
3805	222
3806	234
3807	225
3808	253
3809	232
3810	235
3811	235
3812	231
3813	259
3814	260
3815	242
3816	206
3817	217
3818	260
3819	241
3820	238
3821	223
3822	241
3823	242
3824	208
3825	225
3826	235
3827	244
3828	219
3829	230
3830	226
3831	218
3832	231
3833	225
3834	257
3835	213
3836	223
3837	242
3838	226
3839	231
3840	206
3841	243
3842	263
3843	227
3844	238
3845	231
3846	237
3847	234
3848	243
3849	235
3850	229
3851	254
3852	237
3853	254
3854	223
3855	218
3856	246
3857	240
3858	246
3859	212
3860	219
3861	256
3862	240
3863	244
3864	265
3865	218
3866	224
3867	213
3868	228
3869	233
3870	223
3871	250
3872	214
3873	230
3874	267
3875	261
3876	210
3877	248
3878	240
3879	204
3880	221
3881	248
3882	255
3883	229
3884	219
3885	232
3886	224
3887	245
3888	238
3889	267
3890	214
3891	240
3892	229
3893	223
3894	239
3895	234
3896	256
3897	236
3898	234
3899	224
3900	241
3901	232
3902	255
3903	216
3904	254
3905	265
3906	249
3907	234
3908	250
3909	249
3910	225
3911	212
3912	221
3913	237
3914	236
3915	216
3916	228
3917	220
3918	207
3919	229
3920	241
3921	242
3922	224
3923	254
3924	218
3925	241
3926	248
3927	218
3928	217
3929	205
3930	226
3931	237
3932	247
3933	234
3934	234
3935	226
3936	243
3937	226
3938	270
3939	209
3940	222
3941	245
3942	233
3943	234
3944	208
3945	247
3946	252
3947	202
3948	225
3949	252
3950	220
3951	227
3952	245
3953	217
3954	237
3955	221
3956	230
3957	244
3958	252
3959	243
3960	211
3961	198
3962	219
3963	213
3964	243
3965	234
3966	218
3967	225
3968	203
3969	217
3970	239
3971	237
3972	201
3973	228
3974	234
3975	215
3976	227
3977	252
3978	208
3979	218
3980	244
3981	252
3982	246
3983	242
3984	208
3985	235
3986	229
3987	224
3988	227
3989	232
3990	256
3991	233
3992	225
3993	206
3994	213
3995	251
3996	231
3997	222
3998	220
3999	238
4000	233
4001	211
4002	243
4003	218
4004	220
4005	216
4006	189
4007	196
4008	230
4009	271
4010	209
4011	234
4012	244
4013	259
4014	214
4015	217
4016	232
4017	215
4018	194
4019	237
4020	198
4021	230
4022	210
4023	211
4024	255
4025	244
4026	223
4027	249
4028	215
4029	212
4030	230
4031	256
4032	224
4033	209
4034	236
4035	218
4036	203
4037	224
4038	239
4039	208
4040	243
4041	240
4042	224
4043	208
4044	217
4045	226
4046	222
4047	261
4048	231
4049	217
4050	220
4051	245
4052	212
4053	209
4054	236
4055	224
4056	215
4057	230
4058	204
4059	244
4060	237
4061	236
4062	208
4063	230
4064	211
4065	237
4066	242
4067	205
4068	238
4069	216
4070	196
4071	223
4072	236
4073	243
4074	248
4075	216
4076	219
4077	221
4078	218
4079	229
4080	241
4081	247
4082	223
4083	251
4084	215
4085	233
4086	224
4087	238
4088	199
4089	239
4090	211
4091	205
4092	240
4093	228
4094	241
4095	210
4096	242
4097	213
4098	229
4099	241
4100	213
4101	243
4102	219
4103	233
4104	242
4105	247
4106	256
4107	221
4108	225
4109	222
4110	220
4111	238
4112	248
4113	196
4114	256
4115	244
4116	233
4117	239
4118	227
4119	227
4120	245
4121	225
4122	250
4123	232
4124	229
4125	209
4126	223
4127	274
4128	222
4129	211
4130	201
4131	227
4132	239
4133	234
4134	233
4135	231
4136	233
4137	259
4138	239
4139	222
4140	209
4141	230
4142	236
4143	205
4144	245
4145	214
4146	208
4147	246
4148	217
4149	229
4150	224
4151	231
4152	227
4153	248
4154	227
4155	206
4156	223
4157	236
4158	243
4159	258
4160	223
4161	224
4162	232
4163	230
4164	216
4165	223
4166	234
4167	221
4168	228
4169	228
4170	233
4171	235
4172	219
4173	192
4174	235
4175	217
4176	223
4177	233
4178	200
4179	223
4180	212
4181	232
4182	254
4183	254
4184	223
4185	211
4186	221
4187	223
4188	233
4189	280
4190	230
4191	203
4192	236
4193	245
4194	223
4195	222
4196	247
4197	249
4198	218
4199	215
4200	227
4201	233
4202	231
4203	228
4204	245
4205	228
4206	202
4207	227
4208	226
4209	252
4210	242
4211	205
4212	240
4213	210
4214	219
4215	206
4216	215
4217	212
4218	228
4219	223
4220	235
4221	230
4222	218
4223	219
4224	214
4225	223
4226	234
4227	215
4228	238
4229	230
4230	229
4231	235
4232	223
4233	228
4234	221
4235	209
4236	224
4237	235
4238	225
4239	234
4240	215
4241	225
4242	240
4243	222
4244	231
4245	236
4246	207
4247	214
4248	213
4249	229
4250	216
4251	229
4252	234
4253	232
4254	212
4255	189
4256	234
4257	240
4258	214
4259	227
4260	208
4261	215
4262	214
4263	229
4264	231
4265	226
4266	211
4267	241
4268	229
4269	251
4270	224
4271	218
4272	226
4273	220
4274	225
4275	228
4276	205
4277	227
4278	234
4279	223
4280	250
4281	206
4282	218
4283	251
4284	242
4285	205
4286	229
4287	252
4288	233
4289	225
4290	219
4291	223
4292	230
4293	209
4294	212
4295	204
4296	244
4297	223
4298	236
4299	232
4300	252
4301	215
4302	234
4303	206
4304	226
4305	230
4306	214
4307	207
4308	222
4309	234
4310	222
4311	230
4312	239
4313	244
4314	222
4315	230
4316	237
4317	226
4318	250
4319	257
4320	237
4321	218
4322	213
4323	212
4324	232
4325	249
4326	205
4327	221
4328	239
4329	218
4330	231
4331	228
4332	224
4333	211
4334	221
4335	207
4336	251
4337	224
4338	218
4339	238
4340	239
4341	223
4342	212
4343	240
4344	212
4345	241
4346	226
4347	243
4348	240
4349	219
4350	220
4351	216
4352	241
4353	242
4354	238
4355	234
4356	222
4357	244
4358	205
4359	249
4360	241
4361	226
4362	221
4363	222
4364	257
4365	214
4366	229
4367	222
4368	219
4369	231
4370	235
4371	229
4372	214
4373	212
4374	218
4375	206
4376	227
4377	222
4378	221
4379	244
4380	246
4381	239
4382	225
4383	233
4384	239
4385	191
4386	238
4387	217
4388	216
4389	202
4390	223
4391	223
4392	212
4393	223
4394	239
4395	238
4396	228
4397	220
4398	226
4399	227
4400	229
4401	198
4402	223
4403	256
4404	249
4405	227
4406	203
4407	210
4408	236
4409	222
4410	192
4411	223
4412	219
4413	237
4414	220
4415	230
4416	228
4417	244
4418	223
4419	204
4420	237
4421	215
4422	218
4423	200
4424	207
4425	233
4426	197
4427	238
4428	218
4429	236
4430	219
4431	239
4432	235
4433	215
4434	242
4435	200
4436	215
4437	203
4438	231
4439	246
4440	233
4441	225
4442	216
4443	217
4444	231
4445	197
4446	218
4447	209
4448	250
4449	212
4450	221
4451	217
4452	224
4453	204
4454	208
4455	217
4456	215
4457	236
4458	244
4459	214
4460	198
4461	249
4462	205
4463	207
4464	213
4465	235
4466	237
4467	209
4468	236
4469	210
4470	232
4471	211
4472	227
4473	219
4474	212
4475	203
4476	204
4477	189
4478	240
4479	214
4480	244
4481	218
4482	198
4483	208
4484	224
4485	203
4486	215
4487	228
4488	204
4489	187
4490	187
4491	221
4492	201
4493	208
4494	211
4495	201
4496	211
4497	209
4498	211
4499	234
4500	201
4501	221
4502	201
4503	205
4504	238
4505	228
4506	201
4507	192
4508	209
4509	209
4510	208
4511	222
4512	200
4513	215
4514	195
4515	230
4516	222
4517	211
4518	211
4519	217
4520	222
4521	200
4522	222
4523	208
4524	218
4525	217
4526	192
4527	229
4528	192
4529	194
4530	207
4531	203
4532	198
4533	207
4534	182
4535	196
4536	199
4537	222
4538	203
4539	191
4540	200
4541	193
4542	228
4543	212
4544	195
4545	232
4546	206
4547	202
4548	188
4549	195
4550	200
4551	206
4552	179
4553	197
4554	196
4555	200
4556	184
4557	191
4558	216
4559	184
4560	184
4561	178
4562	200
4563	213
4564	203
4565	181
4566	171
4567	199
4568	191
4569	205
4570	191
4571	198
4572	196
4573	174
4574	183
4575	194
4576	189
4577	214
4578	198
4579	162
4580	185
4581	201
4582	191
4583	212
4584	190
4585	196
4586	195
4587	177
4588	210
4589	182
4590	179
4591	188
4592	174
4593	208
4594	181
4595	186
4596	190
4597	183
4598	198
4599	166
4600	184
4601	178
4602	203
4603	177
4604	180
4605	178
4606	185
4607	172
4608	176
4609	184
4610	188
4611	197
4612	184
4613	189
4614	170
4615	190
4616	173
4617	163
4618	183
4619	198
4620	180
4621	193
4622	160
4623	195
4624	181
4625	172
4626	187
4627	187
4628	170
4629	179
4630	172
4631	173
4632	174
4633	176
4634	187
4635	170
4636	164
4637	205
4638	181
4639	177
4640	184
4641	164
4642	188
4643	175
4644	154
4645	201
4646	156
4647	152
4648	178
4649	178
4650	183
4651	178
4652	184
4653	171
4654	189
4655	170
4656	167
4657	158
4658	179
4659	171
4660	161
4661	157
4662	165
4663	187
4664	169
4665	147
4666	162
4667	162
4668	151
4669	157
4670	168
4671	152
4672	175
4673	168
4674	179
4675	147
4676	172
4677	168
4678	140
4679	174
4680	168
4681	178
4682	164
4683	176
4684	159
4685	161
4686	159
4687	169
4688	160
4689	166
4690	173
4691	164
4692	172
4693	133
4694	152
4695	162
4696	136
4697	145
4698	158
4699	155
4700	139
4701	151
4702	164
4703	133
4704	169
4705	154
4706	169
4707	165
4708	171
4709	134
4710	154
4711	157
4712	168
4713	145
4714	135
4715	139
4716	139
4717	160
4718	159
4719	193
4720	146
4721	165
4722	151
4723	149
4724	153
4725	140
4726	144
4727	162
4728	145
4729	174
4730	158
4731	132
4732	144
4733	141
4734	153
4735	149
4736	166
4737	156
4738	181
4739	142
4740	179
4741	155
4742	151
4743	122
4744	149
4745	158
4746	155
4747	150
4748	142
4749	160
4750	148
4751	168
4752	132
4753	123
4754	142
4755	130
4756	151
4757	143
4758	126
4759	135
4760	157
4761	130
4762	141
4763	129
4764	142
4765	136
4766	160
4767	118
4768	138
4769	139
4770	128
4771	145
4772	137
4773	139
4774	137
4775	143
4776	153
4777	145
4778	149
4779	127
4780	141
4781	119
4782	115
4783	127
4784	142
4785	155
4786	133
4787	126
4788	132
4789	124
4790	141
4791	156
4792	133
4793	137
4794	121
4795	131
4796	121
4797	146
4798	134
4799	128
4800	129
4801	137
4802	122
4803	149
4804	144
4805	140
4806	139
4807	136
4808	128
4809	126
4810	113
4811	115
4812	124
4813	130
4814	138
4815	132
4816	131
4817	134
4818	127
4819	117
4820	141
4821	130
4822	136
4823	123
4824	109
4825	119
4826	148
4827	137
4828	133
4829	140
4830	147
4831	122
4832	117
4833	133
4834	110
4835	133
4836	121
4837	126
4838	121
4839	122
4840	143
4841	128
4842	105
4843	98
4844	132
4845	133
4846	125
4847	115
4848	114
4849	131
4850	122
4851	136
4852	110
4853	124
4854	124
4855	137
4856	120
4857	113
4858	105
4859	121
4860	115
4861	140
4862	105
4863	118
4864	136
4865	115
4866	111
4867	122
4868	125
4869	117
4870	125
4871	115
4872	105
4873	147
4874	124
4875	136
4876	122
4877	134
4878	121
4879	117
4880	126
4881	129
4882	116
4883	126
4884	128
4885	101
4886	126
4887	126
4888	104
4889	119
4890	100
4891	127
4892	112
4893	119
4894	123
4895	105
4896	115
4897	125
4898	96
4899	109
4900	124
4901	101
4902	124
4903	155
4904	110
4905	99
4906	109
4907	144
4908	124
4909	117
4910	110
4911	103
4912	128
4913	105
4914	127
4915	116
4916	126
4917	114
4918	128
4919	129
4920	125
4921	123
4922	115
4923	121
4924	131
4925	110
4926	104
4927	120
4928	119
4929	120
4930	117
4931	114
4932	103
4933	119
4934	127
4935	109
4936	113
4937	115
4938	132
4939	113
4940	102
4941	107
4942	125
4943	130
4944	109
4945	120
4946	116
4947	133
4948	117
4949	107
4950	118
4951	94
4952	113
4953	111
4954	108
4955	106
4956	110
4957	130
4958	113
4959	112
4960	112
4961	88
4962	98
4963	101
4964	116
4965	103
4966	95
4967	122
4968	114
4969	107
4970	118
4971	121
4972	115
4973	117
4974	98
4975	121
4976	102
4977	119
4978	99
4979	104
4980	106
4981	111
4982	91
4983	103
4984	99
4985	104
4986	120
4987	102
4988	122
4989	109
4990	91
4991	99
4992	119
4993	90
4994	98
4995	99
4996	94
4997	115
4998	98
4999	110
5000	108
5001	90
5002	93
5003	101
5004	86
5005	110
5006	111
5007	110
5008	94
5009	96
5010	95
5011	119
5012	102
5013	105
5014	113
5015	111
5016	107
5017	99
5018	96
5019	114
5020	105
5021	96
5022	93
5023	100
5024	126
5025	88
5026	94
5027	102
5028	98
5029	102
5030	110
5031	115
5032	104
5033	90
5034	105
5035	102
5036	101
5037	110
5038	104
5039	107
5040	77
5041	102
5042	114
5043	103
5044	99
5045	94
5046	101
5047	110
5048	113
5049	98
5050	124
5051	94
5052	104
5053	102
5054	124
5055	108
5056	94
5057	87
5058	96
5059	107
5060	118
5061	90
5062	107
5063	103
5064	109
5065	107
5066	93
5067	100
5068	93
5069	94
5070	107
5071	85
5072	125
5073	83
5074	92
5075	103
5076	91
5077	109
5078	111
5079	107
5080	94
5081	98
5082	80
5083	116
5084	120
5085	103
5086	96
5087	103
5088	91
5089	98
5090	94
5091	101
5092	104
5093	100
5094	113
5095	101
5096	94
5097	90
5098	99
5099	95
5100	60
5101	106
5102	82
5103	82
5104	95
5105	103
5106	109
5107	96
5108	101
5109	92
5110	104
5111	77
5112	105
5113	113
5114	108
5115	100
5116	86
5117	102
5118	92
5119	101
5120	108
5121	106
5122	87
5123	101
5124	89
5125	91
5126	88
5127	85
5128	87
5129	99
5130	105
5131	98
5132	79
5133	90
5134	94
5135	85
5136	104
5137	92
5138	102
5139	98
5140	105
5141	86
5142	96
5143	90
5144	106
5145	90
5146	101
5147	99
5148	96
5149	93
5150	78
5151	109
5152	97
5153	83
5154	89
5155	88
5156	94
5157	111
5158	91
5159	102
5160	89
5161	84
5162	100
5163	93
5164	98
5165	110
5166	99
5167	113
5168	100
5169	99
5170	91
5171	94
5172	87
5173	95
5174	108
5175	104
5176	106
5177	93
5178	103
5179	76
5180	82
5181	99
5182	101
5183	87
5184	102
5185	85
5186	84
5187	84
5188	84
5189	91
5190	90
5191	88
5192	89
5193	86
5194	99
5195	95
5196	91
5197	103
5198	87
5199	88
5200	87
5201	87
5202	84
5203	102
5204	79
5205	89
5206	92
5207	99
5208	83
5209	83
5210	99
5211	94
5212	102
5213	91
5214	104
5215	90
5216	86
5217	91
5218	86
5219	99
5220	99
5221	89
5222	86
5223	106
5224	88
5225	73
5226	90
5227	71
5228	89
5229	95
5230	77
5231	81
5232	87
5233	103
5234	88
5235	78
5236	93
5237	95
5238	82
5239	65
5240	88
5241	86
5242	82
5243	87
5244	87
5245	87
5246	75
5247	76
5248	89
5249	90
5250	93
5251	87
5252	99
5253	99
5254	92
5255	85
5256	91
5257	89
5258	102
5259	91
5260	96
5261	92
5262	89
5263	92
5264	83
5265	91
5266	83
5267	82
5268	79
5269	111
5270	70
5271	77
5272	86
5273	75
5274	99
5275	86
5276	93
5277	89
5278	83
5279	85
5280	92
5281	93
5282	74
5283	82
5284	77
5285	81
5286	113
5287	78
5288	78
5289	91
5290	80
5291	90
5292	82
5293	106
5294	94
5295	97
5296	76
5297	82
5298	96
5299	65
5300	86
5301	80
5302	85
5303	72
5304	88
5305	83
5306	72
5307	101
5308	72
5309	88
5310	84
5311	84
5312	77
5313	92
5314	83
5315	93
5316	110
5317	106
5318	72
5319	90
5320	86
5321	82
5322	85
5323	79
5324	85
5325	76
5326	75
5327	80
5328	64
5329	102
5330	89
5331	87
5332	103
5333	77
5334	86
5335	89
5336	93
5337	87
5338	87
5339	91
5340	71
5341	89
5342	92
5343	71
5344	73
5345	97
5346	80
5347	76
5348	84
5349	81
5350	75
5351	87
5352	88
5353	91
5354	82
5355	92
5356	84
5357	79
5358	88
5359	80
5360	78
5361	82
5362	96
5363	96
5364	88
5365	107
5366	89
5367	64
5368	76
5369	88
5370	86
5371	76
5372	77
5373	89
5374	89
5375	83
5376	84
5377	91
5378	65
5379	79
5380	98
5381	95
5382	74
5383	89
5384	93
5385	86
5386	86
5387	76
5388	72
5389	70
5390	92
5391	77
5392	102
5393	80
5394	91
5395	93
5396	86
5397	75
5398	78
5399	80
5400	86
5401	73
5402	62
5403	83
5404	81
5405	83
5406	78
5407	90
5408	76
5409	96
5410	74
5411	82
5412	89
5413	98
5414	88
5415	78
5416	84
5417	76
5418	84
5419	88
5420	86
5421	68
5422	88
5423	79
5424	66
5425	86
5426	79
5427	82
5428	87
5429	90
5430	100
5431	77
5432	94
5433	77
5434	69
5435	59
5436	78
5437	78
5438	86
5439	90
5440	65
5441	85
5442	71
5443	84
5444	80
5445	87
5446	81
5447	84
5448	68
5449	65
5450	92
5451	74
5452	80
5453	77
5454	81
5455	90
5456	81
5457	93
5458	77
5459	88
5460	73
5461	78
5462	104
5463	92
5464	83
5465	71
5466	102
5467	84
5468	61
5469	83
5470	70
5471	84
5472	93
5473	80
5474	81
5475	81
5476	63
5477	73
5478	92
5479	74
5480	95
5481	69
5482	87
5483	80
5484	87
5485	65
5486	83
5487	92
5488	72
5489	80
5490	103
5491	85
5492	84
5493	89
5494	66
5495	73
5496	69
5497	82
5498	84
5499	69
5500	66
5501	84
5502	80
5503	80
5504	62
5505	87
5506	74
5507	80
5508	88
5509	75
5510	76
5511	100
5512	72
5513	70
5514	69
5515	84
5516	75
5517	89
5518	81
5519	80
5520	84
5521	74
5522	70
5523	73
5524	95
5525	87
5526	69
5527	70
5528	93
5529	78
5530	91
5531	75
5532	83
5533	70
5534	72
5535	77
5536	67
5537	93
5538	79
5539	74
5540	79
5541	74
5542	79
5543	72
5544	83
5545	72
5546	70
5547	92
5548	70
5549	67
5550	74
5551	80
5552	77
5553	89
5554	87
5555	65
5556	68
5557	59
5558	83
5559	78
5560	84
5561	81
5562	80
5563	86
5564	74
5565	97
5566	83
5567	72
5568	87
5569	86
5570	83
5571	79
5572	86
5573	86
5574	77
5575	89
5576	73
5577	78
5578	74
5579	73
5580	82
5581	94
5582	100
5583	76
5584	83
5585	70
5586	68
5587	87
5588	70
5589	78
5590	85
5591	72
5592	91
5593	66
5594	72
5595	88
5596	74
5597	75
5598	89
5599	85
5600	63
5601	93
5602	72
5603	75
5604	81
5605	82
5606	54
5607	64
5608	77
5609	71
5610	79
5611	73
5612	79
5613	76
5614	76
5615	73
5616	69
5617	77
5618	83
5619	92
5620	84
5621	74
5622	89
5623	62
5624	78
5625	75
5626	74
5627	73
5628	65
5629	77
5630	67
5631	78
5632	84
5633	80
5634	85
5635	78
5636	81
5637	91
5638	73
5639	81
5640	72
5641	81
5642	73
5643	87
5644	78
5645	80
5646	84
5647	73
5648	78
5649	80
5650	63
5651	72
5652	69
5653	95
5654	59
5655	75
5656	76
5657	73
5658	65
5659	82
5660	69
5661	81
5662	79
5663	78
5664	77
5665	75
5666	82
5667	75
5668	75
5669	74
5670	72
5671	75
5672	82
5673	83
5674	75
5675	73
5676	69
5677	87
5678	74
5679	63
5680	75
5681	81
5682	66
5683	82
5684	64
5685	82
5686	89
5687	85
5688	67
5689	79
5690	71
5691	62
5692	80
5693	87
5694	60
5695	87
5696	77
5697	79
5698	64
5699	75
5700	73
5701	65
5702	82
5703	82
5704	76
5705	89
5706	72
5707	60
5708	74
5709	80
5710	70
5711	96
5712	82
5713	80
5714	76
5715	55
5716	76
5717	83
5718	69
5719	82
5720	78
5721	61
5722	75
5723	64
5724	68
5725	70
5726	62
5727	67
5728	77
5729	73
5730	83
5731	71
5732	65
5733	87
5734	77
5735	71
5736	72
5737	73
5738	82
5739	59
5740	73
5741	63
5742	67
5743	77
5744	77
5745	72
5746	76
5747	74
5748	86
5749	72
5750	61
5751	73
5752	76
5753	64
5754	88
5755	76
5756	76
5757	83
5758	74
5759	55
5760	85
5761	94
5762	89
5763	76
5764	75
5765	60
5766	70
5767	80
5768	72
5769	76
5770	73
5771	63
5772	73
5773	71
5774	70
5775	77
5776	54
5777	57
5778	69
5779	64
5780	57
5781	96
5782	57
5783	69
5784	88
5785	71
5786	89
5787	81
5788	70
5789	74
5790	75
5791	77
5792	70
5793	77
5794	64
5795	74
5796	73
5797	78
5798	98
5799	52
5800	77
5801	78
5802	78
5803	83
5804	60
5805	68
5806	85
5807	88
5808	67
5809	64
5810	68
5811	76
5812	81
5813	66
5814	60
5815	67
5816	92
5817	69
5818	76
5819	77
5820	73
5821	67
5822	70
5823	76
5824	74
5825	88
5826	77
5827	65
5828	79
5829	76
5830	77
5831	73
5832	85
5833	83
5834	68
5835	66
5836	69
5837	70
5838	80
5839	80
5840	67
5841	49
5842	73
5843	79
5844	67
5845	58
5846	76
5847	75
5848	87
5849	63
5850	69
5851	86
5852	69
5853	70
5854	72
5855	73
5856	59
5857	70
5858	64
5859	83
5860	76
5861	56
5862	79
5863	72
5864	67
5865	52
5866	63
5867	81
5868	70
5869	62
5870	56
5871	69
5872	67
5873	74
5874	84
5875	77
5876	88
5877	79
5878	68
5879	67
5880	70
5881	81
5882	70
5883	89
5884	77
5885	72
5886	74
5887	70
5888	84
5889	77
5890	84
5891	81
5892	60
5893	80
5894	76
5895	78
5896	65
5897	61
5898	77
5899	67
5900	69
5901	81
5902	65
5903	77
5904	68
5905	61
5906	67
5907	86
5908	75
5909	63
5910	66
5911	69
5912	58
5913	62
5914	60
5915	65
5916	72
5917	67
5918	65
5919	65
5920	68
5921	70
5922	74
5923	77
5924	79
5925	57
5926	66
5927	62
5928	80
5929	82
5930	61
5931	58
5932	74
5933	70
5934	76
5935	68
5936	76
5937	87
5938	72
5939	64
5940	71
5941	80
5942	77
5943	93
5944	77
5945	67
5946	62
5947	72
5948	77
5949	63
5950	66
5951	82
5952	66
5953	73
5954	79
5955	84
5956	76
5957	82
5958	85
5959	73
5960	67
5961	91
5962	68
5963	74
5964	82
5965	70
5966	61
5967	65
5968	71
5969	72
5970	65
5971	74
5972	73
5973	68
5974	56
5975	63
5976	64
5977	80
5978	70
5979	75
5980	65
5981	73
5982	62
5983	67
5984	72
5985	83
5986	72
5987	70
5988	61
5989	86
5990	61
5991	65
5992	66
5993	68
5994	61
5995	66
5996	77
5997	65
5998	93
5999	68
6000	64
6001	63
6002	72
6003	75
6004	81
6005	71
6006	72
6007	67
6008	88
6009	62
6010	73
6011	66
6012	93
6013	74
6014	83
6015	67
6016	69
6017	66
6018	88
6019	58
6020	70
6021	72
6022	76
6023	72
6024	63
6025	73
6026	69
6027	82
6028	76
6029	81
6030	69
6031	96
6032	72
6033	73
6034	64
6035	75
6036	61
6037	74
6038	68
6039	82
6040	67
6041	57
6042	60
6043	74
6044	76
6045	72
6046	68
6047	70
6048	75
6049	73
6050	71
6051	60
6052	69
6053	72
6054	55
6055	57
6056	68
6057	76
6058	64
6059	78
6060	68
6061	85
6062	76
6063	71
6064	70
6065	76
6066	81
6067	69
6068	80
6069	74
6070	70
6071	72
6072	58
6073	65
6074	59
6075	56
6076	67
6077	71
6078	74
6079	72
6080	83
6081	65
6082	77
6083	75
6084	82
6085	67
6086	54
6087	67
6088	70
6089	69
6090	84
6091	79
6092	80
6093	84
6094	85
6095	84
6096	59
6097	75
6098	72
6099	79
6100	62
6101	71
6102	72
6103	68
6104	72
6105	67
6106	74
6107	73
6108	70
6109	62
6110	54
6111	70
6112	61
6113	84
6114	83
6115	67
6116	74
6117	83
6118	58
6119	70
6120	68
6121	61
6122	60
6123	60
6124	64
6125	63
6126	77
6127	79
6128	64
6129	63
6130	71
6131	62
6132	67
6133	82
6134	75
6135	75
6136	65
6137	92
6138	72
6139	62
6140	74
6141	67
6142	65
6143	72
6144	64
6145	71
6146	69
6147	87
6148	62
6149	59
6150	68
6151	62
6152	68
6153	65
6154	78
6155	73
6156	58
6157	57
6158	77
6159	83
6160	73
6161	67
6162	78
6163	80
6164	78
6165	74
6166	78
6167	69
6168	75
6169	59
6170	63
6171	68
6172	78
6173	76
6174	76
6175	70
6176	72
6177	80
6178	66
6179	62
6180	82
6181	61
6182	77
6183	76
6184	72
6185	64
6186	64
6187	62
6188	75
6189	66
6190	79
6191	74
6192	88
6193	71
6194	80
6195	70
6196	72
6197	66
6198	63
6199	70
6200	71
6201	76
6202	64
6203	85
6204	74
6205	57
6206	66
6207	74
6208	87
6209	73
6210	64
6211	80
6212	60
6213	77
6214	67
6215	67
6216	74
6217	66
6218	74
6219	76
6220	81
6221	67
6222	62
6223	59
6224	72
6225	78
6226	70
6227	59
6228	79
6229	75
6230	68
6231	62
6232	78
6233	57
6234	70
6235	72
6236	66
6237	46
6238	58
6239	64
6240	65
6241	73
6242	80
6243	52
6244	81
6245	62
6246	64
6247	66
6248	78
6249	64
6250	68
6251	77
6252	56
6253	65
6254	72
6255	56
6256	72
6257	66
6258	63
6259	73
6260	83
6261	81
6262	52
6263	72
6264	71
6265	77
6266	68
6267	78
6268	60
6269	69
6270	60
6271	85
6272	70
6273	71
6274	79
6275	65
6276	59
6277	75
6278	63
6279	77
6280	59
6281	70
6282	72
6283	64
6284	68
6285	84
6286	85
6287	62
6288	86
6289	62
6290	67
6291	69
6292	64
6293	62
6294	75
6295	57
6296	72
6297	90
6298	74
6299	80
6300	65
6301	62
6302	62
6303	56
6304	83
6305	62
6306	84
6307	53
6308	83
6309	68
6310	79
6311	67
6312	91
6313	62
6314	73
6315	68
6316	76
6317	63
6318	73
6319	69
6320	56
6321	74
6322	59
6323	81
6324	68
6325	79
6326	71
6327	58
6328	67
6329	83
6330	75
6331	93
6332	77
6333	61
6334	58
6335	71
6336	75
6337	69
6338	72
6339	87
6340	77
6341	70
6342	66
6343	71
6344	69
6345	78
6346	68
6347	80
6348	72
6349	65
6350	73
6351	71
6352	64
6353	71
6354	70
6355	67
6356	84
6357	70
6358	69
6359	70
6360	72
6361	60
6362	61
6363	72
6364	71
6365	85
6366	82
6367	72
6368	83
6369	65
6370	73
6371	69
6372	70
6373	86
6374	63
6375	60
6376	80
6377	75
6378	57
6379	65
6380	73
6381	56
6382	75
6383	66
6384	77
6385	76
6386	61
6387	78
6388	61
6389	73
6390	74
6391	70
6392	64
6393	51
6394	64
6395	63
6396	75
6397	90
6398	75
6399	65
6400	66
6401	83
6402	88
6403	68
6404	78
6405	57
6406	68
6407	72
6408	66
6409	71
6410	68
6411	73
6412	62
6413	65
6414	71
6415	70
6416	64
6417	88
6418	72
6419	89
6420	78
6421	92
6422	70
6423	62
6424	66
6425	73
6426	64
6427	79
6428	84
6429	73
6430	74
6431	69
6432	82
6433	81
6434	81
6435	67
6436	79
6437	69
6438	86
6439	67
6440	72
6441	74
6442	81
6443	87
6444	74
6445	79
6446	83
6447	90
6448	76
6449	66
6450	85
6451	85
6452	81
6453	69
6454	64
6455	80
6456	75
6457	80
6458	86
6459	68
6460	69
6461	60
6462	86
6463	87
6464	73
6465	61
6466	87
6467	70
6468	84
6469	73
6470	84
6471	77
6472	78
6473	63
6474	75
6475	82
6476	74
6477	76
6478	90
6479	71
6480	75
6481	84
6482	95
6483	89
6484	68
6485	76
6486	81
6487	70
6488	75
6489	94
6490	84
6491	86
6492	66
6493	91
6494	75
6495	75
6496	78
6497	88
6498	80
6499	64
6500	96
6501	81
6502	87
6503	96
6504	97
6505	85
6506	83
6507	78
6508	89
6509	91
6510	93
6511	83
6512	80
6513	95
6514	97
6515	72
6516	95
6517	80
6518	90
6519	81
6520	87
6521	90
6522	91
6523	85
6524	89
6525	86
6526	78
6527	83
6528	84
6529	92
6530	81
6531	84
6532	96
6533	97
6534	76
6535	101
6536	90
6537	88
6538	95
6539	85
6540	97
6541	91
6542	99
6543	97
6544	85
6545	95
6546	92
6547	104
6548	92
6549	111
6550	90
6551	95
6552	110
6553	93
6554	89
6555	99
6556	108
6557	114
6558	102
6559	100
6560	99
6561	88
6562	113
6563	77
6564	95
6565	93
6566	96
6567	94
6568	104
6569	86
6570	104
6571	109
6572	87
6573	98
6574	100
6575	79
6576	97
6577	106
6578	112
6579	110
6580	112
6581	101
6582	122
6583	105
6584	103
6585	110
6586	96
6587	95
6588	95
6589	116
6590	114
6591	106
6592	90
6593	111
6594	119
6595	109
6596	125
6597	107
6598	127
6599	95
6600	112
6601	108
6602	125
6603	124
6604	140
6605	100
6606	127
6607	116
6608	137
6609	141
6610	119
6611	124
6612	112
6613	130
6614	142
6615	106
6616	124
6617	137
6618	148
6619	105
6620	125
6621	131
6622	132
6623	141
6624	125
6625	146
6626	126
6627	136
6628	124
6629	120
6630	124
6631	135
6632	131
6633	139
6634	125
6635	121
6636	143
6637	140
6638	116
6639	164
6640	135
6641	128
6642	139
6643	134
6644	143
6645	163
6646	145
6647	145
6648	151
6649	156
6650	154
6651	149
6652	151
6653	162
6654	129
6655	151
6656	156
6657	134
6658	155
6659	169
6660	171
6661	164
6662	158
6663	142
6664	178
6665	140
6666	180
6667	172
6668	172
6669	190
6670	165
6671	184
6672	160
6673	174
6674	162
6675	157
6676	165
6677	169
6678	140
6679	176
6680	180
6681	197
6682	157
6683	195
6684	210
6685	196
6686	182
6687	220
6688	188
6689	178
6690	202
6691	179
6692	186
6693	176
6694	192
6695	205
6696	198
6697	170
6698	225
6699	219
6700	211
6701	210
6702	196
6703	239
6704	207
6705	200
6706	202
6707	210
6708	236
6709	251
6710	212
6711	219
6712	230
6713	202
6714	229
6715	261
6716	201
6717	261
6718	234
6719	212
6720	239
6721	243
6722	225
6723	228
6724	239
6725	241
6726	272
6727	217
6728	257
6729	233
6730	246
6731	240
6732	251
6733	248
6734	275
6735	251
6736	287
6737	242
6738	274
6739	246
6740	296
6741	255
6742	279
6743	274
6744	270
6745	272
6746	260
6747	272
6748	248
6749	310
6750	308
6751	332
6752	287
6753	290
6754	282
6755	291
6756	303
6757	296
6758	309
6759	284
6760	285
6761	295
6762	283
6763	322
6764	320
6765	285
6766	306
6767	313
6768	320
6769	329
6770	341
6771	339
6772	316
6773	329
6774	323
6775	320
6776	337
6777	346
6778	360
6779	322
6780	357
6781	326
6782	375
6783	392
6784	383
6785	314
6786	398
6787	337
6788	369
6789	345
6790	367
6791	346
6792	359
6793	391
6794	380
6795	369
6796	410
6797	372
6798	412
6799	406
6800	377
6801	402
6802	381
6803	368
6804	435
6805	415
6806	406
6807	424
6808	446
6809	427
6810	434
6811	438
6812	432
6813	457
6814	458
6815	436
6816	425
6817	443
6818	447
6819	440
6820	431
6821	456
6822	462
6823	471
6824	441
6825	477
6826	487
6827	450
6828	490
6829	452
6830	463
6831	448
6832	471
6833	471
6834	474
6835	436
6836	513
6837	463
6838	521
6839	486
6840	462
6841	512
6842	545
6843	514
6844	534
6845	511
6846	493
6847	474
6848	538
6849	544
6850	481
6851	547
6852	534
6853	532
6854	527
6855	586
6856	538
6857	562
6858	554
6859	594
6860	519
6861	603
6862	557
6863	580
6864	544
6865	576
6866	580
6867	570
6868	557
6869	588
6870	577
6871	650
6872	609
6873	642
6874	605
6875	581
6876	647
6877	586
6878	676
6879	596
6880	605
6881	631
6882	674
6883	649
6884	659
6885	659
6886	637
6887	661
6888	658
6889	684
6890	663
6891	674
6892	597
6893	681
6894	713
6895	663
6896	703
6897	699
6898	679
6899	698
6900	720
6901	679
6902	685
6903	687
6904	685
6905	687
6906	698
6907	707
6908	719
6909	678
6910	732
6911	732
6912	721
6913	721
6914	781
6915	757
6916	741
6917	712
6918	764
6919	751
6920	743
6921	765
6922	752
6923	746
6924	735
6925	784
6926	792
6927	731
6928	781
6929	761
6930	784
6931	812
6932	797
6933	797
6934	874
6935	806
6936	795
6937	834
6938	807
6939	804
6940	822
6941	864
6942	864
6943	853
6944	858
6945	803
6946	805
6947	890
6948	881
6949	861
6950	812
6951	876
6952	851
6953	797
6954	878
6955	900
6956	886
6957	844
6958	877
6959	824
6960	905
6961	845
6962	918
6963	973
6964	910
6965	903
6966	909
6967	884
6968	930
6969	920
6970	871
6971	958
6972	891
6973	882
6974	881
6975	946
6976	975
6977	958
6978	973
6979	938
6980	993
6981	989
6982	984
6983	1001
6984	952
6985	1013
6986	976
6987	993
6988	970
6989	1033
6990	961
6991	1029
6992	1028
6993	1045
6994	992
6995	982
6996	993
6997	1029
6998	1060
6999	1007
7000	980
7001	1034
7002	1014
7003	1058
7004	1060
7005	1069
7006	1050
7007	1066
7008	1125
7009	1060
7010	1011
7011	1034
7012	1031
7013	1045
7014	1104
7015	1068
7016	1081
7017	1138
7018	1076
7019	1064
7020	1027
7021	1108
7022	1104
7023	1088
7024	1104
7025	1046
7026	1134
7027	1180
7028	1057
7029	1154
7030	1124
7031	1178
7032	1147
7033	1180
7034	1148
7035	1144
7036	1166
7037	1152
7038	1199
7039	1147
7040	1162
7041	1146
7042	1156
7043	1183
7044	1175
7045	1146
7046	1136
7047	1164
7048	1170
7049	1207
7050	1152
7051	1166
7052	1182
7053	1193
7054	1256
7055	1155
7056	1157
7057	1190
7058	1181
7059	1270
7060	1230
7061	1212
7062	1289
7063	1222
7064	1206
7065	1188
7066	1231
7067	1257
7068	1216
7069	1248
7070	1239
7071	1227
7072	1278
7073	1246
7074	1191
7075	1223
7076	1292
7077	1258
7078	1298
7079	1241
7080	1305
7081	1220
7082	1265
7083	1291
7084	1256
7085	1278
7086	1277
7087	1282
7088	1285
7089	1285
7090	1286
7091	1334
7092	1352
7093	1305
7094	1327
7095	1229
7096	1322
7097	1252
7098	1291
7099	1258
7100	1337
7101	1298
7102	1306
7103	1329
7104	1293
7105	1250
7106	1357
7107	1363
7108	1338
7109	1342
7110	1309
7111	1315
7112	1310
7113	1341
7114	1394
7115	1283
7116	1298
7117	1310
7118	1369
7119	1303
7120	1347
7121	1388
7122	1347
7123	1307
7124	1327
7125	1337
7126	1362
7127	1402
7128	1370
7129	1387
7130	1391
7131	1317
7132	1407
7133	1313
7134	1335
7135	1364
7136	1372
7137	1351
7138	1379
7139	1414
7140	1400
7141	1388
7142	1387
7143	1360
7144	1394
7145	1411
7146	1381
7147	1342
7148	1379
7149	1369
7150	1287
7151	1404
7152	1441
7153	1428
7154	1405
7155	1367
7156	1422
7157	1342
7158	1392
7159	1370
7160	1374
7161	1332
7162	1435
7163	1358
7164	1429
7165	1350
7166	1393
7167	1357
7168	1410
7169	1386
7170	1407
7171	1374
7172	1367
7173	1350
7174	1406
7175	1352
7176	1408
7177	1434
7178	1440
7179	1338
7180	1383
7181	1418
7182	1415
7183	1439
7184	1474
7185	1362
7186	1361
7187	1383
7188	1412
7189	1394
7190	1379
7191	1352
7192	1349
7193	1426
7194	1466
7195	1426
7196	1377
7197	1388
7198	1396
7199	1428
7200	1430
7201	1379
7202	1405
7203	1379
7204	1396
7205	1366
7206	1396
7207	1385
7208	1389
7209	1426
7210	1445
7211	1488
7212	1395
7213	1443
7214	1453
7215	1368
7216	1437
7217	1392
7218	1408
7219	1387
7220	1385
7221	1375
7222	1341
7223	1405
7224	1412
7225	1319
7226	1390
7227	1337
7228	1354
7229	1381
7230	1349
7231	1351
7232	1440
7233	1434
7234	1376
7235	1411
7236	1332
7237	1456
7238	1368
7239	1404
7240	1353
7241	1409
7242	1291
7243	1347
7244	1368
7245	1331
7246	1364
7247	1312
7248	1321
7249	1278
7250	1326
7251	1399
7252	1374
7253	1356
7254	1431
7255	1379
7256	1387
7257	1342
7258	1372
7259	1365
7260	1349
7261	1344
7262	1378
7263	1322
7264	1372
7265	1322
7266	1348
7267	1328
7268	1315
7269	1349
7270	1275
7271	1312
7272	1314
7273	1358
7274	1271
7275	1251
7276	1300
7277	1318
7278	1314
7279	1332
7280	1275
7281	1247
7282	1311
7283	1360
7284	1312
7285	1301
7286	1233
7287	1293
7288	1261
7289	1393
7290	1385
7291	1305
7292	1329
7293	1309
7294	1232
7295	1275
7296	1246
7297	1226
7298	1222
7299	1251
7300	1261
7301	1251
7302	1233
7303	1274
7304	1238
7305	1272
7306	1204
7307	1235
7308	1266
7309	1190
7310	1245
7311	1194
7312	1186
7313	1254
7314	1236
7315	1220
7316	1268
7317	1209
7318	1189
7319	1208
7320	1169
7321	1178
7322	1199
7323	1205
7324	1163
7325	1128
7326	1180
7327	1158
7328	1212
7329	1134
7330	1165
7331	1162
7332	1139
7333	1204
7334	1179
7335	1147
7336	1143
7337	1133
7338	1192
7339	1117
7340	1104
7341	1152
7342	1170
7343	1142
7344	1152
7345	1135
7346	1141
7347	1116
7348	1097
7349	1079
7350	1022
7351	1080
7352	1059
7353	1123
7354	1107
7355	1144
7356	1114
7357	1085
7358	1078
7359	1036
7360	1080
7361	1081
7362	1091
7363	1057
7364	1046
7365	1119
7366	1047
7367	1104
7368	1067
7369	1076
7370	1012
7371	1000
7372	1018
7373	1016
7374	1064
7375	1065
7376	981
7377	979
7378	1019
7379	969
7380	929
7381	1011
7382	987
7383	1048
7384	995
7385	1033
7386	949
7387	1012
7388	996
7389	1007
7390	937
7391	986
7392	963
7393	1007
7394	992
7395	935
7396	976
7397	901
7398	962
7399	892
7400	929
7401	940
7402	916
7403	855
7404	955
7405	913
7406	955
7407	913
7408	915
7409	886
7410	964
7411	874
7412	855
7413	942
7414	899
7415	852
7416	916
7417	823
7418	858
7419	873
7420	885
7421	900
7422	878
7423	811
7424	877
7425	862
7426	855
7427	915
7428	848
7429	790
7430	824
7431	908
7432	821
7433	794
7434	820
7435	819
7436	825
7437	780
7438	799
7439	799
7440	796
7441	793
7442	801
7443	819
7444	749
7445	818
7446	754
7447	765
7448	732
7449	736
7450	754
7451	748
7452	744
7453	737
7454	713
7455	770
7456	773
7457	777
7458	746
7459	689
7460	781
7461	731
7462	716
7463	666
7464	731
7465	707
7466	716
7467	705
7468	697
7469	635
7470	681
7471	716
7472	698
7473	654
7474	676
7475	688
7476	641
7477	629
7478	674
7479	638
7480	622
7481	625
7482	625
7483	639
7484	684
7485	599
7486	625
7487	629
7488	555
7489	656
7490	671
7491	628
7492	594
7493	624
7494	587
7495	557
7496	579
7497	600
7498	553
7499	577
7500	576
7501	618
7502	548
7503	576
7504	602
7505	598
7506	554
7507	577
7508	562
7509	543
7510	605
7511	567
7512	583
7513	546
7514	548
7515	519
7516	511
7517	530
7518	538
7519	499
7520	521
7521	522
7522	516
7523	537
7524	525
7525	518
7526	565
7527	505
7528	471
7529	491
7530	509
7531	519
7532	477
7533	506
7534	487
7535	481
7536	494
7537	484
7538	482
7539	449
7540	479
7541	451
7542	467
7543	465
7544	441
7545	462
7546	406
7547	436
7548	418
7549	454
7550	473
7551	478
7552	446
7553	409
7554	414
7555	416
7556	466
7557	436
7558	400
7559	411
7560	405
7561	414
7562	423
7563	393
7564	385
7565	385
7566	398
7567	391
7568	362
7569	386
7570	397
7571	382
7572	394
7573	363
7574	370
7575	356
7576	350
7577	365
7578	366
7579	384
7580	394
7581	365
7582	372
7583	379
7584	385
7585	369
7586	317
7587	349
7588	331
7589	319
7590	318
7591	361
7592	348
7593	349
7594	327
7595	337
7596	332
7597	324
7598	342
7599	291
7600	324
7601	329
7602	306
7603	318
7604	333
7605	295
7606	304
7607	312
7608	296
7609	288
7610	305
7611	280
7612	288
7613	284
7614	294
7615	292
7616	276
7617	279
7618	265
7619	266
7620	262
7621	324
7622	304
7623	262
7624	269
7625	269
7626	247
7627	249
7628	259
7629	257
7630	280
7631	258
7632	272
7633	244
7634	269
7635	235
7636	235
7637	246
7638	268
7639	254
7640	252
7641	258
7642	241
7643	259
7644	230
7645	234
7646	228
7647	218
7648	215
7649	251
7650	232
7651	205
7652	247
7653	232
7654	200
7655	185
7656	213
7657	200
7658	226
7659	202
7660	215
7661	189
7662	216
7663	224
7664	185
7665	237
7666	207
7667	203
7668	224
7669	203
7670	191
7671	209
7672	183
7673	198
7674	217
7675	205
7676	192
7677	172
7678	172
7679	220
7680	200
7681	184
7682	180
7683	175
7684	185
7685	204
7686	165
7687	194
7688	168
7689	176
7690	155
7691	179
7692	169
7693	153
7694	169
7695	175
7696	179
7697	152
7698	162
7699	157
7700	158
7701	164
7702	155
7703	141
7704	147
7705	153
7706	142
7707	131
7708	129
7709	157
7710	158
7711	147
7712	167
7713	151
7714	160
7715	136
7716	145
7717	160
7718	152
7719	143
7720	153
7721	128
7722	151
7723	150
7724	149
7725	136
7726	141
7727	113
7728	144
7729	142
7730	129
7731	159
7732	127
7733	135
7734	139
7735	116
7736	119
7737	130
7738	144
7739	119
7740	117
7741	129
7742	140
7743	116
7744	122
7745	130
7746	130
7747	114
7748	106
7749	93
7750	122
7751	116
7752	128
7753	121
7754	105
7755	105
7756	98
7757	105
7758	113
7759	108
7760	121
7761	101
7762	94
7763	88
7764	113
7765	100
7766	97
7767	124
7768	109
7769	104
7770	99
7771	99
7772	98
7773	83
7774	111
7775	87
7776	101
7777	84
7778	108
7779	90
7780	110
7781	92
7782	105
7783	107
7784	92
7785	84
7786	112
7787	94
7788	82
7789	94
7790	80
7791	118
7792	85
7793	92
7794	82
7795	94
7796	95
7797	105
7798	88
7799	86
7800	87
7801	106
7802	106
7803	86
7804	80
7805	95
7806	102
7807	83
7808	70
7809	102
7810	73
7811	88
7812	81
7813	71
7814	83
7815	62
7816	77
7817	77
7818	86
7819	85
7820	88
7821	77
7822	82
7823	73
7824	64
7825	84
7826	73
7827	77
7828	75
7829	91
7830	84
7831	73
7832	74
7833	81
7834	66
7835	77
7836	73
7837	60
7838	80
7839	68
7840	74
7841	78
7842	72
7843	61
7844	74
7845	68
7846	74
7847	84
7848	56
7849	90
7850	57
7851	80
7852	67
7853	72
7854	71
7855	74
7856	71
7857	76
7858	60
7859	81
7860	75
7861	73
7862	80
7863	79
7864	68
7865	69
7866	60
7867	55
7868	59
7869	53
7870	74
7871	78
7872	59
7873	73
7874	61
7875	67
7876	63
7877	57
7878	53
7879	62
7880	74
7881	81
7882	62
7883	85
7884	77
7885	63
7886	58
7887	56
7888	62
7889	59
7890	51
7891	67
7892	62
7893	71
7894	72
7895	70
7896	54
7897	61
7898	52
7899	49
7900	66
7901	65
7902	60
7903	75
7904	49
7905	70
7906	79
7907	58
7908	60
7909	59
7910	51
7911	60
7912	73
7913	59
7914	76
7915	56
7916	65
7917	65
7918	72
7919	64
7920	59
7921	49
7922	55
7923	53
7924	64
7925	61
7926	54
7927	61
7928	47
7929	62
7930	60
7931	54
7932	68
7933	61
7934	62
7935	63
7936	71
7937	59
7938	65
7939	56
7940	67
7941	63
7942	66
7943	50
7944	52
7945	56
7946	61
7947	46
7948	53
7949	57
7950	43
7951	63
7952	58
7953	53
7954	43
7955	52
7956	68
7957	48
7958	61
7959	55
7960	70
7961	59
7962	56
7963	65
7964	58
7965	42
7966	65
7967	35
7968	50
7969	59
7970	55
7971	64
7972	51
7973	48
7974	50
7975	54
7976	57
7977	61
7978	55
7979	61
7980	62
7981	54
7982	41
7983	50
7984	54
7985	55
7986	66
7987	56
7988	64
7989	57
7990	61
7991	62
7992	45
7993	64
7994	59
7995	58
7996	67
7997	48
7998	61
7999	65
8000	49
8001	70
8002	60
8003	62
8004	58
8005	50
8006	68
8007	55
8008	55
8009	63
8010	52
8011	51
8012	50
8013	54
8014	49
8015	46
8016	61
8017	51
8018	53
8019	57
8020	48
8021	51
8022	59
8023	46
8024	49
8025	46
8026	53
8027	57
8028	46
8029	58
8030	52
8031	60
8032	45
8033	49
8034	52
8035	53
8036	51
8037	46
8038	42
8039	62
8040	60
8041	46
8042	50
8043	63
8044	45
8045	58
8046	55
8047	41
8048	48
8049	56
8050	59
8051	43
8052	50
8053	57
8054	51
8055	50
8056	49
8057	43
8058	43
8059	50
8060	49
8061	49
8062	54
8063	56
8064	58
8065	50
8066	46
8067	49
8068	49
8069	51
8070	58
8071	46
8072	58
8073	55
8074	50
8075	45
8076	63
8077	49
8078	50
8079	41
8080	49
8081	55
8082	44
8083	59
8084	51
8085	43
8086	52
8087	59
8088	64
8089	45
8090	54
8091	42
8092	44
8093	47
8094	62
8095	47
8096	58
8097	51
8098	57
8099	43
8100	49
8101	55
8102	63
8103	53
8104	54
8105	54
8106	42
8107	49
8108	48
8109	40
8110	46
8111	52
8112	48
8113	49
8114	53
8115	47
8116	44
8117	24
8118	17
8119	20
8120	12
8121	12
8122	8
8123	11
8124	11
8125	10
8126	4
8127	12
8128	8
8129	2
8130	12
8131	7
8132	8
8133	4
8134	5
8135	2
8136	3
8137	5
8138	5
8139	3
8140	0
8141	1
8142	2
8143	1
8144	5
8145	0
8146	3
8147	1
8148	0
8149	3
8150	2
8151	1
8152	0
8153	1
8154	1
8155	1
8156	2
8157	0
8158	1
8159	2
8160	2
8161	1
8162	1
8163	0
8164	1
8165	2
8166	2
8167	1
8168	0
8169	0
8170	0
8171	2
8172	0
8173	1
8174	0
8175	2
8176	0
8177	0
8178	0
8179	0
8180	1
8181	0
8182	0
8183	0
8184	0
8185	0
8186	0
8187	0
8188	0
8189	0
8190	0
8191	0
