0	0
1	0
2	0
3	0
4	0
5	0
6	0
7	0
8	0
9	0
10	0
11	0
12	0
13	0
14	0
15	0
16	0
17	0
18	0
19	0
20	0
21	0
22	0
23	0
24	0
25	0
26	0
27	0
28	0
29	0
30	0
31	0
32	0
33	0
34	0
35	0
36	0
37	0
38	0
39	0
40	0
41	2
42	0
43	0
44	0
45	0
46	0
47	2
48	1
49	2
50	2
51	1
52	0
53	0
54	0
55	1
56	0
57	0
58	1
59	1
60	3
61	1
62	1
63	1
64	2
65	0
66	0
67	1
68	1
69	0
70	0
71	2
72	2
73	1
74	0
75	2
76	0
77	2
78	1
79	1
80	2
81	3
82	4
83	0
84	0
85	1
86	0
87	3
88	0
89	2
90	1
91	2
92	1
93	1
94	3
95	0
96	2
97	6
98	2
99	1
100	2
101	2
102	1
103	3
104	0
105	1
106	1
107	6
108	1
109	3
110	1
111	5
112	3
113	0
114	3
115	0
116	1
117	2
118	0
119	4
120	0
121	4
122	3
123	0
124	5
125	3
126	4
127	3
128	2
129	1
130	2
131	0
132	0
133	0
134	3
135	3
136	1
137	3
138	2
139	1
140	3
141	7
142	3
143	4
144	5
145	2
146	5
147	2
148	2
149	4
150	2
151	3
152	3
153	2
154	4
155	6
156	3
157	6
158	4
159	3
160	5
161	2
162	3
163	4
164	6
165	3
166	4
167	11
168	6
169	6
170	2
171	5
172	7
173	6
174	11
175	4
176	5
177	7
178	3
179	5
180	5
181	7
182	8
183	5
184	9
185	9
186	9
187	4
188	10
189	11
190	15
191	8
192	6
193	14
194	10
195	8
196	12
197	10
198	15
199	6
200	7
201	10
202	16
203	12
204	13
205	11
206	11
207	13
208	14
209	14
210	12
211	11
212	11
213	15
214	15
215	12
216	18
217	20
218	16
219	22
220	18
221	24
222	22
223	16
224	22
225	23
226	19
227	18
228	22
229	26
230	26
231	24
232	20
233	20
234	28
235	25
236	31
237	28
238	25
239	28
240	37
241	42
242	27
243	36
244	48
245	33
246	44
247	55
248	49
249	51
250	47
251	54
252	48
253	63
254	64
255	50
256	50
257	75
258	66
259	66
260	81
261	88
262	95
263	93
264	103
265	103
266	95
267	98
268	112
269	131
270	141
271	155
272	133
273	154
274	148
275	169
276	174
277	169
278	190
279	166
280	167
281	203
282	203
283	246
284	224
285	219
286	238
287	240
288	270
289	281
290	254
291	245
292	274
293	284
294	277
295	286
296	298
297	303
298	324
299	279
300	296
301	308
302	346
303	295
304	310
305	319
306	317
307	318
308	378
309	331
310	338
311	321
312	370
313	353
314	339
315	353
316	348
317	321
318	319
319	370
320	352
321	363
322	330
323	328
324	329
325	307
326	368
327	364
328	364
329	345
330	356
331	378
332	360
333	342
334	389
335	359
336	378
337	335
338	342
339	320
340	325
341	405
342	353
343	339
344	363
345	328
346	340
347	342
348	378
349	345
350	360
351	361
352	333
353	350
354	366
355	365
356	343
357	383
358	378
359	350
360	364
361	349
362	389
363	366
364	349
365	344
366	363
367	313
368	380
369	372
370	327
371	362
372	366
373	360
374	374
375	354
376	351
377	340
378	389
379	370
380	350
381	342
382	359
383	359
384	362
385	391
386	361
387	366
388	374
389	366
390	335
391	349
392	349
393	331
394	364
395	323
396	344
397	387
398	295
399	371
400	351
401	362
402	345
403	385
404	320
405	394
406	366
407	340
408	350
409	366
410	402
411	344
412	372
413	361
414	381
415	397
416	331
417	361
418	325
419	361
420	384
421	329
422	399
423	363
424	353
425	336
426	357
427	342
428	345
429	361
430	355
431	332
432	382
433	334
434	366
435	361
436	369
437	362
438	352
439	358
440	382
441	374
442	384
443	350
444	409
445	360
446	364
447	374
448	365
449	321
450	371
451	370
452	344
453	362
454	371
455	364
456	356
457	376
458	352
459	366
460	329
461	357
462	387
463	360
464	339
465	362
466	358
467	341
468	398
469	365
470	383
471	372
472	391
473	367
474	341
475	344
476	365
477	391
478	346
479	385
480	325
481	329
482	399
483	378
484	350
485	373
486	359
487	345
488	393
489	345
490	375
491	380
492	378
493	386
494	364
495	343
496	383
497	342
498	352
499	358
500	353
501	400
502	355
503	373
504	358
505	355
506	350
507	366
508	370
509	350
510	402
511	361
512	359
513	326
514	376
515	340
516	363
517	337
518	357
519	333
520	396
521	366
522	361
523	343
524	324
525	357
526	351
527	371
528	347
529	366
530	346
531	364
532	350
533	337
534	398
535	388
536	362
537	363
538	367
539	322
540	341
541	366
542	343
543	339
544	361
545	346
546	368
547	362
548	326
549	355
550	352
551	397
552	340
553	368
554	355
555	328
556	360
557	338
558	409
559	373
560	336
561	406
562	355
563	344
564	361
565	329
566	328
567	371
568	359
569	347
570	379
571	362
572	354
573	342
574	357
575	359
576	358
577	398
578	390
579	363
580	356
581	362
582	362
583	364
584	352
585	354
586	377
587	404
588	352
589	383
590	346
591	380
592	332
593	399
594	346
595	371
596	348
597	419
598	349
599	348
600	358
601	349
602	331
603	372
604	351
605	381
606	364
607	322
608	368
609	351
610	365
611	393
612	379
613	362
614	358
615	346
616	364
617	345
618	346
619	385
620	370
621	374
622	348
623	346
624	358
625	344
626	382
627	353
628	348
629	360
630	349
631	348
632	395
633	369
634	342
635	358
636	354
637	369
638	351
639	351
640	372
641	371
642	359
643	360
644	393
645	353
646	363
647	356
648	363
649	383
650	349
651	357
652	367
653	357
654	337
655	356
656	383
657	321
658	353
659	352
660	339
661	342
662	370
663	378
664	386
665	312
666	352
667	386
668	344
669	360
670	372
671	357
672	372
673	368
674	366
675	365
676	360
677	398
678	369
679	367
680	344
681	355
682	404
683	353
684	384
685	300
686	379
687	359
688	361
689	370
690	389
691	363
692	377
693	379
694	382
695	370
696	365
697	330
698	359
699	366
700	399
701	342
702	341
703	325
704	362
705	331
706	355
707	322
708	366
709	380
710	398
711	372
712	364
713	342
714	356
715	387
716	356
717	366
718	341
719	324
720	393
721	334
722	351
723	356
724	329
725	384
726	357
727	354
728	360
729	384
730	358
731	346
732	349
733	392
734	366
735	361
736	332
737	371
738	326
739	337
740	383
741	379
742	344
743	333
744	357
745	373
746	376
747	369
748	391
749	347
750	399
751	363
752	383
753	349
754	360
755	379
756	330
757	340
758	320
759	379
760	394
761	367
762	375
763	361
764	364
765	360
766	355
767	365
768	369
769	345
770	355
771	334
772	348
773	353
774	355
775	364
776	410
777	373
778	395
779	355
780	396
781	361
782	355
783	343
784	373
785	357
786	362
787	348
788	350
789	385
790	367
791	366
792	385
793	352
794	345
795	382
796	378
797	366
798	376
799	347
800	345
801	358
802	401
803	366
804	347
805	357
806	394
807	375
808	360
809	353
810	355
811	377
812	369
813	381
814	319
815	367
816	361
817	405
818	378
819	366
820	346
821	399
822	330
823	351
824	377
825	368
826	352
827	363
828	359
829	345
830	363
831	357
832	353
833	380
834	360
835	344
836	363
837	381
838	331
839	368
840	399
841	338
842	366
843	367
844	400
845	382
846	363
847	380
848	357
849	399
850	341
851	379
852	367
853	399
854	350
855	403
856	359
857	393
858	347
859	369
860	360
861	339
862	374
863	343
864	363
865	340
866	358
867	343
868	378
869	380
870	361
871	358
872	376
873	343
874	371
875	365
876	354
877	366
878	370
879	370
880	361
881	362
882	408
883	366
884	363
885	388
886	355
887	364
888	325
889	380
890	410
891	370
892	366
893	364
894	371
895	347
896	342
897	393
898	358
899	410
900	367
901	373
902	365
903	384
904	360
905	356
906	366
907	372
908	373
909	354
910	350
911	318
912	364
913	390
914	378
915	378
916	358
917	382
918	367
919	371
920	384
921	361
922	371
923	400
924	409
925	381
926	340
927	382
928	406
929	348
930	421
931	362
932	399
933	358
934	377
935	379
936	339
937	370
938	367
939	371
940	391
941	372
942	370
943	418
944	345
945	368
946	385
947	413
948	344
949	359
950	375
951	361
952	376
953	338
954	322
955	375
956	371
957	392
958	389
959	399
960	350
961	376
962	366
963	372
964	366
965	392
966	398
967	350
968	360
969	382
970	399
971	353
972	369
973	371
974	365
975	403
976	337
977	387
978	391
979	352
980	389
981	348
982	398
983	382
984	395
985	387
986	365
987	412
988	372
989	353
990	373
991	363
992	357
993	380
994	385
995	357
996	378
997	391
998	373
999	413
1000	363
1001	372
1002	385
1003	398
1004	392
1005	382
1006	349
1007	374
1008	372
1009	381
1010	382
1011	380
1012	348
1013	355
1014	389
1015	409
1016	403
1017	373
1018	393
1019	350
1020	348
1021	389
1022	390
1023	361
1024	398
1025	389
1026	357
1027	400
1028	375
1029	353
1030	377
1031	403
1032	387
1033	391
1034	388
1035	384
1036	385
1037	383
1038	375
1039	414
1040	360
1041	377
1042	379
1043	396
1044	402
1045	374
1046	388
1047	361
1048	417
1049	380
1050	361
1051	399
1052	422
1053	372
1054	390
1055	399
1056	347
1057	397
1058	370
1059	435
1060	401
1061	405
1062	366
1063	381
1064	343
1065	349
1066	373
1067	382
1068	375
1069	359
1070	387
1071	361
1072	387
1073	384
1074	405
1075	374
1076	362
1077	376
1078	371
1079	381
1080	381
1081	376
1082	334
1083	373
1084	401
1085	376
1086	360
1087	377
1088	384
1089	394
1090	422
1091	383
1092	393
1093	367
1094	396
1095	380
1096	407
1097	394
1098	397
1099	393
1100	360
1101	397
1102	392
1103	389
1104	411
1105	393
1106	371
1107	372
1108	422
1109	399
1110	381
1111	397
1112	369
1113	393
1114	390
1115	355
1116	401
1117	397
1118	396
1119	385
1120	349
1121	358
1122	406
1123	378
1124	389
1125	399
1126	404
1127	352
1128	411
1129	410
1130	390
1131	395
1132	377
1133	374
1134	404
1135	400
1136	408
1137	392
1138	371
1139	408
1140	404
1141	363
1142	380
1143	406
1144	419
1145	399
1146	384
1147	410
1148	389
1149	410
1150	399
1151	390
1152	388
1153	388
1154	414
1155	392
1156	410
1157	408
1158	373
1159	417
1160	407
1161	382
1162	414
1163	371
1164	396
1165	373
1166	401
1167	402
1168	393
1169	362
1170	392
1171	387
1172	368
1173	378
1174	402
1175	374
1176	373
1177	378
1178	409
1179	379
1180	408
1181	402
1182	405
1183	403
1184	358
1185	384
1186	367
1187	383
1188	390
1189	414
1190	375
1191	382
1192	388
1193	396
1194	390
1195	344
1196	399
1197	379
1198	419
1199	411
1200	422
1201	392
1202	381
1203	404
1204	406
1205	383
1206	388
1207	400
1208	341
1209	384
1210	406
1211	393
1212	348
1213	377
1214	423
1215	382
1216	394
1217	372
1218	391
1219	419
1220	372
1221	378
1222	378
1223	415
1224	378
1225	369
1226	404
1227	389
1228	390
1229	365
1230	428
1231	379
1232	435
1233	400
1234	389
1235	409
1236	373
1237	355
1238	419
1239	447
1240	393
1241	394
1242	370
1243	391
1244	406
1245	392
1246	348
1247	396
1248	391
1249	362
1250	399
1251	388
1252	403
1253	354
1254	366
1255	378
1256	394
1257	392
1258	416
1259	416
1260	411
1261	426
1262	409
1263	398
1264	390
1265	363
1266	383
1267	368
1268	403
1269	387
1270	381
1271	384
1272	378
1273	406
1274	372
1275	362
1276	416
1277	385
1278	406
1279	396
1280	358
1281	364
1282	364
1283	365
1284	391
1285	391
1286	391
1287	389
1288	385
1289	372
1290	387
1291	385
1292	377
1293	351
1294	372
1295	377
1296	367
1297	357
1298	380
1299	394
1300	402
1301	314
1302	377
1303	388
1304	408
1305	401
1306	399
1307	410
1308	391
1309	390
1310	371
1311	323
1312	390
1313	361
1314	372
1315	440
1316	375
1317	402
1318	382
1319	401
1320	418
1321	384
1322	396
1323	398
1324	367
1325	392
1326	377
1327	378
1328	423
1329	372
1330	449
1331	379
1332	422
1333	409
1334	415
1335	378
1336	405
1337	355
1338	416
1339	384
1340	344
1341	389
1342	406
1343	374
1344	399
1345	359
1346	389
1347	384
1348	393
1349	409
1350	376
1351	401
1352	358
1353	411
1354	379
1355	375
1356	384
1357	408
1358	361
1359	399
1360	416
1361	388
1362	377
1363	406
1364	364
1365	398
1366	384
1367	410
1368	411
1369	380
1370	361
1371	416
1372	386
1373	368
1374	361
1375	403
1376	425
1377	379
1378	386
1379	387
1380	380
1381	434
1382	385
1383	414
1384	420
1385	379
1386	393
1387	424
1388	368
1389	405
1390	355
1391	404
1392	408
1393	401
1394	383
1395	407
1396	380
1397	410
1398	400
1399	408
1400	381
1401	374
1402	378
1403	372
1404	389
1405	423
1406	406
1407	383
1408	380
1409	398
1410	416
1411	347
1412	390
1413	383
1414	430
1415	389
1416	382
1417	363
1418	401
1419	362
1420	391
1421	394
1422	402
1423	405
1424	393
1425	366
1426	402
1427	361
1428	359
1429	386
1430	389
1431	390
1432	364
1433	375
1434	414
1435	426
1436	355
1437	403
1438	417
1439	418
1440	405
1441	436
1442	381
1443	423
1444	379
1445	406
1446	417
1447	399
1448	355
1449	382
1450	398
1451	413
1452	371
1453	393
1454	391
1455	400
1456	385
1457	404
1458	401
1459	390
1460	385
1461	388
1462	373
1463	363
1464	388
1465	409
1466	424
1467	378
1468	420
1469	413
1470	419
1471	418
1472	410
1473	401
1474	405
1475	388
1476	413
1477	383
1478	381
1479	378
1480	402
1481	359
1482	368
1483	378
1484	389
1485	413
1486	379
1487	403
1488	398
1489	341
1490	394
1491	393
1492	410
1493	399
1494	413
1495	391
1496	393
1497	405
1498	394
1499	396
1500	370
1501	393
1502	409
1503	397
1504	418
1505	396
1506	423
1507	373
1508	407
1509	394
1510	362
1511	374
1512	410
1513	413
1514	413
1515	404
1516	406
1517	415
1518	396
1519	399
1520	367
1521	429
1522	374
1523	410
1524	374
1525	400
1526	386
1527	387
1528	401
1529	383
1530	433
1531	410
1532	385
1533	448
1534	418
1535	406
1536	388
1537	410
1538	396
1539	404
1540	383
1541	387
1542	448
1543	412
1544	396
1545	430
1546	397
1547	377
1548	435
1549	435
1550	429
1551	429
1552	430
1553	389
1554	408
1555	410
1556	375
1557	450
1558	380
1559	420
1560	416
1561	393
1562	386
1563	419
1564	390
1565	417
1566	373
1567	402
1568	429
1569	383
1570	414
1571	413
1572	405
1573	375
1574	421
1575	366
1576	406
1577	403
1578	361
1579	403
1580	412
1581	403
1582	401
1583	463
1584	432
1585	394
1586	399
1587	413
1588	450
1589	419
1590	391
1591	415
1592	428
1593	417
1594	439
1595	430
1596	401
1597	412
1598	407
1599	379
1600	442
1601	404
1602	400
1603	439
1604	439
1605	442
1606	456
1607	455
1608	390
1609	406
1610	384
1611	410
1612	383
1613	425
1614	343
1615	418
1616	414
1617	421
1618	406
1619	412
1620	400
1621	404
1622	411
1623	403
1624	417
1625	393
1626	460
1627	400
1628	425
1629	402
1630	422
1631	404
1632	410
1633	454
1634	388
1635	427
1636	413
1637	410
1638	417
1639	412
1640	423
1641	410
1642	423
1643	404
1644	394
1645	408
1646	409
1647	402
1648	429
1649	461
1650	437
1651	418
1652	438
1653	417
1654	407
1655	441
1656	410
1657	443
1658	392
1659	440
1660	460
1661	425
1662	415
1663	447
1664	414
1665	394
1666	467
1667	409
1668	424
1669	415
1670	398
1671	400
1672	419
1673	434
1674	409
1675	437
1676	384
1677	406
1678	467
1679	396
1680	413
1681	434
1682	453
1683	403
1684	406
1685	427
1686	452
1687	407
1688	389
1689	413
1690	412
1691	392
1692	427
1693	401
1694	433
1695	447
1696	431
1697	411
1698	423
1699	426
1700	383
1701	448
1702	410
1703	414
1704	435
1705	433
1706	415
1707	447
1708	433
1709	423
1710	431
1711	404
1712	374
1713	421
1714	441
1715	404
1716	433
1717	421
1718	414
1719	380
1720	442
1721	453
1722	430
1723	427
1724	404
1725	441
1726	398
1727	432
1728	398
1729	399
1730	446
1731	447
1732	403
1733	439
1734	405
1735	441
1736	411
1737	399
1738	454
1739	430
1740	403
1741	405
1742	439
1743	423
1744	416
1745	421
1746	434
1747	442
1748	457
1749	413
1750	428
1751	435
1752	415
1753	404
1754	437
1755	410
1756	397
1757	441
1758	450
1759	426
1760	436
1761	432
1762	426
1763	455
1764	456
1765	462
1766	449
1767	434
1768	385
1769	438
1770	422
1771	439
1772	397
1773	435
1774	417
1775	421
1776	391
1777	444
1778	403
1779	404
1780	402
1781	408
1782	422
1783	418
1784	429
1785	430
1786	423
1787	416
1788	433
1789	431
1790	422
1791	426
1792	436
1793	452
1794	446
1795	406
1796	415
1797	430
1798	410
1799	425
1800	448
1801	446
1802	421
1803	452
1804	462
1805	409
1806	409
1807	430
1808	453
1809	414
1810	422
1811	406
1812	438
1813	433
1814	406
1815	447
1816	416
1817	452
1818	446
1819	450
1820	448
1821	425
1822	458
1823	439
1824	425
1825	402
1826	421
1827	379
1828	406
1829	475
1830	429
1831	425
1832	425
1833	408
1834	462
1835	414
1836	429
1837	405
1838	427
1839	424
1840	453
1841	398
1842	394
1843	379
1844	408
1845	445
1846	419
1847	429
1848	425
1849	434
1850	435
1851	452
1852	422
1853	433
1854	421
1855	445
1856	403
1857	443
1858	445
1859	429
1860	410
1861	425
1862	418
1863	396
1864	419
1865	447
1866	441
1867	392
1868	435
1869	422
1870	447
1871	410
1872	406
1873	438
1874	404
1875	415
1876	427
1877	423
1878	442
1879	471
1880	461
1881	441
1882	441
1883	471
1884	469
1885	453
1886	451
1887	424
1888	446
1889	412
1890	454
1891	454
1892	408
1893	414
1894	404
1895	411
1896	411
1897	412
1898	405
1899	442
1900	432
1901	426
1902	440
1903	446
1904	464
1905	386
1906	468
1907	459
1908	428
1909	443
1910	445
1911	453
1912	398
1913	444
1914	443
1915	446
1916	410
1917	432
1918	375
1919	430
1920	432
1921	464
1922	448
1923	413
1924	458
1925	453
1926	403
1927	405
1928	427
1929	444
1930	424
1931	445
1932	389
1933	442
1934	433
1935	403
1936	439
1937	425
1938	378
1939	408
1940	445
1941	412
1942	384
1943	442
1944	413
1945	444
1946	426
1947	417
1948	437
1949	425
1950	430
1951	453
1952	456
1953	450
1954	414
1955	470
1956	377
1957	433
1958	446
1959	423
1960	445
1961	431
1962	480
1963	453
1964	418
1965	406
1966	422
1967	444
1968	430
1969	474
1970	431
1971	428
1972	440
1973	420
1974	468
1975	436
1976	401
1977	416
1978	451
1979	397
1980	410
1981	466
1982	399
1983	439
1984	432
1985	425
1986	421
1987	423
1988	444
1989	458
1990	432
1991	441
1992	444
1993	426
1994	449
1995	457
1996	413
1997	443
1998	478
1999	455
2000	465
2001	464
2002	437
2003	415
2004	434
2005	415
2006	434
2007	449
2008	468
2009	429
2010	466
2011	438
2012	441
2013	404
2014	397
2015	472
2016	402
2017	460
2018	482
2019	459
2020	469
2021	400
2022	451
2023	441
2024	438
2025	407
2026	423
2027	445
2028	456
2029	416
2030	468
2031	431
2032	452
2033	421
2034	424
2035	440
2036	478
2037	394
2038	461
2039	450
2040	434
2041	425
2042	433
2043	451
2044	416
2045	400
2046	424
2047	411
2048	472
2049	433
2050	417
2051	438
2052	464
2053	428
2054	428
2055	438
2056	463
2057	435
2058	438
2059	450
2060	406
2061	395
2062	437
2063	405
2064	444
2065	414
2066	392
2067	427
2068	425
2069	410
2070	483
2071	422
2072	450
2073	411
2074	439
2075	446
2076	455
2077	436
2078	381
2079	440
2080	407
2081	436
2082	389
2083	441
2084	434
2085	414
2086	451
2087	441
2088	435
2089	462
2090	411
2091	465
2092	473
2093	405
2094	441
2095	441
2096	429
2097	421
2098	470
2099	400
2100	446
2101	422
2102	414
2103	459
2104	444
2105	451
2106	450
2107	412
2108	439
2109	477
2110	454
2111	441
2112	447
2113	407
2114	455
2115	452
2116	451
2117	418
2118	428
2119	465
2120	414
2121	409
2122	417
2123	434
2124	459
2125	404
2126	414
2127	449
2128	441
2129	458
2130	469
2131	436
2132	439
2133	418
2134	436
2135	435
2136	436
2137	423
2138	435
2139	430
2140	478
2141	472
2142	462
2143	449
2144	406
2145	452
2146	449
2147	400
2148	464
2149	432
2150	458
2151	436
2152	481
2153	459
2154	437
2155	425
2156	461
2157	434
2158	429
2159	465
2160	463
2161	432
2162	459
2163	454
2164	419
2165	473
2166	463
2167	479
2168	440
2169	450
2170	461
2171	452
2172	461
2173	448
2174	488
2175	430
2176	464
2177	431
2178	441
2179	460
2180	443
2181	474
2182	445
2183	440
2184	515
2185	435
2186	420
2187	438
2188	443
2189	462
2190	397
2191	441
2192	452
2193	476
2194	461
2195	425
2196	430
2197	422
2198	429
2199	405
2200	456
2201	475
2202	451
2203	448
2204	462
2205	467
2206	429
2207	455
2208	465
2209	443
2210	434
2211	457
2212	456
2213	440
2214	474
2215	445
2216	423
2217	439
2218	447
2219	462
2220	420
2221	479
2222	457
2223	442
2224	476
2225	442
2226	453
2227	443
2228	435
2229	465
2230	445
2231	440
2232	447
2233	423
2234	452
2235	485
2236	477
2237	438
2238	427
2239	448
2240	422
2241	483
2242	454
2243	497
2244	469
2245	468
2246	459
2247	476
2248	446
2249	475
2250	428
2251	472
2252	481
2253	446
2254	442
2255	463
2256	452
2257	469
2258	486
2259	472
2260	436
2261	483
2262	462
2263	464
2264	434
2265	462
2266	505
2267	451
2268	462
2269	467
2270	423
2271	433
2272	477
2273	460
2274	471
2275	494
2276	462
2277	475
2278	435
2279	458
2280	456
2281	480
2282	471
2283	444
2284	459
2285	485
2286	481
2287	463
2288	465
2289	522
2290	469
2291	456
2292	463
2293	488
2294	502
2295	514
2296	469
2297	440
2298	504
2299	430
2300	444
2301	458
2302	505
2303	487
2304	527
2305	521
2306	478
2307	467
2308	495
2309	510
2310	517
2311	473
2312	508
2313	507
2314	494
2315	469
2316	480
2317	485
2318	511
2319	473
2320	504
2321	496
2322	497
2323	502
2324	495
2325	477
2326	492
2327	505
2328	515
2329	498
2330	511
2331	506
2332	486
2333	496
2334	515
2335	497
2336	505
2337	516
2338	506
2339	504
2340	539
2341	526
2342	516
2343	490
2344	503
2345	470
2346	467
2347	498
2348	535
2349	495
2350	526
2351	523
2352	507
2353	522
2354	555
2355	570
2356	543
2357	533
2358	521
2359	515
2360	584
2361	526
2362	524
2363	533
2364	558
2365	518
2366	549
2367	515
2368	497
2369	565
2370	568
2371	542
2372	558
2373	586
2374	572
2375	611
2376	534
2377	535
2378	546
2379	547
2380	499
2381	564
2382	566
2383	577
2384	548
2385	560
2386	511
2387	595
2388	538
2389	498
2390	537
2391	574
2392	553
2393	571
2394	578
2395	573
2396	578
2397	557
2398	576
2399	545
2400	564
2401	616
2402	564
2403	632
2404	575
2405	610
2406	585
2407	575
2408	568
2409	604
2410	564
2411	582
2412	572
2413	589
2414	596
2415	594
2416	578
2417	592
2418	571
2419	607
2420	584
2421	567
2422	579
2423	571
2424	612
2425	596
2426	569
2427	633
2428	623
2429	620
2430	558
2431	580
2432	603
2433	587
2434	559
2435	584
2436	645
2437	608
2438	579
2439	628
2440	642
2441	633
2442	624
2443	668
2444	608
2445	646
2446	586
2447	603
2448	552
2449	649
2450	645
2451	560
2452	612
2453	611
2454	592
2455	652
2456	616
2457	619
2458	607
2459	645
2460	625
2461	603
2462	658
2463	614
2464	618
2465	651
2466	626
2467	633
2468	654
2469	631
2470	619
2471	596
2472	621
2473	592
2474	641
2475	621
2476	673
2477	624
2478	643
2479	618
2480	702
2481	631
2482	669
2483	673
2484	648
2485	601
2486	661
2487	702
2488	670
2489	625
2490	585
2491	646
2492	639
2493	609
2494	619
2495	606
2496	674
2497	659
2498	678
2499	671
2500	685
2501	664
2502	640
2503	612
2504	694
2505	656
2506	671
2507	638
2508	644
2509	639
2510	644
2511	643
2512	663
2513	699
2514	690
2515	683
2516	626
2517	643
2518	708
2519	651
2520	692
2521	698
2522	648
2523	618
2524	680
2525	697
2526	707
2527	685
2528	660
2529	697
2530	680
2531	660
2532	674
2533	677
2534	663
2535	633
2536	724
2537	647
2538	677
2539	680
2540	625
2541	662
2542	680
2543	682
2544	662
2545	680
2546	653
2547	720
2548	648
2549	689
2550	639
2551	669
2552	668
2553	736
2554	616
2555	635
2556	668
2557	684
2558	696
2559	719
2560	643
2561	723
2562	710
2563	663
2564	654
2565	628
2566	728
2567	642
2568	680
2569	639
2570	706
2571	714
2572	649
2573	679
2574	715
2575	681
2576	647
2577	659
2578	673
2579	648
2580	679
2581	672
2582	693
2583	719
2584	671
2585	673
2586	627
2587	699
2588	709
2589	696
2590	702
2591	712
2592	604
2593	676
2594	691
2595	723
2596	671
2597	660
2598	682
2599	694
2600	654
2601	666
2602	696
2603	702
2604	692
2605	619
2606	677
2607	606
2608	653
2609	674
2610	718
2611	685
2612	699
2613	635
2614	662
2615	667
2616	698
2617	647
2618	640
2619	696
2620	649
2621	658
2622	637
2623	645
2624	674
2625	712
2626	674
2627	716
2628	687
2629	636
2630	634
2631	707
2632	668
2633	657
2634	625
2635	674
2636	659
2637	608
2638	677
2639	654
2640	641
2641	700
2642	692
2643	684
2644	642
2645	665
2646	627
2647	693
2648	702
2649	610
2650	624
2651	659
2652	642
2653	660
2654	668
2655	664
2656	646
2657	638
2658	668
2659	634
2660	657
2661	679
2662	652
2663	645
2664	705
2665	626
2666	627
2667	663
2668	654
2669	661
2670	684
2671	661
2672	628
2673	627
2674	648
2675	667
2676	644
2677	610
2678	692
2679	643
2680	609
2681	647
2682	652
2683	623
2684	686
2685	635
2686	633
2687	633
2688	646
2689	623
2690	655
2691	647
2692	607
2693	646
2694	685
2695	647
2696	628
2697	631
2698	624
2699	636
2700	615
2701	621
2702	637
2703	632
2704	633
2705	608
2706	644
2707	602
2708	616
2709	635
2710	596
2711	645
2712	617
2713	599
2714	636
2715	603
2716	585
2717	613
2718	655
2719	598
2720	631
2721	599
2722	595
2723	634
2724	630
2725	641
2726	598
2727	617
2728	591
2729	658
2730	613
2731	615
2732	598
2733	644
2734	626
2735	576
2736	580
2737	639
2738	600
2739	590
2740	653
2741	616
2742	583
2743	616
2744	625
2745	609
2746	594
2747	632
2748	599
2749	575
2750	580
2751	601
2752	614
2753	639
2754	623
2755	614
2756	599
2757	570
2758	578
2759	584
2760	599
2761	659
2762	577
2763	649
2764	555
2765	604
2766	586
2767	561
2768	576
2769	588
2770	577
2771	622
2772	620
2773	632
2774	568
2775	580
2776	576
2777	584
2778	600
2779	587
2780	614
2781	590
2782	603
2783	628
2784	569
2785	589
2786	611
2787	608
2788	596
2789	582
2790	585
2791	564
2792	536
2793	559
2794	650
2795	582
2796	584
2797	584
2798	571
2799	566
2800	584
2801	565
2802	567
2803	570
2804	584
2805	561
2806	577
2807	580
2808	537
2809	579
2810	588
2811	567
2812	598
2813	578
2814	600
2815	571
2816	558
2817	618
2818	561
2819	563
2820	585
2821	563
2822	533
2823	567
2824	583
2825	557
2826	563
2827	610
2828	585
2829	609
2830	556
2831	594
2832	556
2833	525
2834	570
2835	561
2836	580
2837	555
2838	569
2839	588
2840	582
2841	607
2842	554
2843	577
2844	592
2845	565
2846	540
2847	555
2848	564
2849	593
2850	527
2851	582
2852	551
2853	531
2854	552
2855	580
2856	560
2857	556
2858	598
2859	544
2860	541
2861	567
2862	561
2863	558
2864	554
2865	529
2866	580
2867	570
2868	537
2869	573
2870	556
2871	579
2872	584
2873	541
2874	586
2875	573
2876	531
2877	568
2878	570
2879	511
2880	575
2881	549
2882	576
2883	547
2884	586
2885	555
2886	578
2887	564
2888	537
2889	514
2890	572
2891	549
2892	561
2893	569
2894	561
2895	552
2896	526
2897	567
2898	564
2899	542
2900	527
2901	519
2902	538
2903	573
2904	528
2905	558
2906	524
2907	576
2908	524
2909	529
2910	524
2911	544
2912	577
2913	544
2914	552
2915	552
2916	575
2917	526
2918	594
2919	548
2920	513
2921	565
2922	582
2923	525
2924	559
2925	549
2926	548
2927	511
2928	540
2929	530
2930	533
2931	544
2932	548
2933	572
2934	574
2935	547
2936	584
2937	590
2938	546
2939	533
2940	552
2941	564
2942	512
2943	554
2944	541
2945	533
2946	528
2947	570
2948	523
2949	523
2950	525
2951	576
2952	512
2953	531
2954	549
2955	524
2956	537
2957	556
2958	556
2959	559
2960	544
2961	558
2962	576
2963	566
2964	550
2965	535
2966	536
2967	543
2968	541
2969	535
2970	560
2971	533
2972	528
2973	527
2974	554
2975	559
2976	526
2977	561
2978	522
2979	539
2980	527
2981	517
2982	564
2983	566
2984	532
2985	553
2986	569
2987	514
2988	559
2989	551
2990	515
2991	538
2992	549
2993	525
2994	515
2995	524
2996	538
2997	504
2998	548
2999	526
3000	544
3001	547
3002	529
3003	550
3004	557
3005	556
3006	567
3007	557
3008	525
3009	520
3010	523
3011	545
3012	513
3013	500
3014	527
3015	537
3016	559
3017	517
3018	541
3019	543
3020	536
3021	508
3022	561
3023	546
3024	539
3025	550
3026	457
3027	546
3028	528
3029	554
3030	562
3031	512
3032	543
3033	550
3034	521
3035	576
3036	535
3037	531
3038	545
3039	476
3040	556
3041	535
3042	514
3043	547
3044	571
3045	549
3046	577
3047	518
3048	545
3049	489
3050	540
3051	553
3052	565
3053	558
3054	526
3055	517
3056	521
3057	516
3058	513
3059	541
3060	553
3061	553
3062	543
3063	547
3064	565
3065	601
3066	525
3067	520
3068	596
3069	542
3070	568
3071	546
3072	528
3073	557
3074	525
3075	517
3076	518
3077	523
3078	533
3079	496
3080	549
3081	534
3082	540
3083	519
3084	553
3085	505
3086	498
3087	559
3088	537
3089	510
3090	524
3091	561
3092	522
3093	504
3094	477
3095	550
3096	485
3097	487
3098	562
3099	497
3100	536
3101	532
3102	531
3103	544
3104	555
3105	524
3106	518
3107	517
3108	567
3109	516
3110	550
3111	529
3112	480
3113	518
3114	515
3115	521
3116	515
3117	531
3118	516
3119	506
3120	512
3121	455
3122	518
3123	505
3124	526
3125	511
3126	552
3127	500
3128	534
3129	508
3130	537
3131	563
3132	531
3133	534
3134	460
3135	480
3136	544
3137	481
3138	528
3139	525
3140	501
3141	515
3142	552
3143	523
3144	480
3145	537
3146	503
3147	500
3148	509
3149	508
3150	516
3151	499
3152	526
3153	557
3154	538
3155	511
3156	477
3157	511
3158	490
3159	509
3160	483
3161	500
3162	508
3163	510
3164	548
3165	584
3166	527
3167	536
3168	540
3169	504
3170	547
3171	510
3172	530
3173	509
3174	494
3175	516
3176	556
3177	506
3178	535
3179	520
3180	481
3181	500
3182	538
3183	502
3184	547
3185	484
3186	514
3187	507
3188	516
3189	555
3190	508
3191	516
3192	472
3193	516
3194	556
3195	503
3196	549
3197	508
3198	507
3199	483
3200	519
3201	477
3202	520
3203	551
3204	517
3205	492
3206	484
3207	540
3208	502
3209	479
3210	507
3211	526
3212	493
3213	490
3214	515
3215	508
3216	524
3217	498
3218	485
3219	487
3220	493
3221	501
3222	487
3223	509
3224	528
3225	528
3226	483
3227	509
3228	524
3229	545
3230	509
3231	488
3232	514
3233	495
3234	507
3235	469
3236	472
3237	509
3238	472
3239	501
3240	533
3241	516
3242	529
3243	506
3244	491
3245	471
3246	493
3247	531
3248	530
3249	537
3250	507
3251	508
3252	493
3253	488
3254	497
3255	530
3256	454
3257	497
3258	493
3259	515
3260	473
3261	503
3262	491
3263	506
3264	492
3265	471
3266	522
3267	520
3268	475
3269	475
3270	484
3271	501
3272	473
3273	499
3274	508
3275	465
3276	520
3277	512
3278	486
3279	466
3280	497
3281	515
3282	499
3283	520
3284	487
3285	485
3286	451
3287	503
3288	471
3289	548
3290	477
3291	476
3292	518
3293	458
3294	482
3295	475
3296	471
3297	531
3298	496
3299	454
3300	471
3301	493
3302	488
3303	460
3304	484
3305	512
3306	458
3307	490
3308	455
3309	478
3310	482
3311	479
3312	496
3313	493
3314	526
3315	484
3316	461
3317	526
3318	471
3319	515
3320	476
3321	521
3322	531
3323	480
3324	445
3325	480
3326	523
3327	519
3328	468
3329	458
3330	449
3331	493
3332	492
3333	469
3334	472
3335	481
3336	452
3337	466
3338	451
3339	455
3340	451
3341	430
3342	488
3343	461
3344	459
3345	515
3346	473
3347	513
3348	479
3349	486
3350	459
3351	458
3352	490
3353	458
3354	480
3355	483
3356	478
3357	427
3358	483
3359	472
3360	449
3361	468
3362	470
3363	444
3364	476
3365	441
3366	499
3367	456
3368	460
3369	471
3370	447
3371	501
3372	450
3373	453
3374	467
3375	457
3376	480
3377	444
3378	444
3379	454
3380	483
3381	434
3382	453
3383	440
3384	454
3385	458
3386	465
3387	458
3388	456
3389	443
3390	461
3391	479
3392	468
3393	467
3394	489
3395	448
3396	469
3397	440
3398	451
3399	440
3400	449
3401	433
3402	500
3403	426
3404	430
3405	426
3406	452
3407	465
3408	467
3409	477
3410	479
3411	485
3412	429
3413	440
3414	482
3415	457
3416	471
3417	468
3418	455
3419	500
3420	425
3421	427
3422	442
3423	452
3424	469
3425	469
3426	485
3427	444
3428	466
3429	447
3430	460
3431	440
3432	447
3433	462
3434	428
3435	448
3436	463
3437	447
3438	444
3439	446
3440	443
3441	439
3442	459
3443	479
3444	404
3445	449
3446	421
3447	415
3448	474
3449	433
3450	419
3451	463
3452	464
3453	465
3454	457
3455	491
3456	434
3457	465
3458	482
3459	435
3460	453
3461	425
3462	491
3463	426
3464	464
3465	420
3466	428
3467	448
3468	467
3469	450
3470	454
3471	471
3472	456
3473	449
3474	470
3475	444
3476	455
3477	441
3478	449
3479	471
3480	438
3481	440
3482	490
3483	424
3484	411
3485	463
3486	421
3487	438
3488	497
3489	443
3490	431
3491	465
3492	420
3493	417
3494	416
3495	473
3496	447
3497	447
3498	450
3499	460
3500	408
3501	456
3502	439
3503	456
3504	481
3505	477
3506	426
3507	447
3508	430
3509	433
3510	431
3511	419
3512	433
3513	442
3514	427
3515	451
3516	448
3517	452
3518	441
3519	413
3520	414
3521	462
3522	454
3523	436
3524	473
3525	416
3526	471
3527	409
3528	446
3529	417
3530	430
3531	415
3532	457
3533	410
3534	442
3535	441
3536	465
3537	431
3538	438
3539	462
3540	444
3541	439
3542	431
3543	424
3544	410
3545	420
3546	424
3547	378
3548	414
3549	412
3550	427
3551	423
3552	404
3553	462
3554	463
3555	437
3556	446
3557	399
3558	421
3559	416
3560	406
3561	423
3562	449
3563	423
3564	405
3565	443
3566	466
3567	455
3568	427
3569	425
3570	472
3571	445
3572	496
3573	395
3574	415
3575	410
3576	415
3577	421
3578	433
3579	462
3580	422
3581	422
3582	423
3583	446
3584	430
3585	411
3586	437
3587	403
3588	431
3589	388
3590	458
3591	433
3592	425
3593	427
3594	399
3595	400
3596	414
3597	420
3598	387
3599	436
3600	436
3601	438
3602	389
3603	442
3604	403
3605	441
3606	419
3607	433
3608	442
3609	398
3610	417
3611	389
3612	436
3613	439
3614	458
3615	420
3616	388
3617	402
3618	432
3619	409
3620	427
3621	409
3622	447
3623	419
3624	418
3625	431
3626	427
3627	448
3628	460
3629	465
3630	404
3631	395
3632	423
3633	421
3634	393
3635	437
3636	424
3637	415
3638	444
3639	414
3640	443
3641	424
3642	466
3643	398
3644	439
3645	449
3646	413
3647	375
3648	419
3649	411
3650	414
3651	377
3652	449
3653	425
3654	415
3655	437
3656	412
3657	387
3658	450
3659	396
3660	421
3661	397
3662	409
3663	398
3664	447
3665	418
3666	418
3667	427
3668	433
3669	432
3670	442
3671	390
3672	407
3673	422
3674	426
3675	431
3676	403
3677	387
3678	440
3679	361
3680	439
3681	396
3682	386
3683	435
3684	418
3685	481
3686	415
3687	422
3688	366
3689	401
3690	407
3691	390
3692	409
3693	402
3694	422
3695	411
3696	413
3697	388
3698	418
3699	405
3700	400
3701	388
3702	405
3703	398
3704	385
3705	410
3706	384
3707	414
3708	415
3709	448
3710	429
3711	365
3712	434
3713	404
3714	395
3715	384
3716	397
3717	412
3718	415
3719	408
3720	399
3721	372
3722	396
3723	396
3724	407
3725	405
3726	443
3727	404
3728	442
3729	415
3730	401
3731	385
3732	397
3733	386
3734	409
3735	407
3736	403
3737	390
3738	403
3739	405
3740	376
3741	405
3742	419
3743	395
3744	387
3745	406
3746	394
3747	422
3748	400
3749	395
3750	400
3751	376
3752	416
3753	449
3754	409
3755	387
3756	440
3757	412
3758	369
3759	380
3760	385
3761	413
3762	449
3763	426
3764	418
3765	405
3766	421
3767	392
3768	406
3769	395
3770	408
3771	409
3772	409
3773	464
3774	421
3775	414
3776	419
3777	424
3778	369
3779	398
3780	406
3781	391
3782	419
3783	425
3784	380
3785	396
3786	400
3787	359
3788	429
3789	364
3790	398
3791	371
3792	391
3793	405
3794	391
3795	377
3796	385
3797	419
3798	377
3799	392
3800	384
3801	366
3802	373
3803	385
3804	389
3805	392
3806	417
3807	462
3808	357
3809	419
3810	374
3811	378
3812	377
3813	411
3814	401
3815	381
3816	436
3817	350
3818	374
3819	399
3820	412
3821	398
3822	413
3823	383
3824	396
3825	411
3826	398
3827	390
3828	410
3829	394
3830	405
3831	402
3832	410
3833	378
3834	402
3835	378
3836	396
3837	368
3838	376
3839	398
3840	416
3841	422
3842	395
3843	409
3844	369
3845	422
3846	407
3847	439
3848	388
3849	383
3850	415
3851	402
3852	394
3853	412
3854	427
3855	394
3856	402
3857	394
3858	397
3859	385
3860	390
3861	385
3862	435
3863	387
3864	352
3865	398
3866	377
3867	410
3868	386
3869	376
3870	369
3871	400
3872	359
3873	352
3874	384
3875	401
3876	367
3877	395
3878	355
3879	396
3880	368
3881	397
3882	385
3883	365
3884	384
3885	414
3886	390
3887	384
3888	407
3889	355
3890	385
3891	375
3892	389
3893	380
3894	347
3895	405
3896	382
3897	382
3898	433
3899	354
3900	415
3901	400
3902	381
3903	354
3904	395
3905	407
3906	382
3907	395
3908	389
3909	380
3910	385
3911	397
3912	364
3913	394
3914	382
3915	384
3916	377
3917	395
3918	371
3919	376
3920	404
3921	381
3922	371
3923	401
3924	390
3925	379
3926	431
3927	395
3928	411
3929	419
3930	385
3931	406
3932	388
3933	391
3934	362
3935	419
3936	378
3937	357
3938	376
3939	394
3940	381
3941	395
3942	400
3943	370
3944	420
3945	397
3946	412
3947	378
3948	426
3949	403
3950	383
3951	399
3952	382
3953	388
3954	361
3955	395
3956	378
3957	403
3958	392
3959	395
3960	371
3961	393
3962	358
3963	375
3964	421
3965	364
3966	428
3967	366
3968	378
3969	413
3970	415
3971	382
3972	369
3973	401
3974	380
3975	386
3976	404
3977	388
3978	410
3979	377
3980	370
3981	370
3982	383
3983	352
3984	407
3985	342
3986	387
3987	388
3988	383
3989	386
3990	404
3991	380
3992	425
3993	411
3994	374
3995	390
3996	397
3997	403
3998	383
3999	389
4000	389
4001	381
4002	409
4003	366
4004	398
4005	426
4006	441
4007	387
4008	383
4009	455
4010	376
4011	360
4012	389
4013	410
4014	394
4015	366
4016	398
4017	410
4018	388
4019	359
4020	403
4021	350
4022	393
4023	389
4024	411
4025	392
4026	390
4027	377
4028	373
4029	365
4030	350
4031	418
4032	394
4033	398
4034	385
4035	364
4036	389
4037	409
4038	361
4039	418
4040	383
4041	398
4042	391
4043	372
4044	392
4045	373
4046	403
4047	376
4048	387
4049	389
4050	410
4051	335
4052	424
4053	370
4054	360
4055	440
4056	370
4057	390
4058	369
4059	407
4060	401
4061	393
4062	398
4063	393
4064	392
4065	362
4066	405
4067	393
4068	386
4069	395
4070	368
4071	381
4072	374
4073	389
4074	371
4075	375
4076	350
4077	379
4078	386
4079	391
4080	416
4081	362
4082	369
4083	387
4084	389
4085	418
4086	398
4087	394
4088	417
4089	396
4090	408
4091	381
4092	390
4093	356
4094	396
4095	398
4096	405
4097	359
4098	375
4099	374
4100	381
4101	387
4102	387
4103	380
4104	378
4105	386
4106	397
4107	456
4108	367
4109	343
4110	401
4111	383
4112	390
4113	370
4114	388
4115	385
4116	393
4117	391
4118	384
4119	377
4120	412
4121	355
4122	406
4123	406
4124	372
4125	389
4126	376
4127	419
4128	358
4129	352
4130	382
4131	406
4132	386
4133	372
4134	381
4135	371
4136	347
4137	344
4138	371
4139	399
4140	391
4141	376
4142	403
4143	371
4144	404
4145	361
4146	367
4147	380
4148	398
4149	371
4150	422
4151	330
4152	388
4153	397
4154	351
4155	361
4156	365
4157	380
4158	411
4159	389
4160	397
4161	334
4162	390
4163	366
4164	382
4165	449
4166	390
4167	400
4168	395
4169	396
4170	416
4171	391
4172	383
4173	384
4174	366
4175	388
4176	386
4177	378
4178	385
4179	397
4180	399
4181	363
4182	360
4183	387
4184	403
4185	367
4186	392
4187	391
4188	402
4189	374
4190	388
4191	349
4192	367
4193	414
4194	365
4195	358
4196	374
4197	373
4198	368
4199	402
4200	382
4201	379
4202	381
4203	408
4204	399
4205	372
4206	405
4207	377
4208	389
4209	365
4210	392
4211	368
4212	410
4213	400
4214	409
4215	379
4216	408
4217	373
4218	374
4219	382
4220	384
4221	344
4222	396
4223	376
4224	363
4225	372
4226	407
4227	410
4228	433
4229	382
4230	399
4231	392
4232	366
4233	400
4234	377
4235	423
4236	423
4237	395
4238	435
4239	411
4240	386
4241	352
4242	419
4243	419
4244	365
4245	390
4246	372
4247	378
4248	411
4249	342
4250	355
4251	360
4252	376
4253	377
4254	372
4255	399
4256	391
4257	384
4258	395
4259	405
4260	392
4261	362
4262	385
4263	368
4264	392
4265	366
4266	385
4267	400
4268	367
4269	371
4270	389
4271	409
4272	383
4273	347
4274	377
4275	414
4276	415
4277	385
4278	394
4279	339
4280	358
4281	375
4282	365
4283	396
4284	397
4285	387
4286	373
4287	385
4288	417
4289	396
4290	374
4291	384
4292	385
4293	387
4294	353
4295	421
4296	404
4297	381
4298	355
4299	438
4300	442
4301	378
4302	377
4303	393
4304	402
4305	360
4306	383
4307	382
4308	400
4309	382
4310	392
4311	396
4312	428
4313	366
4314	385
4315	403
4316	394
4317	404
4318	405
4319	400
4320	386
4321	365
4322	421
4323	366
4324	369
4325	379
4326	389
4327	361
4328	361
4329	366
4330	387
4331	397
4332	379
4333	371
4334	398
4335	363
4336	366
4337	391
4338	388
4339	351
4340	342
4341	409
4342	393
4343	388
4344	404
4345	404
4346	374
4347	422
4348	425
4349	395
4350	402
4351	403
4352	392
4353	396
4354	409
4355	408
4356	404
4357	375
4358	392
4359	350
4360	364
4361	358
4362	394
4363	389
4364	393
4365	413
4366	400
4367	373
4368	372
4369	392
4370	423
4371	376
4372	365
4373	374
4374	379
4375	391
4376	364
4377	413
4378	381
4379	373
4380	378
4381	360
4382	394
4383	395
4384	388
4385	362
4386	364
4387	340
4388	428
4389	413
4390	368
4391	374
4392	355
4393	389
4394	382
4395	379
4396	381
4397	368
4398	397
4399	351
4400	409
4401	358
4402	346
4403	369
4404	418
4405	390
4406	399
4407	380
4408	387
4409	386
4410	400
4411	383
4412	387
4413	364
4414	360
4415	366
4416	373
4417	351
4418	357
4419	418
4420	351
4421	360
4422	386
4423	368
4424	385
4425	377
4426	385
4427	387
4428	373
4429	360
4430	400
4431	373
4432	381
4433	371
4434	363
4435	382
4436	384
4437	400
4438	351
4439	353
4440	379
4441	392
4442	346
4443	377
4444	359
4445	374
4446	354
4447	366
4448	382
4449	399
4450	356
4451	365
4452	369
4453	368
4454	362
4455	386
4456	385
4457	379
4458	326
4459	376
4460	370
4461	335
4462	370
4463	375
4464	391
4465	336
4466	381
4467	365
4468	404
4469	375
4470	358
4471	356
4472	332
4473	369
4474	376
4475	362
4476	356
4477	377
4478	376
4479	357
4480	348
4481	380
4482	372
4483	331
4484	343
4485	359
4486	396
4487	339
4488	392
4489	342
4490	330
4491	330
4492	375
4493	377
4494	349
4495	380
4496	334
4497	363
4498	383
4499	367
4500	365
4501	342
4502	342
4503	363
4504	370
4505	375
4506	355
4507	330
4508	373
4509	365
4510	402
4511	327
4512	369
4513	341
4514	353
4515	342
4516	348
4517	361
4518	378
4519	333
4520	314
4521	321
4522	387
4523	362
4524	350
4525	340
4526	356
4527	322
4528	354
4529	350
4530	354
4531	324
4532	341
4533	359
4534	350
4535	296
4536	328
4537	358
4538	348
4539	378
4540	307
4541	314
4542	350
4543	339
4544	361
4545	326
4546	321
4547	334
4548	335
4549	336
4550	331
4551	323
4552	325
4553	311
4554	325
4555	355
4556	320
4557	319
4558	320
4559	332
4560	309
4561	347
4562	334
4563	322
4564	323
4565	332
4566	342
4567	323
4568	299
4569	315
4570	322
4571	306
4572	323
4573	317
4574	325
4575	333
4576	289
4577	319
4578	323
4579	321
4580	317
4581	313
4582	321
4583	293
4584	311
4585	319
4586	335
4587	328
4588	304
4589	313
4590	329
4591	335
4592	308
4593	293
4594	316
4595	288
4596	329
4597	301
4598	297
4599	323
4600	280
4601	320
4602	316
4603	306
4604	316
4605	318
4606	286
4607	292
4608	297
4609	323
4610	282
4611	309
4612	294
4613	310
4614	289
4615	305
4616	285
4617	292
4618	300
4619	297
4620	266
4621	289
4622	293
4623	285
4624	310
4625	322
4626	319
4627	318
4628	302
4629	298
4630	303
4631	288
4632	305
4633	295
4634	288
4635	275
4636	279
4637	259
4638	293
4639	297
4640	301
4641	315
4642	303
4643	299
4644	318
4645	295
4646	293
4647	282
4648	265
4649	298
4650	302
4651	294
4652	284
4653	292
4654	303
4655	279
4656	251
4657	256
4658	279
4659	295
4660	269
4661	298
4662	275
4663	288
4664	288
4665	274
4666	302
4667	259
4668	278
4669	269
4670	268
4671	256
4672	254
4673	284
4674	277
4675	262
4676	281
4677	265
4678	263
4679	277
4680	304
4681	291
4682	286
4683	284
4684	246
4685	290
4686	243
4687	267
4688	309
4689	264
4690	264
4691	250
4692	233
4693	224
4694	256
4695	280
4696	262
4697	259
4698	250
4699	274
4700	283
4701	275
4702	253
4703	266
4704	262
4705	269
4706	268
4707	238
4708	264
4709	259
4710	252
4711	248
4712	262
4713	237
4714	297
4715	256
4716	271
4717	249
4718	254
4719	273
4720	248
4721	271
4722	269
4723	258
4724	253
4725	261
4726	259
4727	252
4728	275
4729	265
4730	257
4731	245
4732	253
4733	230
4734	238
4735	260
4736	248
4737	236
4738	228
4739	269
4740	244
4741	244
4742	251
4743	235
4744	271
4745	241
4746	249
4747	251
4748	258
4749	261
4750	238
4751	240
4752	255
4753	246
4754	211
4755	209
4756	234
4757	241
4758	260
4759	246
4760	233
4761	256
4762	229
4763	206
4764	225
4765	236
4766	239
4767	250
4768	213
4769	240
4770	235
4771	231
4772	198
4773	224
4774	250
4775	232
4776	254
4777	247
4778	234
4779	213
4780	222
4781	239
4782	227
4783	246
4784	232
4785	224
4786	255
4787	241
4788	234
4789	243
4790	216
4791	250
4792	218
4793	209
4794	238
4795	210
4796	227
4797	198
4798	242
4799	218
4800	214
4801	244
4802	252
4803	229
4804	191
4805	203
4806	220
4807	208
4808	198
4809	217
4810	232
4811	238
4812	230
4813	207
4814	204
4815	204
4816	231
4817	212
4818	205
4819	195
4820	207
4821	214
4822	218
4823	220
4824	200
4825	223
4826	229
4827	210
4828	200
4829	220
4830	244
4831	215
4832	194
4833	218
4834	209
4835	220
4836	220
4837	212
4838	230
4839	210
4840	223
4841	214
4842	202
4843	218
4844	182
4845	225
4846	233
4847	217
4848	194
4849	237
4850	221
4851	190
4852	206
4853	203
4854	201
4855	212
4856	211
4857	216
4858	220
4859	203
4860	213
4861	195
4862	188
4863	182
4864	219
4865	217
4866	190
4867	212
4868	197
4869	190
4870	215
4871	205
4872	208
4873	210
4874	212
4875	199
4876	232
4877	208
4878	221
4879	204
4880	218
4881	203
4882	201
4883	199
4884	214
4885	212
4886	193
4887	192
4888	199
4889	196
4890	203
4891	218
4892	202
4893	188
4894	188
4895	185
4896	215
4897	211
4898	218
4899	189
4900	190
4901	178
4902	177
4903	185
4904	207
4905	170
4906	193
4907	182
4908	207
4909	188
4910	215
4911	187
4912	184
4913	177
4914	187
4915	175
4916	197
4917	190
4918	195
4919	184
4920	169
4921	187
4922	171
4923	192
4924	176
4925	163
4926	176
4927	173
4928	162
4929	184
4930	205
4931	204
4932	177
4933	198
4934	199
4935	172
4936	213
4937	182
4938	180
4939	204
4940	172
4941	166
4942	197
4943	182
4944	188
4945	172
4946	184
4947	180
4948	182
4949	176
4950	177
4951	175
4952	161
4953	196
4954	183
4955	182
4956	165
4957	203
4958	199
4959	197
4960	211
4961	176
4962	190
4963	177
4964	186
4965	181
4966	195
4967	173
4968	197
4969	169
4970	205
4971	166
4972	190
4973	174
4974	191
4975	193
4976	148
4977	202
4978	191
4979	181
4980	192
4981	210
4982	174
4983	205
4984	165
4985	156
4986	170
4987	181
4988	179
4989	199
4990	194
4991	186
4992	149
4993	176
4994	174
4995	174
4996	186
4997	176
4998	192
4999	171
5000	192
5001	175
5002	164
5003	169
5004	161
5005	169
5006	174
5007	194
5008	149
5009	171
5010	189
5011	182
5012	173
5013	183
5014	183
5015	179
5016	196
5017	157
5018	184
5019	181
5020	195
5021	169
5022	159
5023	176
5024	179
5025	169
5026	182
5027	167
5028	178
5029	186
5030	191
5031	166
5032	155
5033	154
5034	184
5035	168
5036	188
5037	181
5038	169
5039	182
5040	160
5041	168
5042	166
5043	202
5044	171
5045	173
5046	169
5047	191
5048	187
5049	163
5050	164
5051	175
5052	174
5053	172
5054	162
5055	149
5056	168
5057	177
5058	167
5059	162
5060	174
5061	152
5062	174
5063	157
5064	179
5065	155
5066	189
5067	148
5068	165
5069	190
5070	169
5071	188
5072	184
5073	177
5074	158
5075	172
5076	147
5077	163
5078	166
5079	172
5080	178
5081	156
5082	182
5083	159
5084	163
5085	176
5086	175
5087	178
5088	173
5089	191
5090	168
5091	148
5092	155
5093	173
5094	160
5095	151
5096	157
5097	170
5098	169
5099	157
5100	152
5101	143
5102	154
5103	154
5104	168
5105	161
5106	185
5107	142
5108	146
5109	171
5110	163
5111	167
5112	168
5113	169
5114	194
5115	164
5116	185
5117	154
5118	163
5119	155
5120	191
5121	153
5122	161
5123	184
5124	166
5125	166
5126	150
5127	164
5128	154
5129	134
5130	183
5131	155
5132	165
5133	164
5134	154
5135	167
5136	187
5137	151
5138	169
5139	166
5140	158
5141	158
5142	172
5143	155
5144	150
5145	164
5146	153
5147	158
5148	154
5149	156
5150	163
5151	141
5152	130
5153	169
5154	157
5155	172
5156	145
5157	174
5158	143
5159	162
5160	146
5161	162
5162	163
5163	177
5164	156
5165	176
5166	159
5167	169
5168	152
5169	149
5170	159
5171	156
5172	156
5173	165
5174	145
5175	178
5176	159
5177	137
5178	161
5179	150
5180	163
5181	155
5182	154
5183	172
5184	171
5185	179
5186	147
5187	124
5188	139
5189	146
5190	157
5191	145
5192	168
5193	137
5194	154
5195	147
5196	146
5197	165
5198	165
5199	158
5200	172
5201	156
5202	168
5203	173
5204	167
5205	137
5206	169
5207	151
5208	175
5209	163
5210	142
5211	162
5212	152
5213	151
5214	167
5215	155
5216	142
5217	155
5218	143
5219	172
5220	152
5221	164
5222	137
5223	140
5224	148
5225	168
5226	160
5227	165
5228	147
5229	157
5230	148
5231	134
5232	143
5233	155
5234	147
5235	124
5236	157
5237	178
5238	146
5239	153
5240	136
5241	147
5242	156
5243	153
5244	153
5245	159
5246	159
5247	171
5248	156
5249	148
5250	161
5251	163
5252	131
5253	160
5254	168
5255	142
5256	155
5257	142
5258	148
5259	147
5260	154
5261	136
5262	156
5263	144
5264	155
5265	151
5266	138
5267	155
5268	144
5269	147
5270	150
5271	128
5272	142
5273	139
5274	139
5275	137
5276	114
5277	149
5278	134
5279	140
5280	147
5281	136
5282	136
5283	147
5284	149
5285	141
5286	157
5287	160
5288	134
5289	146
5290	123
5291	163
5292	161
5293	132
5294	139
5295	166
5296	157
5297	140
5298	131
5299	130
5300	129
5301	171
5302	145
5303	169
5304	143
5305	152
5306	159
5307	159
5308	152
5309	151
5310	162
5311	130
5312	155
5313	147
5314	137
5315	166
5316	146
5317	140
5318	156
5319	152
5320	155
5321	146
5322	156
5323	137
5324	137
5325	149
5326	147
5327	168
5328	151
5329	144
5330	166
5331	152
5332	149
5333	148
5334	149
5335	147
5336	148
5337	163
5338	156
5339	150
5340	138
5341	149
5342	137
5343	163
5344	145
5345	135
5346	148
5347	134
5348	138
5349	149
5350	143
5351	123
5352	131
5353	154
5354	152
5355	134
5356	136
5357	137
5358	130
5359	135
5360	140
5361	147
5362	132
5363	148
5364	155
5365	164
5366	131
5367	145
5368	157
5369	135
5370	145
5371	147
5372	160
5373	119
5374	161
5375	162
5376	126
5377	160
5378	150
5379	146
5380	156
5381	144
5382	144
5383	124
5384	144
5385	127
5386	142
5387	141
5388	145
5389	138
5390	141
5391	133
5392	146
5393	140
5394	121
5395	139
5396	154
5397	143
5398	161
5399	159
5400	156
5401	144
5402	146
5403	139
5404	142
5405	147
5406	124
5407	151
5408	139
5409	142
5410	122
5411	143
5412	140
5413	142
5414	141
5415	142
5416	151
5417	152
5418	166
5419	144
5420	136
5421	137
5422	153
5423	132
5424	143
5425	135
5426	137
5427	131
5428	126
5429	132
5430	118
5431	139
5432	139
5433	145
5434	135
5435	154
5436	136
5437	129
5438	140
5439	159
5440	140
5441	150
5442	136
5443	161
5444	158
5445	148
5446	144
5447	124
5448	146
5449	143
5450	148
5451	134
5452	163
5453	149
5454	158
5455	129
5456	131
5457	143
5458	156
5459	146
5460	134
5461	132
5462	135
5463	142
5464	137
5465	149
5466	148
5467	112
5468	144
5469	137
5470	131
5471	142
5472	153
5473	145
5474	126
5475	119
5476	122
5477	139
5478	154
5479	159
5480	129
5481	168
5482	154
5483	132
5484	143
5485	147
5486	135
5487	147
5488	127
5489	126
5490	133
5491	131
5492	126
5493	144
5494	135
5495	139
5496	146
5497	150
5498	160
5499	133
5500	136
5501	134
5502	117
5503	131
5504	126
5505	152
5506	133
5507	137
5508	151
5509	140
5510	136
5511	121
5512	134
5513	118
5514	134
5515	143
5516	135
5517	139
5518	147
5519	133
5520	144
5521	124
5522	118
5523	143
5524	156
5525	123
5526	148
5527	113
5528	146
5529	129
5530	128
5531	131
5532	137
5533	132
5534	123
5535	124
5536	136
5537	137
5538	152
5539	138
5540	141
5541	146
5542	118
5543	150
5544	139
5545	138
5546	137
5547	120
5548	129
5549	123
5550	128
5551	120
5552	135
5553	147
5554	119
5555	130
5556	114
5557	135
5558	121
5559	141
5560	133
5561	136
5562	126
5563	143
5564	139
5565	149
5566	119
5567	139
5568	127
5569	142
5570	136
5571	137
5572	133
5573	139
5574	131
5575	142
5576	154
5577	139
5578	140
5579	122
5580	150
5581	141
5582	147
5583	126
5584	128
5585	137
5586	129
5587	132
5588	111
5589	146
5590	149
5591	123
5592	114
5593	124
5594	157
5595	116
5596	125
5597	130
5598	153
5599	126
5600	129
5601	121
5602	124
5603	127
5604	136
5605	125
5606	155
5607	133
5608	121
5609	134
5610	139
5611	137
5612	137
5613	121
5614	145
5615	128
5616	124
5617	135
5618	146
5619	133
5620	120
5621	131
5622	122
5623	122
5624	133
5625	136
5626	140
5627	109
5628	142
5629	148
5630	130
5631	142
5632	137
5633	132
5634	141
5635	121
5636	144
5637	124
5638	132
5639	127
5640	115
5641	131
5642	126
5643	163
5644	128
5645	134
5646	127
5647	144
5648	119
5649	109
5650	138
5651	135
5652	134
5653	119
5654	141
5655	130
5656	133
5657	126
5658	150
5659	153
5660	136
5661	118
5662	139
5663	141
5664	142
5665	119
5666	132
5667	139
5668	135
5669	142
5670	137
5671	131
5672	126
5673	120
5674	125
5675	145
5676	136
5677	123
5678	121
5679	115
5680	133
5681	143
5682	105
5683	97
5684	135
5685	134
5686	115
5687	130
5688	128
5689	137
5690	125
5691	131
5692	149
5693	121
5694	103
5695	114
5696	138
5697	123
5698	132
5699	129
5700	136
5701	112
5702	128
5703	132
5704	154
5705	122
5706	115
5707	128
5708	129
5709	116
5710	116
5711	130
5712	141
5713	115
5714	124
5715	119
5716	141
5717	126
5718	131
5719	135
5720	128
5721	124
5722	137
5723	140
5724	127
5725	125
5726	128
5727	136
5728	130
5729	106
5730	137
5731	151
5732	98
5733	132
5734	136
5735	119
5736	113
5737	125
5738	111
5739	121
5740	136
5741	117
5742	132
5743	126
5744	122
5745	128
5746	160
5747	125
5748	121
5749	123
5750	140
5751	127
5752	139
5753	108
5754	126
5755	137
5756	125
5757	136
5758	113
5759	127
5760	115
5761	112
5762	108
5763	141
5764	144
5765	112
5766	147
5767	107
5768	123
5769	125
5770	124
5771	111
5772	125
5773	115
5774	122
5775	137
5776	129
5777	132
5778	123
5779	119
5780	134
5781	127
5782	126
5783	128
5784	146
5785	125
5786	134
5787	103
5788	112
5789	125
5790	127
5791	134
5792	123
5793	126
5794	123
5795	120
5796	125
5797	139
5798	131
5799	150
5800	129
5801	112
5802	133
5803	145
5804	112
5805	128
5806	115
5807	136
5808	144
5809	121
5810	131
5811	121
5812	130
5813	126
5814	139
5815	134
5816	131
5817	121
5818	138
5819	147
5820	146
5821	123
5822	129
5823	122
5824	115
5825	134
5826	119
5827	107
5828	130
5829	119
5830	145
5831	123
5832	105
5833	117
5834	130
5835	125
5836	119
5837	142
5838	134
5839	122
5840	117
5841	127
5842	109
5843	117
5844	108
5845	134
5846	118
5847	142
5848	125
5849	146
5850	120
5851	124
5852	119
5853	117
5854	133
5855	128
5856	147
5857	111
5858	120
5859	123
5860	127
5861	113
5862	122
5863	112
5864	125
5865	124
5866	119
5867	128
5868	115
5869	135
5870	96
5871	132
5872	115
5873	146
5874	114
5875	127
5876	115
5877	125
5878	121
5879	116
5880	118
5881	133
5882	131
5883	113
5884	123
5885	128
5886	134
5887	135
5888	106
5889	129
5890	125
5891	126
5892	132
5893	128
5894	125
5895	133
5896	122
5897	130
5898	112
5899	111
5900	131
5901	134
5902	135
5903	105
5904	125
5905	135
5906	124
5907	122
5908	128
5909	121
5910	132
5911	111
5912	109
5913	133
5914	111
5915	127
5916	121
5917	134
5918	121
5919	141
5920	121
5921	125
5922	125
5923	113
5924	116
5925	118
5926	107
5927	120
5928	135
5929	133
5930	132
5931	117
5932	113
5933	137
5934	130
5935	110
5936	122
5937	144
5938	140
5939	113
5940	127
5941	116
5942	131
5943	128
5944	104
5945	121
5946	115
5947	122
5948	118
5949	130
5950	144
5951	118
5952	120
5953	118
5954	135
5955	139
5956	121
5957	114
5958	107
5959	132
5960	121
5961	138
5962	108
5963	119
5964	128
5965	123
5966	135
5967	117
5968	139
5969	113
5970	116
5971	117
5972	117
5973	114
5974	114
5975	118
5976	140
5977	129
5978	130
5979	144
5980	111
5981	132
5982	103
5983	121
5984	120
5985	120
5986	134
5987	142
5988	152
5989	121
5990	140
5991	114
5992	113
5993	132
5994	128
5995	124
5996	120
5997	116
5998	113
5999	116
6000	128
6001	124
6002	126
6003	130
6004	126
6005	121
6006	131
6007	111
6008	122
6009	109
6010	121
6011	88
6012	124
6013	121
6014	124
6015	96
6016	135
6017	109
6018	115
6019	134
6020	126
6021	123
6022	138
6023	130
6024	136
6025	130
6026	131
6027	132
6028	132
6029	137
6030	143
6031	117
6032	129
6033	133
6034	125
6035	129
6036	132
6037	119
6038	126
6039	110
6040	98
6041	104
6042	135
6043	124
6044	128
6045	111
6046	108
6047	105
6048	100
6049	121
6050	126
6051	127
6052	143
6053	131
6054	119
6055	118
6056	121
6057	114
6058	134
6059	161
6060	108
6061	116
6062	118
6063	114
6064	120
6065	121
6066	148
6067	130
6068	142
6069	134
6070	106
6071	125
6072	129
6073	122
6074	118
6075	135
6076	128
6077	123
6078	134
6079	144
6080	145
6081	130
6082	118
6083	124
6084	137
6085	123
6086	126
6087	124
6088	124
6089	111
6090	137
6091	117
6092	125
6093	118
6094	125
6095	125
6096	118
6097	121
6098	121
6099	129
6100	132
6101	136
6102	125
6103	142
6104	125
6105	135
6106	123
6107	116
6108	117
6109	124
6110	119
6111	127
6112	102
6113	119
6114	118
6115	142
6116	126
6117	111
6118	136
6119	115
6120	137
6121	133
6122	128
6123	132
6124	128
6125	131
6126	149
6127	114
6128	148
6129	111
6130	122
6131	121
6132	122
6133	117
6134	135
6135	125
6136	122
6137	141
6138	140
6139	109
6140	96
6141	117
6142	114
6143	134
6144	111
6145	126
6146	118
6147	131
6148	106
6149	131
6150	131
6151	121
6152	126
6153	139
6154	131
6155	109
6156	120
6157	109
6158	129
6159	106
6160	136
6161	122
6162	94
6163	120
6164	139
6165	129
6166	114
6167	102
6168	108
6169	134
6170	125
6171	135
6172	109
6173	154
6174	125
6175	133
6176	116
6177	132
6178	130
6179	141
6180	135
6181	129
6182	139
6183	122
6184	126
6185	117
6186	121
6187	124
6188	132
6189	126
6190	116
6191	107
6192	119
6193	118
6194	109
6195	89
6196	117
6197	97
6198	112
6199	110
6200	116
6201	120
6202	118
6203	110
6204	102
6205	123
6206	131
6207	147
6208	108
6209	114
6210	133
6211	125
6212	118
6213	130
6214	121
6215	117
6216	135
6217	123
6218	135
6219	119
6220	131
6221	128
6222	118
6223	123
6224	118
6225	137
6226	115
6227	117
6228	136
6229	118
6230	125
6231	110
6232	120
6233	111
6234	139
6235	139
6236	128
6237	124
6238	124
6239	137
6240	115
6241	125
6242	119
6243	115
6244	118
6245	93
6246	109
6247	128
6248	130
6249	107
6250	120
6251	115
6252	116
6253	119
6254	102
6255	117
6256	124
6257	90
6258	137
6259	113
6260	150
6261	115
6262	130
6263	132
6264	117
6265	111
6266	119
6267	122
6268	127
6269	122
6270	126
6271	105
6272	124
6273	136
6274	108
6275	123
6276	121
6277	121
6278	133
6279	116
6280	124
6281	129
6282	125
6283	132
6284	117
6285	129
6286	122
6287	125
6288	120
6289	145
6290	115
6291	136
6292	110
6293	137
6294	135
6295	135
6296	144
6297	135
6298	111
6299	143
6300	118
6301	137
6302	124
6303	120
6304	124
6305	118
6306	133
6307	126
6308	114
6309	126
6310	139
6311	150
6312	115
6313	122
6314	127
6315	116
6316	135
6317	133
6318	135
6319	102
6320	125
6321	137
6322	120
6323	133
6324	117
6325	115
6326	128
6327	132
6328	123
6329	128
6330	134
6331	123
6332	115
6333	113
6334	126
6335	131
6336	128
6337	149
6338	109
6339	106
6340	119
6341	109
6342	120
6343	110
6344	127
6345	141
6346	124
6347	113
6348	143
6349	117
6350	134
6351	129
6352	124
6353	112
6354	123
6355	133
6356	116
6357	131
6358	139
6359	134
6360	145
6361	114
6362	125
6363	136
6364	125
6365	120
6366	126
6367	125
6368	139
6369	128
6370	134
6371	139
6372	115
6373	127
6374	121
6375	129
6376	123
6377	132
6378	128
6379	136
6380	144
6381	126
6382	132
6383	111
6384	145
6385	128
6386	109
6387	127
6388	114
6389	144
6390	119
6391	125
6392	117
6393	108
6394	129
6395	125
6396	116
6397	115
6398	139
6399	137
6400	130
6401	132
6402	127
6403	109
6404	133
6405	127
6406	118
6407	122
6408	129
6409	133
6410	133
6411	119
6412	141
6413	116
6414	129
6415	140
6416	121
6417	117
6418	126
6419	134
6420	124
6421	127
6422	134
6423	132
6424	135
6425	121
6426	128
6427	116
6428	135
6429	139
6430	137
6431	126
6432	128
6433	136
6434	120
6435	135
6436	121
6437	131
6438	134
6439	117
6440	128
6441	127
6442	127
6443	118
6444	123
6445	148
6446	103
6447	138
6448	138
6449	135
6450	141
6451	141
6452	146
6453	138
6454	131
6455	144
6456	124
6457	161
6458	137
6459	139
6460	137
6461	137
6462	135
6463	144
6464	130
6465	152
6466	114
6467	154
6468	144
6469	120
6470	118
6471	152
6472	126
6473	140
6474	137
6475	157
6476	132
6477	136
6478	150
6479	133
6480	146
6481	151
6482	139
6483	156
6484	151
6485	141
6486	133
6487	165
6488	140
6489	143
6490	167
6491	160
6492	161
6493	160
6494	163
6495	145
6496	174
6497	150
6498	147
6499	114
6500	156
6501	149
6502	128
6503	134
6504	152
6505	150
6506	162
6507	128
6508	155
6509	173
6510	155
6511	156
6512	150
6513	153
6514	145
6515	160
6516	168
6517	158
6518	154
6519	142
6520	160
6521	159
6522	163
6523	163
6524	134
6525	134
6526	165
6527	149
6528	157
6529	167
6530	170
6531	174
6532	147
6533	169
6534	170
6535	180
6536	182
6537	162
6538	145
6539	190
6540	171
6541	179
6542	161
6543	144
6544	171
6545	171
6546	160
6547	173
6548	184
6549	191
6550	178
6551	176
6552	174
6553	170
6554	191
6555	161
6556	205
6557	173
6558	173
6559	186
6560	182
6561	197
6562	200
6563	172
6564	165
6565	195
6566	183
6567	182
6568	204
6569	219
6570	168
6571	204
6572	219
6573	187
6574	207
6575	158
6576	222
6577	214
6578	204
6579	187
6580	185
6581	214
6582	198
6583	205
6584	221
6585	198
6586	219
6587	203
6588	238
6589	221
6590	227
6591	208
6592	245
6593	209
6594	203
6595	246
6596	208
6597	215
6598	234
6599	220
6600	233
6601	264
6602	226
6603	253
6604	251
6605	221
6606	228
6607	245
6608	251
6609	234
6610	220
6611	199
6612	256
6613	245
6614	238
6615	236
6616	253
6617	258
6618	255
6619	258
6620	289
6621	255
6622	256
6623	245
6624	256
6625	252
6626	252
6627	283
6628	269
6629	278
6630	246
6631	253
6632	249
6633	269
6634	273
6635	279
6636	290
6637	267
6638	251
6639	277
6640	292
6641	329
6642	304
6643	285
6644	286
6645	282
6646	283
6647	300
6648	300
6649	316
6650	299
6651	291
6652	295
6653	291
6654	315
6655	330
6656	319
6657	326
6658	282
6659	346
6660	307
6661	329
6662	345
6663	312
6664	357
6665	365
6666	356
6667	305
6668	319
6669	334
6670	338
6671	353
6672	348
6673	376
6674	375
6675	356
6676	370
6677	360
6678	361
6679	379
6680	397
6681	363
6682	383
6683	366
6684	389
6685	393
6686	341
6687	385
6688	412
6689	350
6690	384
6691	426
6692	411
6693	400
6694	409
6695	414
6696	428
6697	393
6698	445
6699	419
6700	430
6701	448
6702	416
6703	420
6704	431
6705	440
6706	453
6707	416
6708	417
6709	432
6710	444
6711	428
6712	446
6713	448
6714	477
6715	457
6716	485
6717	487
6718	474
6719	478
6720	486
6721	462
6722	508
6723	473
6724	500
6725	482
6726	523
6727	512
6728	530
6729	524
6730	482
6731	528
6732	563
6733	495
6734	550
6735	509
6736	482
6737	527
6738	520
6739	562
6740	530
6741	522
6742	589
6743	554
6744	568
6745	555
6746	511
6747	578
6748	596
6749	558
6750	583
6751	583
6752	629
6753	607
6754	633
6755	572
6756	635
6757	588
6758	620
6759	665
6760	616
6761	613
6762	609
6763	672
6764	620
6765	662
6766	661
6767	623
6768	649
6769	683
6770	670
6771	688
6772	660
6773	654
6774	653
6775	682
6776	724
6777	641
6778	681
6779	696
6780	680
6781	725
6782	701
6783	734
6784	735
6785	684
6786	774
6787	698
6788	705
6789	743
6790	723
6791	700
6792	710
6793	753
6794	769
6795	768
6796	735
6797	809
6798	759
6799	749
6800	761
6801	735
6802	802
6803	807
6804	810
6805	822
6806	785
6807	822
6808	855
6809	833
6810	834
6811	873
6812	838
6813	803
6814	840
6815	884
6816	842
6817	897
6818	894
6819	891
6820	919
6821	915
6822	879
6823	955
6824	914
6825	942
6826	910
6827	946
6828	918
6829	940
6830	890
6831	925
6832	920
6833	1005
6834	960
6835	989
6836	1042
6837	1052
6838	915
6839	951
6840	978
6841	994
6842	976
6843	1022
6844	1042
6845	1094
6846	1040
6847	1037
6848	1010
6849	1022
6850	1101
6851	1051
6852	1042
6853	1071
6854	1119
6855	1079
6856	1068
6857	1051
6858	1091
6859	1125
6860	1135
6861	1138
6862	1079
6863	1132
6864	1100
6865	1149
6866	1169
6867	1127
6868	1139
6869	1123
6870	1152
6871	1160
6872	1200
6873	1179
6874	1158
6875	1162
6876	1170
6877	1200
6878	1240
6879	1184
6880	1297
6881	1211
6882	1248
6883	1270
6884	1227
6885	1246
6886	1340
6887	1237
6888	1273
6889	1257
6890	1321
6891	1326
6892	1308
6893	1347
6894	1259
6895	1298
6896	1320
6897	1350
6898	1368
6899	1316
6900	1309
6901	1378
6902	1274
6903	1386
6904	1383
6905	1371
6906	1376
6907	1408
6908	1393
6909	1394
6910	1399
6911	1470
6912	1432
6913	1404
6914	1423
6915	1402
6916	1452
6917	1450
6918	1426
6919	1447
6920	1461
6921	1460
6922	1487
6923	1519
6924	1492
6925	1518
6926	1535
6927	1450
6928	1509
6929	1455
6930	1555
6931	1468
6932	1541
6933	1551
6934	1534
6935	1560
6936	1536
6937	1530
6938	1614
6939	1639
6940	1607
6941	1591
6942	1540
6943	1592
6944	1564
6945	1612
6946	1651
6947	1585
6948	1584
6949	1615
6950	1626
6951	1600
6952	1617
6953	1637
6954	1714
6955	1724
6956	1654
6957	1677
6958	1647
6959	1661
6960	1704
6961	1670
6962	1638
6963	1654
6964	1733
6965	1757
6966	1804
6967	1773
6968	1743
6969	1685
6970	1750
6971	1852
6972	1745
6973	1716
6974	1706
6975	1804
6976	1745
6977	1763
6978	1792
6979	1803
6980	1838
6981	1875
6982	1861
6983	1828
6984	1867
6985	1886
6986	1875
6987	1859
6988	1851
6989	1834
6990	1843
6991	1921
6992	1916
6993	1851
6994	1879
6995	1922
6996	1857
6997	1952
6998	1900
6999	1895
7000	1907
7001	1928
7002	1874
7003	1899
7004	1924
7005	1933
7006	1982
7007	1926
7008	2025
7009	1978
7010	1918
7011	1973
7012	1945
7013	2009
7014	1954
7015	2041
7016	2050
7017	1981
7018	2016
7019	1999
7020	2008
7021	2126
7022	2076
7023	2046
7024	2062
7025	1992
7026	2098
7027	2023
7028	2057
7029	2099
7030	2097
7031	2109
7032	2049
7033	2091
7034	2066
7035	2190
7036	2142
7037	2151
7038	2119
7039	2206
7040	2125
7041	2116
7042	2107
7043	2120
7044	2078
7045	2212
7046	2138
7047	2159
7048	2220
7049	2184
7050	2206
7051	2099
7052	2131
7053	2222
7054	2118
7055	2216
7056	2185
7057	2260
7058	2259
7059	2178
7060	2242
7061	2136
7062	2274
7063	2279
7064	2166
7065	2247
7066	2215
7067	2265
7068	2246
7069	2221
7070	2250
7071	2248
7072	2217
7073	2255
7074	2206
7075	2277
7076	2244
7077	2317
7078	2309
7079	2284
7080	2278
7081	2303
7082	2354
7083	2365
7084	2378
7085	2260
7086	2279
7087	2283
7088	2358
7089	2315
7090	2354
7091	2291
7092	2386
7093	2300
7094	2267
7095	2386
7096	2334
7097	2365
7098	2398
7099	2359
7100	2362
7101	2322
7102	2332
7103	2369
7104	2432
7105	2250
7106	2400
7107	2269
7108	2281
7109	2335
7110	2442
7111	2361
7112	2330
7113	2358
7114	2371
7115	2409
7116	2331
7117	2350
7118	2462
7119	2368
7120	2403
7121	2398
7122	2429
7123	2416
7124	2354
7125	2364
7126	2494
7127	2326
7128	2335
7129	2394
7130	2430
7131	2385
7132	2368
7133	2379
7134	2351
7135	2413
7136	2445
7137	2410
7138	2409
7139	2435
7140	2393
7141	2414
7142	2380
7143	2331
7144	2396
7145	2355
7146	2346
7147	2450
7148	2347
7149	2394
7150	2448
7151	2365
7152	2323
7153	2492
7154	2394
7155	2440
7156	2331
7157	2461
7158	2458
7159	2422
7160	2469
7161	2335
7162	2484
7163	2430
7164	2474
7165	2474
7166	2365
7167	2478
7168	2465
7169	2453
7170	2451
7171	2491
7172	2489
7173	2336
7174	2445
7175	2506
7176	2477
7177	2395
7178	2381
7179	2367
7180	2414
7181	2467
7182	2444
7183	2404
7184	2396
7185	2445
7186	2447
7187	2371
7188	2439
7189	2398
7190	2517
7191	2419
7192	2381
7193	2358
7194	2402
7195	2437
7196	2466
7197	2383
7198	2326
7199	2479
7200	2418
7201	2400
7202	2472
7203	2399
7204	2419
7205	2371
7206	2384
7207	2371
7208	2440
7209	2419
7210	2378
7211	2311
7212	2365
7213	2338
7214	2306
7215	2307
7216	2315
7217	2420
7218	2309
7219	2341
7220	2435
7221	2268
7222	2378
7223	2238
7224	2282
7225	2286
7226	2282
7227	2338
7228	2432
7229	2294
7230	2303
7231	2265
7232	2377
7233	2338
7234	2369
7235	2274
7236	2292
7237	2250
7238	2270
7239	2312
7240	2274
7241	2366
7242	2267
7243	2341
7244	2270
7245	2313
7246	2316
7247	2289
7248	2357
7249	2237
7250	2226
7251	2211
7252	2255
7253	2293
7254	2188
7255	2241
7256	2266
7257	2294
7258	2185
7259	2308
7260	2120
7261	2185
7262	2183
7263	2277
7264	2191
7265	2252
7266	2262
7267	2260
7268	2211
7269	2247
7270	2221
7271	2159
7272	2126
7273	2148
7274	2185
7275	2146
7276	2223
7277	2111
7278	2116
7279	2237
7280	2132
7281	2163
7282	2180
7283	2157
7284	2165
7285	2191
7286	2037
7287	2079
7288	2084
7289	2109
7290	2027
7291	2198
7292	2027
7293	2037
7294	1997
7295	2070
7296	2027
7297	2113
7298	2112
7299	2014
7300	2026
7301	2035
7302	2087
7303	2143
7304	2047
7305	1973
7306	1948
7307	2035
7308	1926
7309	1968
7310	1903
7311	1925
7312	2031
7313	1980
7314	1997
7315	1935
7316	2007
7317	1937
7318	1865
7319	1914
7320	1894
7321	1912
7322	1866
7323	1837
7324	1905
7325	1998
7326	1863
7327	1836
7328	1832
7329	1841
7330	1869
7331	1937
7332	1838
7333	1874
7334	1802
7335	1820
7336	1845
7337	1835
7338	1884
7339	1723
7340	1834
7341	1761
7342	1755
7343	1844
7344	1711
7345	1897
7346	1803
7347	1830
7348	1742
7349	1800
7350	1716
7351	1727
7352	1651
7353	1722
7354	1656
7355	1767
7356	1682
7357	1766
7358	1672
7359	1744
7360	1652
7361	1658
7362	1693
7363	1682
7364	1651
7365	1652
7366	1697
7367	1645
7368	1683
7369	1625
7370	1635
7371	1646
7372	1639
7373	1646
7374	1624
7375	1595
7376	1592
7377	1601
7378	1613
7379	1569
7380	1576
7381	1567
7382	1596
7383	1534
7384	1577
7385	1568
7386	1514
7387	1546
7388	1490
7389	1546
7390	1568
7391	1519
7392	1477
7393	1454
7394	1484
7395	1463
7396	1486
7397	1508
7398	1454
7399	1481
7400	1414
7401	1449
7402	1396
7403	1415
7404	1456
7405	1449
7406	1430
7407	1433
7408	1431
7409	1414
7410	1411
7411	1353
7412	1377
7413	1337
7414	1331
7415	1337
7416	1333
7417	1371
7418	1346
7419	1288
7420	1377
7421	1352
7422	1336
7423	1358
7424	1351
7425	1330
7426	1401
7427	1280
7428	1305
7429	1286
7430	1243
7431	1246
7432	1335
7433	1207
7434	1299
7435	1159
7436	1285
7437	1221
7438	1222
7439	1240
7440	1219
7441	1197
7442	1197
7443	1172
7444	1122
7445	1128
7446	1188
7447	1166
7448	1173
7449	1236
7450	1124
7451	1131
7452	1128
7453	1154
7454	1069
7455	1171
7456	1144
7457	1146
7458	1152
7459	1091
7460	1151
7461	1065
7462	1048
7463	1077
7464	1090
7465	1110
7466	1030
7467	1048
7468	1059
7469	1058
7470	1030
7471	1088
7472	933
7473	1021
7474	1033
7475	936
7476	968
7477	988
7478	1001
7479	956
7480	1013
7481	997
7482	975
7483	941
7484	957
7485	964
7486	952
7487	974
7488	961
7489	956
7490	910
7491	950
7492	920
7493	883
7494	897
7495	948
7496	968
7497	865
7498	945
7499	941
7500	883
7501	833
7502	837
7503	850
7504	865
7505	865
7506	897
7507	849
7508	843
7509	836
7510	790
7511	797
7512	785
7513	867
7514	789
7515	825
7516	843
7517	781
7518	806
7519	766
7520	770
7521	798
7522	760
7523	757
7524	747
7525	713
7526	805
7527	762
7528	778
7529	746
7530	796
7531	728
7532	741
7533	721
7534	700
7535	684
7536	672
7537	699
7538	709
7539	713
7540	696
7541	656
7542	698
7543	657
7544	643
7545	642
7546	620
7547	707
7548	665
7549	718
7550	630
7551	645
7552	636
7553	601
7554	625
7555	607
7556	636
7557	599
7558	628
7559	619
7560	609
7561	591
7562	585
7563	602
7564	598
7565	559
7566	598
7567	576
7568	540
7569	597
7570	560
7571	565
7572	593
7573	524
7574	563
7575	603
7576	544
7577	512
7578	535
7579	534
7580	525
7581	527
7582	534
7583	516
7584	478
7585	517
7586	492
7587	467
7588	557
7589	533
7590	485
7591	537
7592	496
7593	497
7594	444
7595	533
7596	467
7597	457
7598	497
7599	474
7600	469
7601	502
7602	468
7603	437
7604	469
7605	427
7606	443
7607	485
7608	470
7609	466
7610	454
7611	444
7612	460
7613	439
7614	401
7615	388
7616	452
7617	386
7618	404
7619	412
7620	380
7621	370
7622	395
7623	373
7624	417
7625	408
7626	391
7627	412
7628	411
7629	370
7630	401
7631	368
7632	371
7633	405
7634	392
7635	371
7636	359
7637	359
7638	389
7639	383
7640	373
7641	378
7642	329
7643	368
7644	354
7645	360
7646	360
7647	334
7648	341
7649	304
7650	355
7651	336
7652	307
7653	343
7654	325
7655	312
7656	321
7657	335
7658	304
7659	343
7660	304
7661	327
7662	346
7663	343
7664	325
7665	300
7666	311
7667	283
7668	319
7669	300
7670	283
7671	300
7672	312
7673	313
7674	300
7675	286
7676	261
7677	276
7678	286
7679	297
7680	295
7681	273
7682	291
7683	280
7684	262
7685	271
7686	251
7687	282
7688	253
7689	307
7690	260
7691	286
7692	261
7693	273
7694	266
7695	238
7696	264
7697	260
7698	242
7699	232
7700	235
7701	233
7702	238
7703	235
7704	226
7705	233
7706	270
7707	257
7708	249
7709	223
7710	271
7711	247
7712	236
7713	255
7714	216
7715	220
7716	228
7717	220
7718	233
7719	233
7720	204
7721	213
7722	229
7723	238
7724	209
7725	209
7726	239
7727	237
7728	210
7729	195
7730	251
7731	211
7732	185
7733	201
7734	192
7735	215
7736	202
7737	227
7738	208
7739	200
7740	199
7741	195
7742	187
7743	213
7744	218
7745	200
7746	175
7747	188
7748	175
7749	173
7750	158
7751	199
7752	173
7753	186
7754	184
7755	159
7756	198
7757	170
7758	177
7759	184
7760	148
7761	171
7762	220
7763	166
7764	175
7765	145
7766	181
7767	156
7768	176
7769	162
7770	174
7771	184
7772	181
7773	174
7774	159
7775	158
7776	167
7777	169
7778	156
7779	164
7780	175
7781	174
7782	167
7783	174
7784	155
7785	143
7786	168
7787	154
7788	149
7789	173
7790	158
7791	160
7792	141
7793	151
7794	158
7795	154
7796	147
7797	168
7798	153
7799	154
7800	145
7801	154
7802	137
7803	154
7804	157
7805	145
7806	145
7807	133
7808	140
7809	134
7810	168
7811	145
7812	179
7813	151
7814	155
7815	175
7816	157
7817	153
7818	146
7819	133
7820	142
7821	155
7822	145
7823	132
7824	135
7825	140
7826	133
7827	144
7828	134
7829	164
7830	136
7831	133
7832	144
7833	138
7834	137
7835	139
7836	154
7837	137
7838	137
7839	127
7840	144
7841	127
7842	113
7843	132
7844	139
7845	126
7846	125
7847	140
7848	138
7849	131
7850	132
7851	127
7852	124
7853	133
7854	134
7855	138
7856	150
7857	130
7858	126
7859	124
7860	136
7861	119
7862	124
7863	117
7864	117
7865	124
7866	123
7867	118
7868	113
7869	106
7870	101
7871	145
7872	130
7873	129
7874	121
7875	117
7876	118
7877	132
7878	108
7879	126
7880	119
7881	110
7882	112
7883	130
7884	123
7885	119
7886	112
7887	141
7888	135
7889	129
7890	101
7891	140
7892	114
7893	129
7894	104
7895	134
7896	105
7897	122
7898	128
7899	121
7900	130
7901	115
7902	111
7903	146
7904	120
7905	137
7906	114
7907	112
7908	108
7909	120
7910	94
7911	98
7912	120
7913	116
7914	128
7915	117
7916	102
7917	123
7918	96
7919	107
7920	114
7921	97
7922	95
7923	126
7924	125
7925	118
7926	106
7927	119
7928	105
7929	119
7930	103
7931	131
7932	104
7933	97
7934	97
7935	112
7936	122
7937	102
7938	100
7939	107
7940	89
7941	103
7942	116
7943	115
7944	110
7945	113
7946	110
7947	93
7948	98
7949	108
7950	121
7951	117
7952	115
7953	100
7954	114
7955	106
7956	97
7957	115
7958	98
7959	106
7960	116
7961	90
7962	109
7963	100
7964	119
7965	110
7966	108
7967	102
7968	95
7969	103
7970	102
7971	117
7972	104
7973	103
7974	107
7975	89
7976	111
7977	107
7978	97
7979	103
7980	117
7981	102
7982	84
7983	123
7984	92
7985	103
7986	101
7987	103
7988	94
7989	118
7990	109
7991	93
7992	120
7993	83
7994	80
7995	101
7996	115
7997	108
7998	103
7999	115
8000	111
8001	110
8002	101
8003	101
8004	104
8005	97
8006	106
8007	87
8008	116
8009	97
8010	91
8011	112
8012	97
8013	100
8014	132
8015	101
8016	97
8017	101
8018	98
8019	100
8020	117
8021	124
8022	114
8023	115
8024	96
8025	91
8026	95
8027	104
8028	95
8029	94
8030	106
8031	95
8032	103
8033	121
8034	103
8035	98
8036	93
8037	95
8038	105
8039	102
8040	98
8041	94
8042	110
8043	109
8044	89
8045	113
8046	94
8047	102
8048	91
8049	94
8050	114
8051	115
8052	109
8053	100
8054	106
8055	101
8056	92
8057	96
8058	116
8059	97
8060	110
8061	105
8062	116
8063	110
8064	114
8065	104
8066	113
8067	115
8068	102
8069	73
8070	100
8071	97
8072	92
8073	111
8074	74
8075	94
8076	124
8077	97
8078	86
8079	87
8080	84
8081	112
8082	118
8083	114
8084	98
8085	117
8086	113
8087	102
8088	105
8089	95
8090	97
8091	110
8092	98
8093	105
8094	93
8095	115
8096	126
8097	78
8098	114
8099	94
8100	94
8101	85
8102	105
8103	90
8104	102
8105	105
8106	108
8107	117
8108	109
8109	104
8110	99
8111	101
8112	110
8113	91
8114	110
8115	79
8116	88
8117	63
8118	37
8119	27
8120	23
8121	33
8122	24
8123	32
8124	40
8125	27
8126	22
8127	21
8128	17
8129	16
8130	15
8131	19
8132	20
8133	15
8134	20
8135	13
8136	17
8137	6
8138	14
8139	16
8140	6
8141	7
8142	10
8143	2
8144	5
8145	7
8146	2
8147	2
8148	3
8149	1
8150	2
8151	0
8152	4
8153	0
8154	1
8155	4
8156	3
8157	1
8158	1
8159	0
8160	3
8161	1
8162	1
8163	2
8164	2
8165	2
8166	2
8167	1
8168	1
8169	0
8170	1
8171	1
8172	0
8173	0
8174	3
8175	0
8176	1
8177	1
8178	0
8179	1
8180	0
8181	1
8182	0
8183	0
8184	0
8185	1
8186	0
8187	0
8188	0
8189	0
8190	0
8191	0
