0	0
1	0
2	0
3	0
4	0
5	0
6	0
7	0
8	0
9	0
10	0
11	0
12	0
13	0
14	0
15	0
16	0
17	0
18	0
19	0
20	0
21	0
22	0
23	0
24	0
25	0
26	0
27	0
28	0
29	0
30	0
31	0
32	0
33	0
34	0
35	0
36	0
37	0
38	0
39	0
40	0
41	0
42	0
43	0
44	0
45	0
46	0
47	0
48	0
49	0
50	0
51	0
52	1
53	0
54	0
55	0
56	0
57	0
58	0
59	0
60	0
61	0
62	1
63	0
64	0
65	1
66	0
67	0
68	0
69	0
70	0
71	0
72	1
73	1
74	0
75	0
76	0
77	0
78	0
79	0
80	0
81	0
82	0
83	0
84	0
85	1
86	0
87	0
88	0
89	0
90	0
91	0
92	0
93	0
94	0
95	0
96	0
97	0
98	0
99	0
100	0
101	0
102	0
103	0
104	0
105	0
106	1
107	1
108	0
109	0
110	0
111	0
112	0
113	0
114	0
115	0
116	0
117	0
118	0
119	0
120	0
121	0
122	0
123	0
124	0
125	0
126	0
127	0
128	0
129	0
130	0
131	0
132	0
133	0
134	0
135	0
136	0
137	0
138	0
139	0
140	0
141	0
142	0
143	0
144	0
145	0
146	0
147	0
148	0
149	0
150	1
151	0
152	0
153	0
154	0
155	0
156	0
157	0
158	0
159	1
160	0
161	0
162	0
163	0
164	0
165	0
166	0
167	0
168	0
169	0
170	0
171	0
172	0
173	0
174	0
175	0
176	0
177	0
178	0
179	0
180	0
181	0
182	0
183	1
184	0
185	0
186	0
187	0
188	0
189	0
190	0
191	0
192	0
193	0
194	1
195	0
196	0
197	0
198	0
199	0
200	0
201	0
202	0
203	0
204	0
205	0
206	0
207	0
208	0
209	0
210	0
211	0
212	0
213	0
214	1
215	0
216	0
217	0
218	0
219	0
220	0
221	0
222	0
223	0
224	0
225	0
226	0
227	0
228	0
229	0
230	0
231	0
232	0
233	0
234	0
235	0
236	0
237	0
238	0
239	0
240	0
241	0
242	1
243	1
244	0
245	0
246	0
247	0
248	0
249	0
250	0
251	0
252	0
253	0
254	0
255	0
256	1
257	0
258	0
259	0
260	0
261	0
262	0
263	0
264	0
265	0
266	0
267	1
268	1
269	1
270	0
271	0
272	0
273	0
274	0
275	0
276	0
277	0
278	0
279	0
280	0
281	0
282	0
283	0
284	0
285	1
286	0
287	1
288	0
289	0
290	0
291	0
292	0
293	0
294	0
295	1
296	0
297	0
298	0
299	0
300	0
301	0
302	0
303	0
304	0
305	0
306	0
307	0
308	0
309	0
310	0
311	1
312	1
313	0
314	1
315	0
316	0
317	0
318	0
319	1
320	0
321	1
322	1
323	0
324	1
325	0
326	0
327	0
328	0
329	0
330	1
331	0
332	0
333	1
334	0
335	1
336	0
337	0
338	0
339	1
340	0
341	0
342	0
343	0
344	2
345	0
346	0
347	0
348	1
349	2
350	1
351	1
352	0
353	2
354	0
355	1
356	1
357	0
358	1
359	1
360	1
361	2
362	0
363	0
364	0
365	0
366	0
367	0
368	0
369	1
370	2
371	1
372	1
373	1
374	1
375	1
376	1
377	1
378	0
379	2
380	2
381	0
382	1
383	1
384	1
385	2
386	2
387	1
388	1
389	0
390	3
391	1
392	3
393	1
394	3
395	1
396	4
397	3
398	0
399	2
400	3
401	1
402	2
403	4
404	2
405	4
406	7
407	6
408	4
409	5
410	2
411	3
412	8
413	4
414	3
415	4
416	5
417	5
418	0
419	6
420	2
421	7
422	7
423	7
424	5
425	6
426	5
427	7
428	13
429	10
430	8
431	7
432	9
433	12
434	9
435	5
436	8
437	3
438	9
439	11
440	9
441	7
442	11
443	6
444	8
445	11
446	11
447	8
448	14
449	12
450	6
451	6
452	13
453	11
454	4
455	11
456	6
457	8
458	3
459	7
460	5
461	9
462	12
463	9
464	12
465	8
466	11
467	8
468	4
469	5
470	10
471	15
472	2
473	8
474	7
475	7
476	4
477	10
478	8
479	3
480	3
481	11
482	6
483	10
484	10
485	3
486	9
487	8
488	2
489	5
490	10
491	4
492	2
493	5
494	5
495	6
496	4
497	8
498	3
499	7
500	9
501	4
502	9
503	2
504	2
505	4
506	3
507	2
508	7
509	5
510	4
511	2
512	4
513	6
514	4
515	4
516	2
517	4
518	2
519	0
520	0
521	1
522	7
523	4
524	0
525	1
526	5
527	4
528	3
529	3
530	3
531	3
532	4
533	2
534	2
535	5
536	4
537	1
538	2
539	0
540	3
541	1
542	3
543	4
544	2
545	0
546	1
547	2
548	0
549	1
550	1
551	3
552	1
553	3
554	0
555	1
556	1
557	1
558	3
559	0
560	0
561	1
562	1
563	1
564	0
565	1
566	0
567	1
568	0
569	0
570	2
571	1
572	0
573	1
574	1
575	0
576	1
577	0
578	1
579	0
580	0
581	0
582	0
583	1
584	0
585	0
586	0
587	0
588	0
589	1
590	1
591	0
592	0
593	0
594	2
595	0
596	0
597	1
598	2
599	0
600	0
601	1
602	0
603	0
604	1
605	0
606	0
607	0
608	0
609	0
610	2
611	0
612	1
613	1
614	0
615	0
616	1
617	0
618	0
619	0
620	0
621	0
622	0
623	1
624	0
625	0
626	0
627	0
628	0
629	0
630	1
631	1
632	1
633	2
634	1
635	0
636	0
637	0
638	0
639	0
640	0
641	0
642	0
643	0
644	0
645	0
646	1
647	0
648	1
649	0
650	1
651	0
652	0
653	0
654	0
655	0
656	0
657	1
658	0
659	1
660	0
661	0
662	0
663	0
664	1
665	0
666	0
667	0
668	0
669	0
670	0
671	0
672	0
673	1
674	1
675	0
676	0
677	0
678	0
679	1
680	0
681	1
682	0
683	0
684	1
685	0
686	0
687	0
688	0
689	0
690	0
691	1
692	1
693	0
694	0
695	1
696	1
697	1
698	0
699	1
700	0
701	0
702	0
703	1
704	0
705	0
706	0
707	2
708	3
709	1
710	1
711	0
712	0
713	1
714	0
715	0
716	0
717	0
718	0
719	3
720	1
721	1
722	0
723	0
724	0
725	2
726	0
727	1
728	0
729	0
730	0
731	0
732	0
733	0
734	0
735	1
736	1
737	0
738	1
739	0
740	0
741	0
742	1
743	1
744	0
745	0
746	0
747	0
748	2
749	0
750	1
751	0
752	1
753	0
754	1
755	0
756	1
757	0
758	0
759	0
760	0
761	0
762	2
763	0
764	1
765	4
766	0
767	1
768	0
769	3
770	1
771	1
772	0
773	0
774	0
775	3
776	1
777	0
778	0
779	1
780	1
781	0
782	2
783	0
784	0
785	0
786	0
787	1
788	0
789	2
790	1
791	0
792	1
793	0
794	1
795	1
796	2
797	1
798	0
799	0
800	0
801	0
802	1
803	0
804	0
805	0
806	0
807	0
808	1
809	0
810	1
811	2
812	2
813	1
814	0
815	4
816	1
817	1
818	0
819	0
820	1
821	0
822	1
823	1
824	0
825	1
826	1
827	1
828	0
829	1
830	0
831	0
832	0
833	0
834	1
835	1
836	0
837	0
838	0
839	0
840	1
841	0
842	0
843	2
844	0
845	0
846	1
847	1
848	2
849	0
850	2
851	0
852	0
853	1
854	0
855	0
856	0
857	0
858	0
859	1
860	0
861	1
862	0
863	0
864	0
865	0
866	2
867	2
868	0
869	1
870	0
871	0
872	1
873	0
874	0
875	1
876	0
877	1
878	0
879	1
880	1
881	1
882	0
883	0
884	1
885	1
886	0
887	0
888	0
889	0
890	2
891	0
892	0
893	0
894	1
895	0
896	1
897	1
898	0
899	0
900	0
901	1
902	0
903	1
904	0
905	0
906	2
907	1
908	1
909	2
910	1
911	1
912	0
913	1
914	3
915	0
916	0
917	1
918	1
919	0
920	0
921	1
922	0
923	0
924	0
925	0
926	0
927	0
928	0
929	1
930	2
931	0
932	0
933	2
934	1
935	0
936	1
937	0
938	1
939	0
940	4
941	1
942	2
943	1
944	2
945	0
946	0
947	0
948	1
949	0
950	2
951	5
952	1
953	4
954	2
955	1
956	3
957	3
958	2
959	0
960	1
961	0
962	1
963	0
964	0
965	1
966	1
967	0
968	0
969	2
970	0
971	0
972	1
973	2
974	0
975	2
976	2
977	1
978	2
979	1
980	0
981	0
982	1
983	0
984	1
985	2
986	0
987	0
988	0
989	0
990	0
991	0
992	0
993	0
994	0
995	0
996	0
997	0
998	3
999	0
1000	0
1001	0
1002	0
1003	0
1004	1
1005	4
1006	0
1007	1
1008	1
1009	0
1010	2
1011	2
1012	1
1013	0
1014	2
1015	0
1016	2
1017	0
1018	2
1019	1
1020	1
1021	1
1022	0
1023	0
1024	0
1025	0
1026	0
1027	0
1028	0
1029	1
1030	0
1031	1
1032	0
1033	1
1034	1
1035	0
1036	1
1037	1
1038	1
1039	0
1040	0
1041	0
1042	0
1043	3
1044	0
1045	1
1046	1
1047	0
1048	1
1049	0
1050	2
1051	0
1052	2
1053	2
1054	1
1055	0
1056	0
1057	0
1058	0
1059	3
1060	2
1061	1
1062	1
1063	0
1064	0
1065	1
1066	2
1067	0
1068	1
1069	0
1070	0
1071	1
1072	1
1073	1
1074	0
1075	0
1076	1
1077	0
1078	2
1079	0
1080	2
1081	1
1082	1
1083	1
1084	0
1085	2
1086	1
1087	0
1088	1
1089	1
1090	0
1091	0
1092	0
1093	1
1094	0
1095	1
1096	0
1097	1
1098	0
1099	0
1100	0
1101	3
1102	0
1103	2
1104	0
1105	4
1106	1
1107	3
1108	2
1109	1
1110	1
1111	1
1112	0
1113	0
1114	2
1115	2
1116	1
1117	1
1118	1
1119	0
1120	1
1121	0
1122	5
1123	2
1124	3
1125	4
1126	1
1127	3
1128	1
1129	1
1130	1
1131	3
1132	0
1133	0
1134	1
1135	1
1136	0
1137	0
1138	0
1139	1
1140	1
1141	4
1142	2
1143	2
1144	3
1145	1
1146	1
1147	6
1148	5
1149	1
1150	1
1151	0
1152	5
1153	6
1154	6
1155	2
1156	0
1157	2
1158	2
1159	5
1160	1
1161	4
1162	5
1163	2
1164	2
1165	2
1166	5
1167	0
1168	3
1169	4
1170	4
1171	3
1172	0
1173	3
1174	2
1175	2
1176	2
1177	1
1178	4
1179	3
1180	1
1181	3
1182	6
1183	3
1184	3
1185	3
1186	3
1187	6
1188	5
1189	2
1190	5
1191	1
1192	3
1193	6
1194	2
1195	1
1196	4
1197	8
1198	5
1199	2
1200	4
1201	5
1202	2
1203	4
1204	4
1205	4
1206	2
1207	1
1208	5
1209	1
1210	3
1211	3
1212	3
1213	4
1214	3
1215	3
1216	5
1217	3
1218	5
1219	8
1220	3
1221	8
1222	1
1223	2
1224	5
1225	2
1226	6
1227	5
1228	2
1229	4
1230	5
1231	2
1232	1
1233	1
1234	3
1235	4
1236	2
1237	3
1238	2
1239	2
1240	2
1241	4
1242	4
1243	4
1244	3
1245	3
1246	0
1247	3
1248	3
1249	4
1250	2
1251	1
1252	0
1253	5
1254	1
1255	3
1256	1
1257	4
1258	0
1259	1
1260	3
1261	4
1262	6
1263	3
1264	1
1265	5
1266	2
1267	1
1268	3
1269	4
1270	3
1271	3
1272	2
1273	1
1274	1
1275	1
1276	0
1277	0
1278	3
1279	2
1280	1
1281	1
1282	2
1283	3
1284	5
1285	1
1286	0
1287	4
1288	1
1289	2
1290	0
1291	4
1292	2
1293	2
1294	1
1295	0
1296	0
1297	0
1298	0
1299	3
1300	1
1301	3
1302	1
1303	3
1304	1
1305	1
1306	2
1307	0
1308	0
1309	2
1310	0
1311	0
1312	0
1313	2
1314	2
1315	0
1316	2
1317	0
1318	1
1319	3
1320	1
1321	0
1322	4
1323	0
1324	1
1325	0
1326	0
1327	0
1328	0
1329	1
1330	1
1331	0
1332	1
1333	0
1334	0
1335	0
1336	0
1337	0
1338	4
1339	2
1340	0
1341	1
1342	2
1343	0
1344	1
1345	0
1346	0
1347	0
1348	1
1349	0
1350	1
1351	0
1352	0
1353	0
1354	0
1355	0
1356	1
1357	0
1358	2
1359	1
1360	0
1361	0
1362	0
1363	0
1364	0
1365	0
1366	1
1367	0
1368	0
1369	0
1370	0
1371	0
1372	0
1373	0
1374	3
1375	0
1376	0
1377	0
1378	1
1379	0
1380	0
1381	1
1382	1
1383	1
1384	0
1385	0
1386	0
1387	2
1388	0
1389	1
1390	0
1391	1
1392	1
1393	0
1394	0
1395	0
1396	0
1397	1
1398	0
1399	1
1400	1
1401	0
1402	2
1403	0
1404	0
1405	0
1406	0
1407	0
1408	0
1409	0
1410	2
1411	0
1412	1
1413	1
1414	0
1415	0
1416	0
1417	1
1418	1
1419	0
1420	0
1421	0
1422	0
1423	0
1424	0
1425	0
1426	0
1427	0
1428	0
1429	0
1430	0
1431	0
1432	0
1433	0
1434	1
1435	0
1436	0
1437	0
1438	0
1439	2
1440	0
1441	0
1442	0
1443	1
1444	0
1445	0
1446	0
1447	0
1448	0
1449	2
1450	0
1451	0
1452	0
1453	2
1454	0
1455	0
1456	2
1457	0
1458	0
1459	0
1460	0
1461	1
1462	0
1463	0
1464	0
1465	0
1466	0
1467	0
1468	0
1469	2
1470	0
1471	0
1472	0
1473	0
1474	0
1475	0
1476	0
1477	0
1478	0
1479	1
1480	0
1481	0
1482	1
1483	1
1484	0
1485	0
1486	0
1487	0
1488	0
1489	0
1490	1
1491	0
1492	0
1493	0
1494	1
1495	0
1496	0
1497	0
1498	1
1499	0
1500	0
1501	0
1502	0
1503	1
1504	1
1505	0
1506	0
1507	1
1508	0
1509	1
1510	0
1511	0
1512	2
1513	0
1514	0
1515	0
1516	1
1517	1
1518	0
1519	0
1520	0
1521	0
1522	2
1523	1
1524	0
1525	0
1526	2
1527	0
1528	0
1529	0
1530	1
1531	0
1532	0
1533	2
1534	0
1535	0
1536	0
1537	1
1538	0
1539	0
1540	0
1541	1
1542	0
1543	2
1544	0
1545	0
1546	0
1547	0
1548	1
1549	0
1550	1
1551	0
1552	0
1553	1
1554	0
1555	1
1556	0
1557	0
1558	0
1559	0
1560	1
1561	1
1562	0
1563	0
1564	1
1565	0
1566	0
1567	2
1568	0
1569	0
1570	0
1571	0
1572	0
1573	1
1574	0
1575	1
1576	1
1577	0
1578	0
1579	0
1580	1
1581	0
1582	0
1583	0
1584	0
1585	1
1586	0
1587	0
1588	0
1589	0
1590	1
1591	0
1592	0
1593	0
1594	2
1595	0
1596	0
1597	0
1598	0
1599	0
1600	0
1601	2
1602	0
1603	1
1604	0
1605	1
1606	0
1607	1
1608	0
1609	0
1610	1
1611	0
1612	0
1613	0
1614	0
1615	0
1616	1
1617	0
1618	1
1619	1
1620	0
1621	1
1622	0
1623	0
1624	0
1625	2
1626	0
1627	0
1628	0
1629	0
1630	1
1631	2
1632	1
1633	0
1634	1
1635	1
1636	0
1637	0
1638	1
1639	2
1640	0
1641	1
1642	0
1643	0
1644	1
1645	2
1646	0
1647	0
1648	0
1649	1
1650	0
1651	1
1652	1
1653	0
1654	0
1655	3
1656	0
1657	0
1658	2
1659	0
1660	1
1661	1
1662	1
1663	0
1664	0
1665	1
1666	2
1667	0
1668	0
1669	0
1670	0
1671	1
1672	1
1673	0
1674	2
1675	0
1676	1
1677	0
1678	0
1679	0
1680	0
1681	0
1682	0
1683	0
1684	1
1685	0
1686	0
1687	0
1688	1
1689	0
1690	1
1691	0
1692	2
1693	0
1694	0
1695	0
1696	0
1697	1
1698	2
1699	1
1700	0
1701	0
1702	0
1703	2
1704	0
1705	2
1706	0
1707	1
1708	2
1709	0
1710	0
1711	1
1712	0
1713	0
1714	0
1715	3
1716	1
1717	0
1718	0
1719	1
1720	0
1721	0
1722	0
1723	1
1724	0
1725	1
1726	0
1727	0
1728	1
1729	2
1730	1
1731	2
1732	1
1733	0
1734	0
1735	2
1736	1
1737	0
1738	1
1739	0
1740	2
1741	1
1742	0
1743	1
1744	2
1745	0
1746	0
1747	0
1748	0
1749	0
1750	2
1751	0
1752	1
1753	1
1754	0
1755	1
1756	0
1757	0
1758	0
1759	1
1760	0
1761	1
1762	1
1763	0
1764	0
1765	0
1766	0
1767	1
1768	0
1769	0
1770	0
1771	0
1772	0
1773	0
1774	0
1775	0
1776	0
1777	2
1778	1
1779	0
1780	0
1781	0
1782	1
1783	0
1784	0
1785	0
1786	0
1787	1
1788	0
1789	1
1790	0
1791	0
1792	0
1793	0
1794	1
1795	1
1796	1
1797	0
1798	0
1799	0
1800	0
1801	0
1802	0
1803	0
1804	0
1805	0
1806	0
1807	0
1808	0
1809	0
1810	1
1811	0
1812	0
1813	0
1814	1
1815	0
1816	0
1817	1
1818	0
1819	0
1820	0
1821	0
1822	0
1823	0
1824	0
1825	0
1826	0
1827	0
1828	1
1829	0
1830	0
1831	0
1832	0
1833	0
1834	0
1835	0
1836	0
1837	0
1838	1
1839	0
1840	0
1841	0
1842	0
1843	0
1844	0
1845	0
1846	0
1847	0
1848	0
1849	0
1850	1
1851	0
1852	0
1853	0
1854	1
1855	1
1856	2
1857	0
1858	0
1859	0
1860	1
1861	0
1862	1
1863	1
1864	0
1865	0
1866	0
1867	0
1868	1
1869	0
1870	0
1871	0
1872	0
1873	1
1874	0
1875	1
1876	0
1877	1
1878	1
1879	0
1880	0
1881	0
1882	0
1883	0
1884	0
1885	0
1886	0
1887	1
1888	0
1889	0
1890	0
1891	0
1892	0
1893	0
1894	0
1895	0
1896	0
1897	0
1898	0
1899	0
1900	0
1901	0
1902	1
1903	0
1904	0
1905	1
1906	0
1907	0
1908	0
1909	1
1910	0
1911	0
1912	0
1913	1
1914	0
1915	0
1916	0
1917	0
1918	0
1919	0
1920	0
1921	0
1922	1
1923	0
1924	1
1925	0
1926	0
1927	0
1928	0
1929	0
1930	2
1931	1
1932	0
1933	0
1934	0
1935	0
1936	1
1937	1
1938	0
1939	1
1940	0
1941	0
1942	1
1943	0
1944	0
1945	0
1946	0
1947	2
1948	1
1949	0
1950	0
1951	1
1952	1
1953	0
1954	2
1955	0
1956	0
1957	0
1958	0
1959	0
1960	3
1961	0
1962	0
1963	0
1964	0
1965	1
1966	1
1967	0
1968	0
1969	1
1970	0
1971	0
1972	0
1973	0
1974	0
1975	0
1976	0
1977	0
1978	1
1979	0
1980	0
1981	2
1982	0
1983	0
1984	0
1985	0
1986	0
1987	0
1988	1
1989	0
1990	0
1991	0
1992	0
1993	0
1994	1
1995	1
1996	0
1997	0
1998	0
1999	0
2000	0
2001	0
2002	0
2003	0
2004	0
2005	0
2006	1
2007	0
2008	0
2009	0
2010	1
2011	0
2012	1
2013	0
2014	0
2015	0
2016	0
2017	0
2018	0
2019	0
2020	1
2021	1
2022	0
2023	1
2024	1
2025	0
2026	0
2027	0
2028	0
2029	0
2030	0
2031	0
2032	0
2033	0
2034	0
2035	1
2036	0
2037	2
2038	1
2039	0
2040	0
2041	0
2042	0
2043	0
2044	2
2045	0
2046	1
2047	0
2048	0
2049	0
2050	0
2051	1
2052	0
2053	0
2054	0
2055	0
2056	0
2057	0
2058	0
2059	0
2060	0
2061	1
2062	0
2063	1
2064	0
2065	0
2066	0
2067	0
2068	0
2069	1
2070	1
2071	0
2072	1
2073	1
2074	1
2075	0
2076	0
2077	0
2078	1
2079	0
2080	0
2081	0
2082	0
2083	0
2084	1
2085	1
2086	0
2087	0
2088	0
2089	0
2090	0
2091	0
2092	0
2093	0
2094	1
2095	0
2096	0
2097	1
2098	0
2099	0
2100	0
2101	1
2102	1
2103	1
2104	0
2105	2
2106	0
2107	0
2108	0
2109	0
2110	0
2111	0
2112	0
2113	1
2114	0
2115	0
2116	0
2117	0
2118	0
2119	1
2120	1
2121	1
2122	0
2123	0
2124	2
2125	1
2126	0
2127	1
2128	0
2129	2
2130	0
2131	1
2132	2
2133	0
2134	0
2135	0
2136	0
2137	0
2138	0
2139	1
2140	0
2141	0
2142	0
2143	0
2144	0
2145	2
2146	1
2147	0
2148	0
2149	0
2150	3
2151	0
2152	0
2153	0
2154	0
2155	0
2156	0
2157	0
2158	0
2159	1
2160	0
2161	0
2162	0
2163	0
2164	0
2165	1
2166	0
2167	1
2168	0
2169	2
2170	1
2171	1
2172	0
2173	0
2174	0
2175	0
2176	0
2177	0
2178	0
2179	0
2180	0
2181	0
2182	1
2183	1
2184	1
2185	0
2186	0
2187	0
2188	2
2189	0
2190	0
2191	0
2192	0
2193	1
2194	0
2195	1
2196	0
2197	0
2198	0
2199	0
2200	0
2201	0
2202	0
2203	1
2204	1
2205	0
2206	0
2207	0
2208	0
2209	2
2210	0
2211	0
2212	0
2213	1
2214	2
2215	1
2216	0
2217	0
2218	0
2219	1
2220	0
2221	1
2222	0
2223	0
2224	0
2225	1
2226	0
2227	1
2228	1
2229	0
2230	0
2231	0
2232	0
2233	1
2234	0
2235	0
2236	0
2237	0
2238	1
2239	1
2240	0
2241	1
2242	1
2243	0
2244	0
2245	0
2246	0
2247	0
2248	1
2249	1
2250	0
2251	0
2252	1
2253	0
2254	0
2255	0
2256	0
2257	0
2258	0
2259	0
2260	0
2261	0
2262	0
2263	1
2264	0
2265	0
2266	1
2267	1
2268	0
2269	0
2270	0
2271	0
2272	0
2273	0
2274	0
2275	1
2276	0
2277	1
2278	0
2279	0
2280	0
2281	0
2282	1
2283	0
2284	1
2285	0
2286	1
2287	0
2288	0
2289	2
2290	0
2291	1
2292	1
2293	0
2294	0
2295	0
2296	0
2297	0
2298	1
2299	1
2300	0
2301	0
2302	0
2303	0
2304	1
2305	1
2306	0
2307	0
2308	0
2309	0
2310	1
2311	0
2312	0
2313	1
2314	0
2315	0
2316	0
2317	2
2318	1
2319	0
2320	0
2321	0
2322	0
2323	1
2324	0
2325	0
2326	1
2327	0
2328	0
2329	2
2330	0
2331	1
2332	0
2333	0
2334	0
2335	0
2336	0
2337	1
2338	1
2339	0
2340	0
2341	0
2342	0
2343	0
2344	0
2345	0
2346	0
2347	0
2348	0
2349	0
2350	0
2351	0
2352	0
2353	1
2354	0
2355	0
2356	1
2357	0
2358	2
2359	1
2360	0
2361	1
2362	0
2363	0
2364	0
2365	0
2366	0
2367	0
2368	0
2369	1
2370	0
2371	0
2372	0
2373	0
2374	1
2375	0
2376	0
2377	1
2378	0
2379	0
2380	0
2381	2
2382	0
2383	1
2384	0
2385	0
2386	0
2387	1
2388	0
2389	1
2390	1
2391	0
2392	0
2393	0
2394	1
2395	0
2396	2
2397	1
2398	0
2399	0
2400	1
2401	0
2402	0
2403	0
2404	1
2405	1
2406	0
2407	0
2408	1
2409	0
2410	0
2411	0
2412	0
2413	0
2414	1
2415	0
2416	0
2417	0
2418	0
2419	0
2420	0
2421	0
2422	0
2423	1
2424	0
2425	1
2426	0
2427	0
2428	2
2429	0
2430	0
2431	0
2432	0
2433	0
2434	0
2435	0
2436	0
2437	0
2438	0
2439	0
2440	0
2441	0
2442	0
2443	0
2444	1
2445	1
2446	1
2447	2
2448	1
2449	0
2450	0
2451	0
2452	0
2453	1
2454	0
2455	0
2456	0
2457	1
2458	1
2459	2
2460	2
2461	0
2462	0
2463	0
2464	0
2465	0
2466	1
2467	1
2468	0
2469	0
2470	0
2471	0
2472	0
2473	0
2474	2
2475	2
2476	0
2477	0
2478	0
2479	2
2480	0
2481	0
2482	0
2483	0
2484	0
2485	0
2486	2
2487	0
2488	0
2489	0
2490	0
2491	0
2492	0
2493	0
2494	0
2495	0
2496	0
2497	0
2498	0
2499	0
2500	1
2501	0
2502	1
2503	0
2504	1
2505	1
2506	0
2507	0
2508	1
2509	1
2510	1
2511	0
2512	0
2513	0
2514	0
2515	1
2516	0
2517	0
2518	0
2519	0
2520	1
2521	0
2522	0
2523	0
2524	0
2525	0
2526	0
2527	0
2528	0
2529	0
2530	1
2531	1
2532	2
2533	0
2534	0
2535	0
2536	0
2537	0
2538	0
2539	0
2540	0
2541	2
2542	0
2543	0
2544	0
2545	1
2546	0
2547	0
2548	0
2549	0
2550	0
2551	0
2552	0
2553	0
2554	0
2555	1
2556	2
2557	0
2558	0
2559	0
2560	1
2561	0
2562	1
2563	0
2564	0
2565	1
2566	0
2567	1
2568	1
2569	1
2570	0
2571	1
2572	0
2573	1
2574	1
2575	0
2576	0
2577	0
2578	1
2579	0
2580	0
2581	0
2582	0
2583	0
2584	1
2585	0
2586	0
2587	0
2588	0
2589	0
2590	0
2591	0
2592	0
2593	0
2594	0
2595	0
2596	1
2597	0
2598	0
2599	0
2600	1
2601	0
2602	0
2603	0
2604	1
2605	0
2606	1
2607	0
2608	0
2609	0
2610	0
2611	0
2612	0
2613	0
2614	0
2615	0
2616	0
2617	1
2618	1
2619	0
2620	1
2621	1
2622	0
2623	1
2624	1
2625	0
2626	0
2627	0
2628	1
2629	0
2630	1
2631	0
2632	0
2633	0
2634	1
2635	0
2636	0
2637	1
2638	0
2639	1
2640	0
2641	0
2642	0
2643	1
2644	0
2645	0
2646	0
2647	0
2648	0
2649	1
2650	0
2651	0
2652	0
2653	1
2654	1
2655	0
2656	0
2657	1
2658	0
2659	0
2660	0
2661	0
2662	0
2663	0
2664	0
2665	0
2666	0
2667	2
2668	0
2669	0
2670	0
2671	0
2672	1
2673	0
2674	1
2675	0
2676	0
2677	1
2678	0
2679	1
2680	0
2681	0
2682	1
2683	0
2684	0
2685	1
2686	1
2687	0
2688	2
2689	0
2690	0
2691	0
2692	0
2693	0
2694	0
2695	0
2696	0
2697	0
2698	0
2699	2
2700	1
2701	0
2702	0
2703	0
2704	0
2705	1
2706	0
2707	0
2708	0
2709	0
2710	0
2711	1
2712	0
2713	0
2714	0
2715	0
2716	0
2717	0
2718	0
2719	0
2720	0
2721	1
2722	1
2723	0
2724	1
2725	0
2726	0
2727	1
2728	0
2729	0
2730	0
2731	0
2732	0
2733	1
2734	0
2735	0
2736	0
2737	2
2738	0
2739	0
2740	0
2741	0
2742	0
2743	0
2744	0
2745	1
2746	0
2747	0
2748	1
2749	0
2750	0
2751	0
2752	0
2753	0
2754	1
2755	0
2756	0
2757	0
2758	0
2759	0
2760	0
2761	1
2762	0
2763	0
2764	1
2765	0
2766	1
2767	0
2768	0
2769	1
2770	0
2771	0
2772	0
2773	0
2774	0
2775	1
2776	0
2777	0
2778	0
2779	0
2780	1
2781	0
2782	0
2783	1
2784	1
2785	0
2786	0
2787	0
2788	0
2789	0
2790	0
2791	0
2792	0
2793	0
2794	0
2795	0
2796	0
2797	0
2798	0
2799	0
2800	0
2801	0
2802	0
2803	0
2804	0
2805	0
2806	0
2807	1
2808	0
2809	0
2810	0
2811	0
2812	1
2813	0
2814	1
2815	0
2816	1
2817	0
2818	0
2819	0
2820	0
2821	1
2822	1
2823	0
2824	0
2825	0
2826	0
2827	0
2828	0
2829	0
2830	0
2831	0
2832	1
2833	0
2834	0
2835	0
2836	0
2837	0
2838	2
2839	0
2840	0
2841	0
2842	0
2843	0
2844	0
2845	0
2846	0
2847	2
2848	0
2849	1
2850	0
2851	0
2852	1
2853	1
2854	0
2855	0
2856	0
2857	1
2858	1
2859	0
2860	0
2861	0
2862	0
2863	1
2864	0
2865	0
2866	0
2867	0
2868	0
2869	0
2870	0
2871	0
2872	0
2873	0
2874	0
2875	1
2876	0
2877	0
2878	0
2879	0
2880	0
2881	0
2882	0
2883	0
2884	0
2885	2
2886	1
2887	1
2888	0
2889	0
2890	0
2891	2
2892	0
2893	0
2894	1
2895	0
2896	0
2897	0
2898	0
2899	0
2900	0
2901	0
2902	0
2903	0
2904	0
2905	0
2906	0
2907	0
2908	0
2909	0
2910	0
2911	0
2912	1
2913	0
2914	0
2915	1
2916	0
2917	0
2918	0
2919	0
2920	0
2921	0
2922	0
2923	0
2924	0
2925	1
2926	0
2927	0
2928	2
2929	0
2930	0
2931	0
2932	0
2933	0
2934	0
2935	0
2936	1
2937	0
2938	0
2939	0
2940	0
2941	0
2942	0
2943	0
2944	0
2945	0
2946	0
2947	0
2948	0
2949	0
2950	0
2951	0
2952	1
2953	0
2954	0
2955	0
2956	1
2957	0
2958	0
2959	0
2960	0
2961	0
2962	0
2963	0
2964	0
2965	1
2966	0
2967	1
2968	1
2969	0
2970	0
2971	0
2972	0
2973	0
2974	0
2975	0
2976	1
2977	0
2978	0
2979	0
2980	1
2981	0
2982	0
2983	0
2984	0
2985	0
2986	0
2987	0
2988	1
2989	0
2990	0
2991	0
2992	0
2993	1
2994	0
2995	0
2996	0
2997	0
2998	0
2999	0
3000	0
3001	0
3002	0
3003	0
3004	0
3005	0
3006	0
3007	0
3008	0
3009	0
3010	0
3011	0
3012	0
3013	0
3014	1
3015	0
3016	1
3017	0
3018	0
3019	0
3020	0
3021	0
3022	0
3023	0
3024	0
3025	0
3026	0
3027	0
3028	0
3029	0
3030	0
3031	0
3032	0
3033	0
3034	0
3035	0
3036	0
3037	1
3038	1
3039	0
3040	1
3041	0
3042	0
3043	0
3044	0
3045	0
3046	0
3047	0
3048	0
3049	0
3050	0
3051	0
3052	0
3053	0
3054	0
3055	0
3056	0
3057	0
3058	0
3059	0
3060	0
3061	0
3062	0
3063	0
3064	1
3065	0
3066	0
3067	0
3068	0
3069	1
3070	0
3071	0
3072	0
3073	0
3074	0
3075	0
3076	0
3077	0
3078	1
3079	0
3080	0
3081	0
3082	0
3083	0
3084	0
3085	0
3086	0
3087	0
3088	0
3089	0
3090	0
3091	0
3092	0
3093	0
3094	0
3095	0
3096	2
3097	0
3098	1
3099	0
3100	0
3101	1
3102	1
3103	0
3104	0
3105	0
3106	0
3107	0
3108	0
3109	0
3110	0
3111	0
3112	0
3113	0
3114	1
3115	1
3116	0
3117	0
3118	0
3119	0
3120	0
3121	0
3122	0
3123	0
3124	0
3125	0
3126	0
3127	0
3128	0
3129	0
3130	0
3131	1
3132	0
3133	0
3134	0
3135	0
3136	1
3137	0
3138	0
3139	0
3140	0
3141	0
3142	0
3143	0
3144	0
3145	0
3146	1
3147	0
3148	1
3149	0
3150	0
3151	0
3152	0
3153	0
3154	0
3155	1
3156	0
3157	0
3158	0
3159	0
3160	0
3161	0
3162	0
3163	0
3164	0
3165	0
3166	0
3167	0
3168	0
3169	0
3170	0
3171	1
3172	0
3173	0
3174	0
3175	0
3176	0
3177	0
3178	0
3179	1
3180	1
3181	0
3182	0
3183	0
3184	0
3185	1
3186	0
3187	1
3188	0
3189	0
3190	0
3191	0
3192	0
3193	0
3194	0
3195	0
3196	0
3197	0
3198	1
3199	0
3200	0
3201	0
3202	0
3203	0
3204	0
3205	0
3206	0
3207	0
3208	0
3209	0
3210	0
3211	1
3212	0
3213	1
3214	0
3215	0
3216	0
3217	0
3218	0
3219	0
3220	0
3221	0
3222	0
3223	0
3224	2
3225	0
3226	0
3227	0
3228	0
3229	0
3230	0
3231	0
3232	0
3233	0
3234	0
3235	1
3236	0
3237	0
3238	0
3239	0
3240	0
3241	0
3242	0
3243	1
3244	1
3245	0
3246	0
3247	0
3248	0
3249	0
3250	0
3251	0
3252	0
3253	0
3254	0
3255	0
3256	0
3257	0
3258	0
3259	0
3260	0
3261	1
3262	0
3263	0
3264	0
3265	0
3266	0
3267	0
3268	1
3269	0
3270	1
3271	0
3272	0
3273	1
3274	0
3275	0
3276	0
3277	0
3278	0
3279	0
3280	0
3281	0
3282	0
3283	0
3284	0
3285	0
3286	0
3287	0
3288	0
3289	0
3290	0
3291	1
3292	0
3293	0
3294	0
3295	0
3296	0
3297	0
3298	0
3299	0
3300	0
3301	0
3302	0
3303	0
3304	0
3305	0
3306	0
3307	0
3308	0
3309	0
3310	0
3311	0
3312	0
3313	0
3314	0
3315	1
3316	1
3317	0
3318	1
3319	0
3320	0
3321	0
3322	0
3323	0
3324	0
3325	1
3326	0
3327	0
3328	0
3329	0
3330	0
3331	0
3332	0
3333	0
3334	0
3335	0
3336	0
3337	0
3338	0
3339	0
3340	0
3341	0
3342	0
3343	0
3344	0
3345	0
3346	0
3347	0
3348	0
3349	0
3350	1
3351	0
3352	0
3353	0
3354	0
3355	0
3356	0
3357	0
3358	0
3359	0
3360	0
3361	0
3362	0
3363	0
3364	2
3365	0
3366	0
3367	0
3368	0
3369	0
3370	1
3371	0
3372	0
3373	1
3374	0
3375	0
3376	0
3377	0
3378	0
3379	0
3380	1
3381	0
3382	0
3383	0
3384	0
3385	0
3386	0
3387	1
3388	0
3389	1
3390	0
3391	0
3392	0
3393	0
3394	0
3395	0
3396	0
3397	0
3398	0
3399	0
3400	0
3401	0
3402	0
3403	0
3404	0
3405	0
3406	0
3407	0
3408	0
3409	0
3410	0
3411	0
3412	0
3413	0
3414	0
3415	0
3416	0
3417	0
3418	1
3419	0
3420	0
3421	0
3422	0
3423	0
3424	1
3425	0
3426	0
3427	0
3428	0
3429	0
3430	0
3431	0
3432	0
3433	0
3434	0
3435	0
3436	0
3437	0
3438	0
3439	0
3440	0
3441	0
3442	0
3443	1
3444	0
3445	0
3446	0
3447	0
3448	0
3449	0
3450	1
3451	0
3452	0
3453	0
3454	0
3455	0
3456	0
3457	0
3458	0
3459	0
3460	0
3461	0
3462	0
3463	0
3464	0
3465	0
3466	0
3467	1
3468	0
3469	0
3470	0
3471	0
3472	0
3473	0
3474	0
3475	0
3476	0
3477	0
3478	0
3479	0
3480	0
3481	0
3482	0
3483	0
3484	0
3485	0
3486	1
3487	0
3488	0
3489	0
3490	0
3491	0
3492	0
3493	0
3494	0
3495	0
3496	0
3497	0
3498	0
3499	0
3500	0
3501	0
3502	0
3503	0
3504	0
3505	0
3506	0
3507	0
3508	0
3509	0
3510	0
3511	0
3512	1
3513	0
3514	0
3515	0
3516	0
3517	1
3518	0
3519	0
3520	0
3521	0
3522	0
3523	0
3524	0
3525	0
3526	1
3527	0
3528	0
3529	0
3530	0
3531	1
3532	0
3533	0
3534	0
3535	1
3536	0
3537	0
3538	0
3539	0
3540	0
3541	0
3542	0
3543	0
3544	0
3545	0
3546	0
3547	0
3548	0
3549	0
3550	0
3551	0
3552	0
3553	0
3554	0
3555	0
3556	0
3557	0
3558	0
3559	0
3560	1
3561	0
3562	1
3563	0
3564	1
3565	0
3566	0
3567	1
3568	0
3569	0
3570	0
3571	0
3572	0
3573	0
3574	0
3575	0
3576	0
3577	0
3578	1
3579	0
3580	0
3581	0
3582	0
3583	0
3584	0
3585	1
3586	0
3587	0
3588	0
3589	0
3590	1
3591	0
3592	0
3593	0
3594	0
3595	0
3596	0
3597	0
3598	0
3599	0
3600	0
3601	0
3602	0
3603	0
3604	0
3605	0
3606	0
3607	0
3608	0
3609	0
3610	0
3611	0
3612	0
3613	0
3614	0
3615	0
3616	0
3617	0
3618	0
3619	0
3620	0
3621	0
3622	0
3623	0
3624	1
3625	0
3626	0
3627	0
3628	0
3629	0
3630	0
3631	0
3632	0
3633	0
3634	0
3635	0
3636	0
3637	0
3638	0
3639	0
3640	0
3641	0
3642	0
3643	0
3644	0
3645	0
3646	0
3647	0
3648	0
3649	0
3650	0
3651	1
3652	0
3653	0
3654	0
3655	0
3656	0
3657	0
3658	0
3659	0
3660	0
3661	0
3662	0
3663	0
3664	0
3665	0
3666	0
3667	0
3668	0
3669	0
3670	0
3671	2
3672	0
3673	0
3674	0
3675	0
3676	0
3677	0
3678	0
3679	1
3680	1
3681	0
3682	0
3683	0
3684	0
3685	1
3686	0
3687	0
3688	0
3689	0
3690	0
3691	0
3692	0
3693	0
3694	0
3695	0
3696	1
3697	0
3698	0
3699	0
3700	0
3701	0
3702	0
3703	0
3704	0
3705	0
3706	0
3707	0
3708	0
3709	0
3710	2
3711	0
3712	0
3713	1
3714	0
3715	0
3716	0
3717	0
3718	0
3719	0
3720	2
3721	0
3722	1
3723	0
3724	0
3725	0
3726	0
3727	0
3728	0
3729	0
3730	0
3731	1
3732	0
3733	0
3734	1
3735	0
3736	0
3737	0
3738	0
3739	0
3740	1
3741	0
3742	1
3743	0
3744	0
3745	0
3746	1
3747	0
3748	0
3749	0
3750	0
3751	0
3752	0
3753	0
3754	0
3755	0
3756	0
3757	0
3758	0
3759	0
3760	0
3761	0
3762	0
3763	1
3764	1
3765	0
3766	0
3767	0
3768	0
3769	0
3770	0
3771	0
3772	1
3773	1
3774	1
3775	0
3776	0
3777	0
3778	0
3779	0
3780	0
3781	0
3782	0
3783	0
3784	0
3785	1
3786	0
3787	0
3788	0
3789	0
3790	1
3791	0
3792	0
3793	0
3794	0
3795	0
3796	0
3797	0
3798	0
3799	1
3800	0
3801	0
3802	1
3803	0
3804	0
3805	0
3806	0
3807	0
3808	0
3809	0
3810	0
3811	0
3812	0
3813	0
3814	0
3815	0
3816	0
3817	0
3818	0
3819	0
3820	0
3821	0
3822	0
3823	1
3824	0
3825	1
3826	1
3827	0
3828	1
3829	0
3830	1
3831	0
3832	0
3833	0
3834	0
3835	1
3836	0
3837	0
3838	0
3839	0
3840	0
3841	0
3842	0
3843	0
3844	0
3845	0
3846	0
3847	1
3848	0
3849	1
3850	0
3851	1
3852	0
3853	0
3854	1
3855	1
3856	1
3857	0
3858	0
3859	0
3860	0
3861	0
3862	0
3863	0
3864	1
3865	1
3866	0
3867	0
3868	0
3869	1
3870	0
3871	0
3872	1
3873	0
3874	0
3875	0
3876	0
3877	0
3878	0
3879	0
3880	0
3881	0
3882	0
3883	0
3884	0
3885	0
3886	0
3887	1
3888	1
3889	0
3890	1
3891	1
3892	0
3893	1
3894	0
3895	0
3896	0
3897	1
3898	0
3899	0
3900	0
3901	1
3902	1
3903	0
3904	1
3905	0
3906	1
3907	0
3908	0
3909	1
3910	1
3911	3
3912	0
3913	0
3914	0
3915	0
3916	1
3917	1
3918	0
3919	1
3920	1
3921	1
3922	0
3923	0
3924	2
3925	1
3926	0
3927	0
3928	1
3929	0
3930	0
3931	1
3932	1
3933	0
3934	0
3935	0
3936	1
3937	0
3938	0
3939	0
3940	0
3941	0
3942	0
3943	0
3944	1
3945	1
3946	0
3947	0
3948	0
3949	1
3950	1
3951	0
3952	1
3953	0
3954	0
3955	0
3956	0
3957	1
3958	0
3959	0
3960	0
3961	0
3962	3
3963	1
3964	1
3965	0
3966	0
3967	0
3968	0
3969	1
3970	0
3971	0
3972	1
3973	0
3974	0
3975	0
3976	0
3977	0
3978	0
3979	0
3980	0
3981	0
3982	0
3983	0
3984	0
3985	0
3986	0
3987	0
3988	0
3989	1
3990	0
3991	2
3992	0
3993	0
3994	0
3995	0
3996	0
3997	0
3998	0
3999	0
4000	0
4001	2
4002	0
4003	1
4004	2
4005	0
4006	1
4007	0
4008	0
4009	0
4010	0
4011	0
4012	0
4013	1
4014	0
4015	0
4016	0
4017	1
4018	0
4019	1
4020	0
4021	0
4022	0
4023	1
4024	0
4025	0
4026	1
4027	0
4028	0
4029	0
4030	0
4031	0
4032	0
4033	1
4034	1
4035	0
4036	0
4037	1
4038	1
4039	0
4040	0
4041	0
4042	1
4043	0
4044	0
4045	0
4046	1
4047	1
4048	2
4049	1
4050	0
4051	0
4052	0
4053	1
4054	0
4055	1
4056	1
4057	0
4058	0
4059	1
4060	0
4061	0
4062	0
4063	0
4064	1
4065	0
4066	0
4067	1
4068	0
4069	0
4070	0
4071	1
4072	1
4073	0
4074	1
4075	0
4076	0
4077	0
4078	1
4079	0
4080	0
4081	0
4082	0
4083	0
4084	0
4085	0
4086	0
4087	0
4088	0
4089	0
4090	0
4091	0
4092	2
4093	1
4094	0
4095	0
4096	5
4097	0
4098	0
4099	1
4100	0
4101	1
4102	1
4103	0
4104	0
4105	0
4106	0
4107	0
4108	0
4109	1
4110	1
4111	0
4112	0
4113	0
4114	0
4115	2
4116	2
4117	0
4118	1
4119	0
4120	1
4121	0
4122	1
4123	0
4124	1
4125	0
4126	0
4127	0
4128	0
4129	0
4130	2
4131	1
4132	0
4133	0
4134	1
4135	1
4136	1
4137	0
4138	0
4139	1
4140	1
4141	0
4142	0
4143	0
4144	1
4145	0
4146	0
4147	3
4148	1
4149	0
4150	0
4151	0
4152	1
4153	0
4154	0
4155	1
4156	1
4157	0
4158	2
4159	0
4160	1
4161	0
4162	0
4163	0
4164	0
4165	0
4166	1
4167	1
4168	1
4169	0
4170	0
4171	0
4172	0
4173	1
4174	0
4175	1
4176	0
4177	0
4178	1
4179	0
4180	2
4181	0
4182	1
4183	1
4184	1
4185	1
4186	0
4187	0
4188	0
4189	1
4190	0
4191	0
4192	2
4193	1
4194	0
4195	1
4196	1
4197	0
4198	0
4199	0
4200	3
4201	0
4202	1
4203	2
4204	1
4205	2
4206	0
4207	0
4208	2
4209	0
4210	0
4211	3
4212	1
4213	2
4214	1
4215	0
4216	2
4217	2
4218	0
4219	1
4220	0
4221	1
4222	1
4223	2
4224	0
4225	0
4226	0
4227	0
4228	1
4229	0
4230	1
4231	0
4232	0
4233	0
4234	1
4235	0
4236	2
4237	0
4238	2
4239	0
4240	1
4241	0
4242	1
4243	1
4244	0
4245	0
4246	0
4247	2
4248	1
4249	0
4250	0
4251	1
4252	2
4253	2
4254	0
4255	2
4256	1
4257	3
4258	2
4259	0
4260	0
4261	1
4262	0
4263	1
4264	0
4265	1
4266	1
4267	1
4268	1
4269	1
4270	0
4271	0
4272	0
4273	0
4274	0
4275	1
4276	0
4277	2
4278	0
4279	1
4280	0
4281	0
4282	1
4283	2
4284	0
4285	0
4286	0
4287	0
4288	1
4289	0
4290	2
4291	0
4292	0
4293	0
4294	0
4295	2
4296	0
4297	1
4298	1
4299	0
4300	1
4301	1
4302	0
4303	0
4304	1
4305	1
4306	1
4307	0
4308	0
4309	0
4310	1
4311	1
4312	0
4313	0
4314	1
4315	1
4316	0
4317	1
4318	0
4319	0
4320	0
4321	0
4322	2
4323	0
4324	2
4325	1
4326	2
4327	0
4328	1
4329	0
4330	0
4331	0
4332	0
4333	0
4334	0
4335	0
4336	3
4337	0
4338	0
4339	1
4340	0
4341	0
4342	2
4343	0
4344	0
4345	1
4346	0
4347	1
4348	1
4349	0
4350	2
4351	0
4352	0
4353	1
4354	1
4355	0
4356	0
4357	0
4358	0
4359	0
4360	1
4361	1
4362	0
4363	1
4364	1
4365	1
4366	0
4367	0
4368	2
4369	0
4370	0
4371	1
4372	0
4373	0
4374	0
4375	1
4376	1
4377	2
4378	0
4379	0
4380	0
4381	2
4382	0
4383	1
4384	1
4385	0
4386	1
4387	0
4388	1
4389	1
4390	0
4391	0
4392	2
4393	0
4394	0
4395	0
4396	1
4397	1
4398	1
4399	0
4400	0
4401	0
4402	1
4403	1
4404	3
4405	1
4406	0
4407	1
4408	1
4409	0
4410	2
4411	1
4412	1
4413	0
4414	0
4415	0
4416	1
4417	1
4418	0
4419	0
4420	1
4421	1
4422	1
4423	1
4424	0
4425	0
4426	0
4427	0
4428	0
4429	0
4430	1
4431	0
4432	1
4433	0
4434	1
4435	0
4436	1
4437	0
4438	0
4439	0
4440	0
4441	0
4442	0
4443	1
4444	0
4445	1
4446	2
4447	0
4448	0
4449	1
4450	0
4451	1
4452	0
4453	0
4454	0
4455	1
4456	1
4457	0
4458	0
4459	0
4460	0
4461	0
4462	3
4463	1
4464	0
4465	0
4466	0
4467	2
4468	0
4469	2
4470	0
4471	2
4472	1
4473	0
4474	0
4475	0
4476	0
4477	3
4478	0
4479	1
4480	1
4481	0
4482	0
4483	2
4484	0
4485	3
4486	0
4487	1
4488	0
4489	1
4490	0
4491	3
4492	0
4493	3
4494	1
4495	2
4496	2
4497	6
4498	11
4499	34
4500	74
4501	67
4502	80
4503	76
4504	100
4505	98
4506	81
4507	91
4508	91
4509	97
4510	104
4511	105
4512	112
4513	103
4514	98
4515	97
4516	90
4517	132
4518	110
4519	98
4520	119
4521	129
4522	100
4523	117
4524	102
4525	105
4526	113
4527	126
4528	93
4529	120
4530	133
4531	105
4532	104
4533	137
4534	121
4535	115
4536	115
4537	117
4538	116
4539	128
4540	135
4541	143
4542	106
4543	118
4544	103
4545	118
4546	106
4547	119
4548	131
4549	113
4550	136
4551	114
4552	112
4553	110
4554	143
4555	159
4556	127
4557	127
4558	141
4559	138
4560	136
4561	143
4562	120
4563	126
4564	127
4565	134
4566	162
4567	122
4568	125
4569	137
4570	136
4571	129
4572	142
4573	160
4574	122
4575	148
4576	146
4577	126
4578	148
4579	175
4580	136
4581	141
4582	155
4583	147
4584	142
4585	155
4586	172
4587	183
4588	156
4589	160
4590	167
4591	181
4592	170
4593	153
4594	184
4595	143
4596	183
4597	147
4598	172
4599	148
4600	170
4601	175
4602	150
4603	163
4604	180
4605	179
4606	162
4607	163
4608	174
4609	168
4610	167
4611	174
4612	189
4613	212
4614	196
4615	178
4616	195
4617	201
4618	191
4619	172
4620	196
4621	179
4622	186
4623	185
4624	198
4625	199
4626	214
4627	185
4628	213
4629	200
4630	216
4631	195
4632	205
4633	202
4634	206
4635	173
4636	222
4637	213
4638	219
4639	216
4640	203
4641	210
4642	221
4643	207
4644	223
4645	211
4646	219
4647	239
4648	233
4649	217
4650	213
4651	227
4652	231
4653	260
4654	222
4655	213
4656	239
4657	214
4658	250
4659	252
4660	234
4661	237
4662	230
4663	278
4664	261
4665	242
4666	233
4667	218
4668	253
4669	240
4670	255
4671	259
4672	260
4673	238
4674	263
4675	239
4676	248
4677	290
4678	259
4679	275
4680	251
4681	269
4682	287
4683	293
4684	303
4685	279
4686	282
4687	292
4688	287
4689	322
4690	302
4691	276
4692	275
4693	284
4694	295
4695	299
4696	272
4697	281
4698	316
4699	323
4700	317
4701	321
4702	327
4703	321
4704	310
4705	285
4706	331
4707	325
4708	341
4709	304
4710	322
4711	293
4712	332
4713	318
4714	320
4715	345
4716	323
4717	351
4718	335
4719	342
4720	341
4721	327
4722	372
4723	366
4724	352
4725	313
4726	354
4727	329
4728	326
4729	400
4730	363
4731	325
4732	365
4733	351
4734	338
4735	383
4736	355
4737	377
4738	365
4739	384
4740	376
4741	354
4742	342
4743	364
4744	402
4745	396
4746	386
4747	397
4748	360
4749	404
4750	387
4751	380
4752	418
4753	415
4754	371
4755	400
4756	358
4757	399
4758	410
4759	418
4760	415
4761	407
4762	438
4763	413
4764	425
4765	410
4766	435
4767	410
4768	447
4769	408
4770	433
4771	420
4772	460
4773	429
4774	421
4775	409
4776	417
4777	448
4778	448
4779	442
4780	467
4781	435
4782	423
4783	448
4784	464
4785	474
4786	448
4787	413
4788	462
4789	451
4790	449
4791	463
4792	467
4793	467
4794	434
4795	427
4796	459
4797	467
4798	439
4799	491
4800	463
4801	428
4802	450
4803	517
4804	515
4805	532
4806	470
4807	489
4808	464
4809	492
4810	483
4811	505
4812	469
4813	475
4814	442
4815	509
4816	476
4817	516
4818	507
4819	517
4820	485
4821	518
4822	534
4823	505
4824	500
4825	493
4826	482
4827	490
4828	514
4829	522
4830	512
4831	507
4832	505
4833	554
4834	507
4835	521
4836	544
4837	497
4838	504
4839	509
4840	541
4841	556
4842	565
4843	533
4844	530
4845	506
4846	510
4847	526
4848	595
4849	531
4850	531
4851	550
4852	532
4853	534
4854	540
4855	521
4856	518
4857	530
4858	559
4859	525
4860	564
4861	589
4862	533
4863	519
4864	569
4865	577
4866	565
4867	585
4868	512
4869	540
4870	550
4871	576
4872	594
4873	538
4874	568
4875	518
4876	564
4877	579
4878	601
4879	509
4880	565
4881	537
4882	559
4883	567
4884	572
4885	566
4886	602
4887	533
4888	627
4889	538
4890	568
4891	533
4892	535
4893	541
4894	572
4895	566
4896	573
4897	577
4898	569
4899	584
4900	575
4901	577
4902	547
4903	595
4904	552
4905	556
4906	548
4907	557
4908	579
4909	561
4910	599
4911	543
4912	581
4913	593
4914	564
4915	600
4916	581
4917	566
4918	554
4919	565
4920	529
4921	572
4922	570
4923	617
4924	603
4925	608
4926	594
4927	582
4928	551
4929	553
4930	592
4931	549
4932	532
4933	571
4934	591
4935	601
4936	602
4937	620
4938	553
4939	562
4940	581
4941	542
4942	578
4943	557
4944	565
4945	571
4946	555
4947	612
4948	557
4949	533
4950	588
4951	599
4952	561
4953	536
4954	580
4955	560
4956	540
4957	580
4958	578
4959	575
4960	568
4961	577
4962	543
4963	547
4964	581
4965	531
4966	544
4967	591
4968	592
4969	575
4970	572
4971	573
4972	567
4973	582
4974	585
4975	534
4976	583
4977	529
4978	550
4979	566
4980	574
4981	557
4982	561
4983	571
4984	601
4985	572
4986	541
4987	558
4988	522
4989	595
4990	601
4991	529
4992	539
4993	535
4994	558
4995	554
4996	543
4997	562
4998	565
4999	559
5000	553
5001	547
5002	517
5003	533
5004	564
5005	566
5006	527
5007	580
5008	532
5009	509
5010	516
5011	560
5012	542
5013	537
5014	537
5015	515
5016	505
5017	535
5018	507
5019	523
5020	483
5021	489
5022	497
5023	517
5024	505
5025	539
5026	521
5027	488
5028	550
5029	516
5030	527
5031	482
5032	463
5033	507
5034	521
5035	529
5036	507
5037	504
5038	543
5039	523
5040	484
5041	500
5042	483
5043	529
5044	516
5045	479
5046	497
5047	543
5048	482
5049	463
5050	534
5051	478
5052	459
5053	465
5054	448
5055	511
5056	471
5057	470
5058	465
5059	480
5060	461
5061	474
5062	461
5063	474
5064	485
5065	441
5066	469
5067	474
5068	478
5069	450
5070	454
5071	493
5072	479
5073	473
5074	465
5075	443
5076	426
5077	466
5078	445
5079	478
5080	475
5081	477
5082	466
5083	456
5084	441
5085	417
5086	464
5087	465
5088	419
5089	448
5090	476
5091	431
5092	472
5093	408
5094	431
5095	457
5096	432
5097	390
5098	415
5099	436
5100	413
5101	447
5102	387
5103	424
5104	411
5105	419
5106	418
5107	445
5108	442
5109	444
5110	422
5111	404
5112	435
5113	428
5114	409
5115	442
5116	440
5117	384
5118	402
5119	427
5120	389
5121	418
5122	404
5123	412
5124	385
5125	382
5126	371
5127	398
5128	431
5129	398
5130	392
5131	382
5132	387
5133	398
5134	405
5135	385
5136	350
5137	377
5138	375
5139	377
5140	363
5141	390
5142	377
5143	375
5144	373
5145	357
5146	338
5147	338
5148	374
5149	380
5150	358
5151	347
5152	342
5153	352
5154	356
5155	363
5156	387
5157	372
5158	367
5159	354
5160	386
5161	334
5162	351
5163	311
5164	326
5165	367
5166	354
5167	335
5168	330
5169	362
5170	333
5171	365
5172	344
5173	334
5174	344
5175	314
5176	340
5177	361
5178	363
5179	301
5180	330
5181	325
5182	354
5183	320
5184	372
5185	328
5186	312
5187	337
5188	327
5189	363
5190	316
5191	315
5192	324
5193	291
5194	316
5195	322
5196	300
5197	321
5198	351
5199	314
5200	299
5201	324
5202	275
5203	292
5204	303
5205	354
5206	321
5207	318
5208	306
5209	267
5210	321
5211	320
5212	283
5213	307
5214	309
5215	304
5216	289
5217	287
5218	308
5219	294
5220	278
5221	311
5222	286
5223	301
5224	297
5225	282
5226	296
5227	291
5228	294
5229	301
5230	304
5231	272
5232	284
5233	307
5234	276
5235	297
5236	255
5237	243
5238	272
5239	277
5240	277
5241	273
5242	270
5243	293
5244	277
5245	304
5246	291
5247	281
5248	283
5249	261
5250	252
5251	282
5252	280
5253	263
5254	269
5255	296
5256	276
5257	248
5258	270
5259	289
5260	270
5261	259
5262	273
5263	283
5264	294
5265	268
5266	251
5267	259
5268	268
5269	269
5270	221
5271	166
5272	111
5273	85
5274	74
5275	82
5276	79
5277	64
5278	49
5279	66
5280	50
5281	57
5282	55
5283	51
5284	40
5285	43
5286	47
5287	40
5288	36
5289	29
5290	37
5291	17
5292	24
5293	20
5294	20
5295	22
5296	18
5297	24
5298	17
5299	25
5300	16
5301	20
5302	22
5303	15
5304	19
5305	23
5306	17
5307	26
5308	15
5309	17
5310	10
5311	13
5312	11
5313	16
5314	12
5315	12
5316	8
5317	11
5318	15
5319	14
5320	7
5321	11
5322	10
5323	8
5324	16
5325	4
5326	6
5327	9
5328	8
5329	9
5330	7
5331	8
5332	5
5333	5
5334	12
5335	7
5336	8
5337	10
5338	11
5339	2
5340	6
5341	7
5342	6
5343	6
5344	2
5345	4
5346	8
5347	6
5348	7
5349	5
5350	4
5351	5
5352	8
5353	5
5354	5
5355	5
5356	3
5357	2
5358	5
5359	2
5360	2
5361	4
5362	3
5363	3
5364	5
5365	3
5366	2
5367	3
5368	4
5369	3
5370	2
5371	2
5372	7
5373	1
5374	4
5375	3
5376	3
5377	5
5378	2
5379	4
5380	3
5381	1
5382	4
5383	2
5384	1
5385	1
5386	1
5387	0
5388	1
5389	2
5390	2
5391	3
5392	4
5393	2
5394	0
5395	1
5396	1
5397	0
5398	0
5399	1
5400	0
5401	1
5402	2
5403	2
5404	1
5405	0
5406	1
5407	1
5408	0
5409	0
5410	1
5411	2
5412	0
5413	1
5414	1
5415	0
5416	0
5417	1
5418	0
5419	0
5420	0
5421	0
5422	0
5423	0
5424	0
5425	1
5426	0
5427	0
5428	0
5429	1
5430	0
5431	0
5432	0
5433	0
5434	0
5435	1
5436	2
5437	0
5438	0
5439	0
5440	0
5441	0
5442	0
5443	0
5444	0
5445	0
5446	0
5447	0
5448	0
5449	0
5450	0
5451	0
5452	1
5453	0
5454	1
5455	0
5456	0
5457	0
5458	1
5459	0
5460	0
5461	0
5462	0
5463	0
5464	0
5465	0
5466	0
5467	0
5468	0
5469	0
5470	0
5471	0
5472	0
5473	0
5474	0
5475	0
5476	0
5477	0
5478	0
5479	0
5480	0
5481	0
5482	0
5483	0
5484	0
5485	0
5486	0
5487	0
5488	0
5489	0
5490	0
5491	0
5492	0
5493	0
5494	0
5495	0
5496	0
5497	0
5498	0
5499	0
5500	0
5501	0
5502	0
5503	0
5504	0
5505	0
5506	0
5507	0
5508	0
5509	0
5510	0
5511	0
5512	0
5513	0
5514	0
5515	0
5516	0
5517	0
5518	0
5519	0
5520	0
5521	0
5522	0
5523	0
5524	0
5525	0
5526	0
5527	0
5528	0
5529	0
5530	0
5531	0
5532	0
5533	0
5534	0
5535	0
5536	0
5537	0
5538	0
5539	0
5540	0
5541	0
5542	0
5543	0
5544	0
5545	0
5546	0
5547	0
5548	0
5549	0
5550	0
5551	0
5552	0
5553	0
5554	0
5555	0
5556	0
5557	0
5558	0
5559	0
5560	0
5561	0
5562	0
5563	0
5564	0
5565	0
5566	0
5567	0
5568	0
5569	0
5570	0
5571	0
5572	0
5573	0
5574	0
5575	0
5576	0
5577	0
5578	0
5579	0
5580	0
5581	0
5582	0
5583	0
5584	0
5585	0
5586	0
5587	0
5588	0
5589	0
5590	0
5591	0
5592	0
5593	0
5594	0
5595	0
5596	0
5597	0
5598	0
5599	0
5600	0
5601	0
5602	0
5603	0
5604	0
5605	0
5606	0
5607	0
5608	0
5609	0
5610	0
5611	0
5612	0
5613	0
5614	0
5615	0
5616	0
5617	0
5618	0
5619	0
5620	0
5621	0
5622	0
5623	0
5624	0
5625	0
5626	0
5627	0
5628	0
5629	0
5630	0
5631	0
5632	0
5633	0
5634	0
5635	0
5636	0
5637	0
5638	0
5639	0
5640	0
5641	0
5642	0
5643	0
5644	0
5645	0
5646	0
5647	0
5648	0
5649	0
5650	0
5651	0
5652	0
5653	0
5654	0
5655	0
5656	0
5657	0
5658	0
5659	0
5660	0
5661	0
5662	0
5663	0
5664	0
5665	0
5666	0
5667	0
5668	0
5669	0
5670	0
5671	0
5672	0
5673	0
5674	0
5675	0
5676	0
5677	0
5678	0
5679	0
5680	0
5681	0
5682	0
5683	0
5684	0
5685	0
5686	0
5687	0
5688	0
5689	0
5690	0
5691	0
5692	0
5693	0
5694	0
5695	0
5696	0
5697	0
5698	0
5699	0
5700	0
5701	0
5702	0
5703	0
5704	0
5705	0
5706	0
5707	0
5708	0
5709	0
5710	0
5711	0
5712	0
5713	0
5714	0
5715	0
5716	0
5717	0
5718	0
5719	0
5720	0
5721	0
5722	0
5723	0
5724	0
5725	0
5726	0
5727	0
5728	0
5729	0
5730	0
5731	0
5732	0
5733	0
5734	0
5735	0
5736	0
5737	0
5738	0
5739	0
5740	0
5741	0
5742	0
5743	0
5744	0
5745	0
5746	0
5747	0
5748	0
5749	0
5750	0
5751	0
5752	0
5753	0
5754	0
5755	0
5756	0
5757	0
5758	0
5759	0
5760	0
5761	0
5762	0
5763	0
5764	0
5765	0
5766	0
5767	0
5768	0
5769	0
5770	0
5771	0
5772	0
5773	0
5774	0
5775	0
5776	0
5777	0
5778	0
5779	0
5780	0
5781	0
5782	0
5783	0
5784	0
5785	0
5786	0
5787	0
5788	0
5789	0
5790	0
5791	0
5792	0
5793	0
5794	0
5795	0
5796	0
5797	0
5798	0
5799	0
5800	0
5801	0
5802	0
5803	0
5804	0
5805	0
5806	0
5807	0
5808	0
5809	0
5810	0
5811	0
5812	0
5813	0
5814	0
5815	0
5816	0
5817	0
5818	0
5819	0
5820	0
5821	0
5822	0
5823	0
5824	0
5825	0
5826	0
5827	0
5828	0
5829	0
5830	0
5831	0
5832	0
5833	0
5834	0
5835	0
5836	0
5837	0
5838	0
5839	0
5840	0
5841	0
5842	0
5843	0
5844	0
5845	0
5846	0
5847	0
5848	0
5849	0
5850	0
5851	0
5852	0
5853	0
5854	0
5855	0
5856	0
5857	0
5858	0
5859	0
5860	0
5861	0
5862	0
5863	0
5864	0
5865	0
5866	0
5867	0
5868	0
5869	0
5870	0
5871	0
5872	0
5873	0
5874	0
5875	0
5876	0
5877	0
5878	0
5879	0
5880	0
5881	0
5882	0
5883	0
5884	0
5885	0
5886	0
5887	0
5888	0
5889	0
5890	0
5891	0
5892	0
5893	0
5894	0
5895	0
5896	0
5897	0
5898	0
5899	0
5900	0
5901	0
5902	0
5903	0
5904	0
5905	0
5906	0
5907	0
5908	0
5909	0
5910	0
5911	0
5912	0
5913	0
5914	0
5915	0
5916	0
5917	0
5918	0
5919	0
5920	0
5921	0
5922	0
5923	0
5924	0
5925	0
5926	0
5927	0
5928	0
5929	0
5930	0
5931	0
5932	0
5933	0
5934	0
5935	0
5936	0
5937	0
5938	0
5939	0
5940	0
5941	0
5942	0
5943	0
5944	0
5945	0
5946	0
5947	0
5948	0
5949	0
5950	0
5951	0
5952	0
5953	0
5954	0
5955	0
5956	0
5957	0
5958	0
5959	0
5960	0
5961	0
5962	0
5963	0
5964	0
5965	0
5966	0
5967	0
5968	0
5969	0
5970	0
5971	0
5972	0
5973	0
5974	0
5975	0
5976	0
5977	0
5978	0
5979	0
5980	0
5981	0
5982	0
5983	0
5984	0
5985	0
5986	0
5987	0
5988	0
5989	0
5990	0
5991	0
5992	0
5993	0
5994	0
5995	0
5996	0
5997	0
5998	0
5999	0
6000	0
6001	0
6002	0
6003	0
6004	0
6005	0
6006	0
6007	0
6008	0
6009	0
6010	0
6011	0
6012	0
6013	0
6014	0
6015	0
6016	0
6017	0
6018	0
6019	0
6020	0
6021	0
6022	0
6023	0
6024	0
6025	0
6026	0
6027	0
6028	0
6029	0
6030	0
6031	0
6032	0
6033	0
6034	0
6035	0
6036	0
6037	0
6038	0
6039	0
6040	0
6041	0
6042	0
6043	0
6044	0
6045	0
6046	0
6047	0
6048	0
6049	0
6050	0
6051	0
6052	0
6053	0
6054	0
6055	0
6056	0
6057	0
6058	0
6059	0
6060	0
6061	0
6062	0
6063	0
6064	0
6065	0
6066	0
6067	0
6068	0
6069	0
6070	0
6071	0
6072	0
6073	0
6074	0
6075	0
6076	0
6077	0
6078	0
6079	0
6080	0
6081	0
6082	0
6083	0
6084	0
6085	0
6086	0
6087	0
6088	0
6089	0
6090	0
6091	0
6092	0
6093	0
6094	0
6095	0
6096	0
6097	0
6098	0
6099	0
6100	0
6101	0
6102	0
6103	0
6104	0
6105	0
6106	0
6107	0
6108	0
6109	0
6110	0
6111	0
6112	0
6113	0
6114	0
6115	0
6116	0
6117	0
6118	0
6119	0
6120	0
6121	0
6122	0
6123	0
6124	0
6125	0
6126	0
6127	0
6128	0
6129	0
6130	0
6131	0
6132	0
6133	0
6134	0
6135	0
6136	0
6137	0
6138	0
6139	0
6140	0
6141	0
6142	0
6143	0
6144	0
6145	0
6146	0
6147	0
6148	0
6149	0
6150	0
6151	0
6152	0
6153	0
6154	0
6155	0
6156	0
6157	0
6158	0
6159	0
6160	0
6161	0
6162	0
6163	0
6164	0
6165	0
6166	0
6167	0
6168	0
6169	0
6170	0
6171	0
6172	0
6173	0
6174	0
6175	0
6176	0
6177	0
6178	0
6179	0
6180	0
6181	0
6182	0
6183	0
6184	0
6185	0
6186	0
6187	0
6188	0
6189	0
6190	0
6191	0
6192	0
6193	0
6194	0
6195	0
6196	0
6197	0
6198	0
6199	0
6200	0
6201	0
6202	0
6203	0
6204	0
6205	0
6206	0
6207	0
6208	0
6209	0
6210	0
6211	0
6212	0
6213	0
6214	0
6215	0
6216	0
6217	0
6218	0
6219	0
6220	0
6221	0
6222	0
6223	0
6224	0
6225	0
6226	0
6227	0
6228	0
6229	0
6230	0
6231	0
6232	0
6233	0
6234	0
6235	0
6236	0
6237	0
6238	0
6239	0
6240	0
6241	0
6242	0
6243	0
6244	0
6245	0
6246	0
6247	0
6248	0
6249	0
6250	0
6251	0
6252	0
6253	0
6254	0
6255	0
6256	0
6257	0
6258	0
6259	0
6260	0
6261	0
6262	0
6263	0
6264	0
6265	0
6266	0
6267	0
6268	0
6269	0
6270	0
6271	0
6272	0
6273	0
6274	0
6275	0
6276	0
6277	0
6278	0
6279	0
6280	0
6281	0
6282	0
6283	0
6284	0
6285	0
6286	0
6287	0
6288	0
6289	0
6290	0
6291	0
6292	0
6293	0
6294	0
6295	0
6296	0
6297	0
6298	0
6299	0
6300	0
6301	0
6302	0
6303	0
6304	0
6305	0
6306	0
6307	0
6308	0
6309	0
6310	0
6311	0
6312	0
6313	0
6314	0
6315	0
6316	0
6317	0
6318	0
6319	0
6320	0
6321	0
6322	0
6323	0
6324	0
6325	0
6326	0
6327	0
6328	0
6329	0
6330	0
6331	0
6332	0
6333	0
6334	0
6335	0
6336	0
6337	0
6338	0
6339	0
6340	0
6341	0
6342	0
6343	0
6344	0
6345	0
6346	0
6347	0
6348	0
6349	0
6350	0
6351	0
6352	0
6353	0
6354	0
6355	0
6356	0
6357	0
6358	0
6359	0
6360	0
6361	0
6362	0
6363	0
6364	0
6365	0
6366	0
6367	0
6368	0
6369	0
6370	0
6371	0
6372	0
6373	0
6374	0
6375	0
6376	0
6377	0
6378	0
6379	0
6380	0
6381	0
6382	0
6383	0
6384	0
6385	0
6386	0
6387	0
6388	0
6389	0
6390	0
6391	0
6392	0
6393	0
6394	0
6395	0
6396	0
6397	0
6398	0
6399	0
6400	0
6401	0
6402	0
6403	0
6404	0
6405	0
6406	0
6407	0
6408	0
6409	0
6410	0
6411	0
6412	0
6413	0
6414	0
6415	0
6416	0
6417	0
6418	0
6419	0
6420	0
6421	0
6422	0
6423	0
6424	0
6425	0
6426	0
6427	0
6428	0
6429	0
6430	0
6431	0
6432	0
6433	0
6434	0
6435	0
6436	0
6437	0
6438	0
6439	0
6440	0
6441	0
6442	0
6443	0
6444	0
6445	0
6446	0
6447	0
6448	0
6449	0
6450	0
6451	0
6452	0
6453	0
6454	0
6455	0
6456	0
6457	0
6458	0
6459	0
6460	0
6461	0
6462	0
6463	0
6464	0
6465	0
6466	0
6467	0
6468	0
6469	0
6470	0
6471	0
6472	0
6473	0
6474	0
6475	0
6476	0
6477	0
6478	0
6479	0
6480	0
6481	0
6482	0
6483	0
6484	0
6485	0
6486	0
6487	0
6488	0
6489	0
6490	0
6491	0
6492	0
6493	0
6494	0
6495	0
6496	0
6497	0
6498	0
6499	0
6500	0
6501	0
6502	0
6503	0
6504	0
6505	0
6506	0
6507	0
6508	0
6509	0
6510	0
6511	0
6512	0
6513	0
6514	0
6515	0
6516	0
6517	0
6518	0
6519	0
6520	0
6521	0
6522	0
6523	0
6524	0
6525	0
6526	0
6527	0
6528	0
6529	0
6530	0
6531	0
6532	0
6533	0
6534	0
6535	0
6536	0
6537	0
6538	0
6539	0
6540	0
6541	0
6542	0
6543	0
6544	0
6545	0
6546	0
6547	0
6548	0
6549	0
6550	0
6551	0
6552	0
6553	0
6554	0
6555	0
6556	0
6557	0
6558	0
6559	0
6560	0
6561	0
6562	0
6563	0
6564	0
6565	0
6566	0
6567	0
6568	0
6569	0
6570	0
6571	0
6572	0
6573	0
6574	0
6575	0
6576	0
6577	0
6578	0
6579	0
6580	0
6581	0
6582	0
6583	0
6584	0
6585	0
6586	0
6587	0
6588	0
6589	0
6590	0
6591	0
6592	0
6593	0
6594	0
6595	0
6596	0
6597	0
6598	0
6599	0
6600	0
6601	0
6602	0
6603	0
6604	0
6605	0
6606	0
6607	0
6608	0
6609	0
6610	0
6611	0
6612	0
6613	0
6614	0
6615	0
6616	0
6617	0
6618	0
6619	0
6620	0
6621	0
6622	0
6623	0
6624	0
6625	0
6626	0
6627	0
6628	0
6629	0
6630	0
6631	0
6632	0
6633	0
6634	0
6635	0
6636	0
6637	0
6638	0
6639	0
6640	0
6641	0
6642	0
6643	0
6644	0
6645	0
6646	0
6647	0
6648	0
6649	0
6650	0
6651	0
6652	0
6653	0
6654	0
6655	0
6656	0
6657	0
6658	0
6659	0
6660	0
6661	0
6662	0
6663	0
6664	0
6665	0
6666	0
6667	0
6668	0
6669	0
6670	0
6671	0
6672	0
6673	0
6674	0
6675	0
6676	0
6677	0
6678	0
6679	0
6680	0
6681	0
6682	0
6683	0
6684	0
6685	0
6686	0
6687	0
6688	0
6689	0
6690	0
6691	0
6692	0
6693	0
6694	0
6695	0
6696	0
6697	0
6698	0
6699	0
6700	0
6701	0
6702	0
6703	0
6704	0
6705	0
6706	0
6707	0
6708	0
6709	0
6710	0
6711	0
6712	0
6713	0
6714	0
6715	0
6716	0
6717	0
6718	0
6719	0
6720	0
6721	0
6722	0
6723	0
6724	0
6725	0
6726	0
6727	0
6728	0
6729	0
6730	0
6731	0
6732	0
6733	0
6734	0
6735	0
6736	0
6737	0
6738	0
6739	0
6740	0
6741	0
6742	0
6743	0
6744	0
6745	0
6746	0
6747	0
6748	0
6749	0
6750	0
6751	0
6752	0
6753	0
6754	0
6755	0
6756	0
6757	0
6758	0
6759	0
6760	0
6761	0
6762	0
6763	0
6764	0
6765	0
6766	0
6767	0
6768	0
6769	0
6770	0
6771	0
6772	0
6773	0
6774	0
6775	0
6776	0
6777	0
6778	0
6779	0
6780	0
6781	0
6782	0
6783	0
6784	0
6785	0
6786	0
6787	0
6788	0
6789	0
6790	0
6791	0
6792	0
6793	0
6794	0
6795	0
6796	0
6797	0
6798	0
6799	0
6800	0
6801	0
6802	0
6803	0
6804	0
6805	0
6806	0
6807	0
6808	0
6809	0
6810	0
6811	0
6812	0
6813	0
6814	0
6815	0
6816	0
6817	0
6818	0
6819	0
6820	0
6821	0
6822	0
6823	0
6824	0
6825	0
6826	0
6827	0
6828	0
6829	0
6830	0
6831	0
6832	0
6833	0
6834	0
6835	0
6836	0
6837	0
6838	0
6839	0
6840	0
6841	0
6842	0
6843	0
6844	0
6845	0
6846	0
6847	0
6848	0
6849	0
6850	0
6851	0
6852	0
6853	0
6854	0
6855	0
6856	0
6857	0
6858	0
6859	0
6860	0
6861	0
6862	0
6863	0
6864	0
6865	0
6866	0
6867	0
6868	0
6869	0
6870	0
6871	0
6872	0
6873	0
6874	0
6875	0
6876	0
6877	0
6878	0
6879	0
6880	0
6881	0
6882	0
6883	0
6884	0
6885	0
6886	0
6887	0
6888	0
6889	0
6890	0
6891	0
6892	0
6893	0
6894	0
6895	0
6896	0
6897	0
6898	0
6899	0
6900	0
6901	0
6902	0
6903	0
6904	0
6905	0
6906	0
6907	0
6908	0
6909	0
6910	0
6911	0
6912	0
6913	0
6914	0
6915	0
6916	0
6917	0
6918	0
6919	0
6920	0
6921	0
6922	0
6923	0
6924	0
6925	0
6926	0
6927	0
6928	0
6929	0
6930	0
6931	0
6932	0
6933	0
6934	0
6935	0
6936	0
6937	0
6938	0
6939	0
6940	0
6941	0
6942	0
6943	0
6944	0
6945	0
6946	0
6947	0
6948	0
6949	0
6950	0
6951	0
6952	0
6953	0
6954	0
6955	0
6956	0
6957	0
6958	0
6959	0
6960	0
6961	0
6962	0
6963	0
6964	0
6965	0
6966	0
6967	0
6968	0
6969	0
6970	0
6971	0
6972	0
6973	0
6974	0
6975	0
6976	0
6977	0
6978	0
6979	0
6980	0
6981	0
6982	0
6983	0
6984	0
6985	0
6986	0
6987	0
6988	0
6989	0
6990	0
6991	0
6992	0
6993	0
6994	0
6995	0
6996	0
6997	0
6998	0
6999	0
7000	0
7001	0
7002	0
7003	0
7004	0
7005	0
7006	0
7007	0
7008	0
7009	0
7010	0
7011	0
7012	0
7013	0
7014	0
7015	0
7016	0
7017	0
7018	0
7019	0
7020	0
7021	0
7022	0
7023	0
7024	0
7025	0
7026	0
7027	0
7028	0
7029	0
7030	0
7031	0
7032	0
7033	0
7034	0
7035	0
7036	0
7037	0
7038	0
7039	0
7040	0
7041	0
7042	0
7043	0
7044	0
7045	0
7046	0
7047	0
7048	0
7049	0
7050	0
7051	0
7052	0
7053	0
7054	0
7055	0
7056	0
7057	0
7058	0
7059	0
7060	0
7061	0
7062	0
7063	0
7064	0
7065	0
7066	0
7067	0
7068	0
7069	0
7070	0
7071	0
7072	0
7073	0
7074	0
7075	0
7076	0
7077	0
7078	0
7079	0
7080	0
7081	0
7082	0
7083	0
7084	0
7085	0
7086	0
7087	0
7088	0
7089	0
7090	0
7091	0
7092	0
7093	0
7094	0
7095	0
7096	0
7097	0
7098	0
7099	0
7100	0
7101	0
7102	0
7103	0
7104	0
7105	0
7106	0
7107	0
7108	0
7109	0
7110	0
7111	0
7112	0
7113	0
7114	0
7115	0
7116	0
7117	0
7118	0
7119	0
7120	0
7121	0
7122	0
7123	0
7124	0
7125	0
7126	0
7127	0
7128	0
7129	0
7130	0
7131	0
7132	0
7133	0
7134	0
7135	0
7136	0
7137	0
7138	0
7139	0
7140	0
7141	0
7142	0
7143	0
7144	0
7145	0
7146	0
7147	0
7148	0
7149	0
7150	0
7151	0
7152	0
7153	0
7154	0
7155	0
7156	0
7157	0
7158	0
7159	0
7160	0
7161	0
7162	0
7163	0
7164	0
7165	0
7166	0
7167	0
7168	0
7169	0
7170	0
7171	0
7172	0
7173	0
7174	0
7175	0
7176	0
7177	0
7178	0
7179	0
7180	0
7181	0
7182	0
7183	0
7184	0
7185	0
7186	0
7187	0
7188	0
7189	0
7190	0
7191	0
7192	0
7193	0
7194	0
7195	0
7196	0
7197	0
7198	0
7199	0
7200	0
7201	0
7202	0
7203	0
7204	0
7205	0
7206	0
7207	0
7208	0
7209	0
7210	0
7211	0
7212	0
7213	0
7214	0
7215	0
7216	0
7217	0
7218	0
7219	0
7220	0
7221	0
7222	0
7223	0
7224	0
7225	0
7226	0
7227	0
7228	0
7229	0
7230	0
7231	0
7232	0
7233	0
7234	0
7235	0
7236	0
7237	0
7238	0
7239	0
7240	0
7241	0
7242	0
7243	0
7244	0
7245	0
7246	0
7247	0
7248	0
7249	0
7250	0
7251	0
7252	0
7253	0
7254	0
7255	0
7256	0
7257	0
7258	0
7259	0
7260	0
7261	0
7262	0
7263	0
7264	0
7265	0
7266	0
7267	0
7268	0
7269	0
7270	0
7271	0
7272	0
7273	0
7274	0
7275	0
7276	0
7277	0
7278	0
7279	0
7280	0
7281	0
7282	0
7283	0
7284	0
7285	0
7286	0
7287	0
7288	0
7289	0
7290	0
7291	0
7292	0
7293	0
7294	0
7295	0
7296	0
7297	0
7298	0
7299	0
7300	0
7301	0
7302	0
7303	0
7304	0
7305	0
7306	0
7307	0
7308	0
7309	0
7310	0
7311	0
7312	0
7313	0
7314	0
7315	0
7316	0
7317	0
7318	0
7319	0
7320	0
7321	0
7322	0
7323	0
7324	0
7325	0
7326	0
7327	0
7328	0
7329	0
7330	0
7331	0
7332	0
7333	0
7334	0
7335	0
7336	0
7337	0
7338	0
7339	0
7340	0
7341	0
7342	0
7343	0
7344	0
7345	0
7346	0
7347	0
7348	0
7349	0
7350	0
7351	0
7352	0
7353	0
7354	0
7355	0
7356	0
7357	0
7358	0
7359	0
7360	0
7361	0
7362	0
7363	0
7364	0
7365	0
7366	0
7367	0
7368	0
7369	0
7370	0
7371	0
7372	0
7373	0
7374	0
7375	0
7376	0
7377	0
7378	0
7379	0
7380	0
7381	0
7382	0
7383	0
7384	0
7385	0
7386	0
7387	0
7388	0
7389	0
7390	0
7391	0
7392	0
7393	0
7394	0
7395	0
7396	0
7397	0
7398	0
7399	0
7400	0
7401	0
7402	0
7403	0
7404	0
7405	0
7406	0
7407	0
7408	0
7409	0
7410	0
7411	0
7412	0
7413	0
7414	0
7415	0
7416	0
7417	0
7418	0
7419	0
7420	0
7421	0
7422	0
7423	0
7424	0
7425	0
7426	0
7427	0
7428	0
7429	0
7430	0
7431	0
7432	0
7433	0
7434	0
7435	0
7436	0
7437	0
7438	0
7439	0
7440	0
7441	0
7442	0
7443	0
7444	0
7445	0
7446	0
7447	0
7448	0
7449	0
7450	0
7451	0
7452	0
7453	0
7454	0
7455	0
7456	0
7457	0
7458	0
7459	0
7460	0
7461	0
7462	0
7463	0
7464	0
7465	0
7466	0
7467	0
7468	0
7469	0
7470	0
7471	0
7472	0
7473	0
7474	0
7475	0
7476	0
7477	0
7478	0
7479	0
7480	0
7481	0
7482	0
7483	0
7484	0
7485	0
7486	0
7487	0
7488	0
7489	0
7490	0
7491	0
7492	0
7493	0
7494	0
7495	0
7496	0
7497	0
7498	0
7499	0
7500	0
7501	0
7502	0
7503	0
7504	0
7505	0
7506	0
7507	0
7508	0
7509	0
7510	0
7511	0
7512	0
7513	0
7514	0
7515	0
7516	0
7517	0
7518	0
7519	0
7520	0
7521	0
7522	0
7523	0
7524	0
7525	0
7526	0
7527	0
7528	0
7529	0
7530	0
7531	0
7532	0
7533	0
7534	0
7535	0
7536	0
7537	0
7538	0
7539	0
7540	0
7541	0
7542	0
7543	0
7544	0
7545	0
7546	0
7547	0
7548	0
7549	0
7550	0
7551	0
7552	0
7553	0
7554	0
7555	0
7556	0
7557	0
7558	0
7559	0
7560	0
7561	0
7562	0
7563	0
7564	0
7565	0
7566	0
7567	0
7568	0
7569	0
7570	0
7571	0
7572	0
7573	0
7574	0
7575	0
7576	0
7577	0
7578	0
7579	0
7580	0
7581	0
7582	0
7583	0
7584	0
7585	0
7586	0
7587	0
7588	0
7589	0
7590	0
7591	0
7592	0
7593	0
7594	0
7595	0
7596	0
7597	0
7598	0
7599	0
7600	0
7601	0
7602	0
7603	0
7604	0
7605	0
7606	0
7607	0
7608	0
7609	0
7610	0
7611	0
7612	0
7613	0
7614	0
7615	0
7616	0
7617	0
7618	0
7619	0
7620	0
7621	0
7622	0
7623	0
7624	0
7625	0
7626	0
7627	0
7628	0
7629	0
7630	0
7631	0
7632	0
7633	0
7634	0
7635	0
7636	0
7637	0
7638	0
7639	0
7640	0
7641	0
7642	0
7643	0
7644	0
7645	0
7646	0
7647	0
7648	0
7649	0
7650	0
7651	0
7652	0
7653	0
7654	0
7655	0
7656	0
7657	0
7658	0
7659	0
7660	0
7661	0
7662	0
7663	0
7664	0
7665	0
7666	0
7667	0
7668	0
7669	0
7670	0
7671	0
7672	0
7673	0
7674	0
7675	0
7676	0
7677	0
7678	0
7679	0
7680	0
7681	0
7682	0
7683	0
7684	0
7685	0
7686	0
7687	0
7688	0
7689	0
7690	0
7691	0
7692	0
7693	0
7694	0
7695	0
7696	0
7697	0
7698	0
7699	0
7700	0
7701	0
7702	0
7703	0
7704	0
7705	0
7706	0
7707	0
7708	0
7709	0
7710	0
7711	0
7712	0
7713	0
7714	0
7715	0
7716	0
7717	0
7718	0
7719	0
7720	0
7721	0
7722	0
7723	0
7724	0
7725	0
7726	0
7727	0
7728	0
7729	0
7730	0
7731	0
7732	0
7733	0
7734	0
7735	0
7736	0
7737	0
7738	0
7739	0
7740	0
7741	0
7742	0
7743	0
7744	0
7745	0
7746	0
7747	0
7748	0
7749	0
7750	0
7751	0
7752	0
7753	0
7754	0
7755	0
7756	0
7757	0
7758	0
7759	0
7760	0
7761	0
7762	0
7763	0
7764	0
7765	0
7766	0
7767	0
7768	0
7769	0
7770	0
7771	0
7772	0
7773	0
7774	0
7775	0
7776	0
7777	0
7778	0
7779	0
7780	0
7781	0
7782	0
7783	0
7784	0
7785	0
7786	0
7787	0
7788	0
7789	0
7790	0
7791	0
7792	0
7793	0
7794	0
7795	0
7796	0
7797	0
7798	0
7799	0
7800	0
7801	0
7802	0
7803	0
7804	0
7805	0
7806	0
7807	0
7808	0
7809	0
7810	0
7811	0
7812	0
7813	0
7814	0
7815	0
7816	0
7817	0
7818	0
7819	0
7820	0
7821	0
7822	0
7823	0
7824	0
7825	0
7826	0
7827	0
7828	0
7829	0
7830	0
7831	0
7832	0
7833	0
7834	0
7835	0
7836	0
7837	0
7838	0
7839	0
7840	0
7841	0
7842	0
7843	0
7844	0
7845	0
7846	0
7847	0
7848	0
7849	0
7850	0
7851	0
7852	0
7853	0
7854	0
7855	0
7856	0
7857	0
7858	0
7859	0
7860	0
7861	0
7862	0
7863	0
7864	0
7865	0
7866	0
7867	0
7868	0
7869	0
7870	0
7871	0
7872	0
7873	0
7874	0
7875	0
7876	0
7877	0
7878	0
7879	0
7880	0
7881	0
7882	0
7883	0
7884	0
7885	0
7886	0
7887	0
7888	0
7889	0
7890	0
7891	0
7892	0
7893	0
7894	0
7895	0
7896	0
7897	0
7898	0
7899	0
7900	0
7901	0
7902	0
7903	0
7904	0
7905	0
7906	0
7907	0
7908	0
7909	0
7910	0
7911	0
7912	0
7913	0
7914	0
7915	0
7916	0
7917	0
7918	0
7919	0
7920	0
7921	0
7922	0
7923	0
7924	0
7925	0
7926	0
7927	0
7928	0
7929	0
7930	0
7931	0
7932	0
7933	0
7934	0
7935	0
7936	0
7937	0
7938	0
7939	0
7940	0
7941	0
7942	0
7943	0
7944	0
7945	0
7946	0
7947	0
7948	0
7949	0
7950	0
7951	0
7952	0
7953	0
7954	0
7955	0
7956	0
7957	0
7958	0
7959	0
7960	0
7961	0
7962	0
7963	0
7964	0
7965	0
7966	0
7967	0
7968	0
7969	0
7970	0
7971	0
7972	0
7973	0
7974	0
7975	0
7976	0
7977	0
7978	0
7979	0
7980	0
7981	0
7982	0
7983	0
7984	0
7985	0
7986	0
7987	0
7988	0
7989	0
7990	0
7991	0
7992	0
7993	0
7994	0
7995	0
7996	0
7997	0
7998	0
7999	0
8000	0
8001	0
8002	0
8003	0
8004	0
8005	0
8006	0
8007	0
8008	0
8009	0
8010	0
8011	0
8012	0
8013	0
8014	0
8015	0
8016	0
8017	0
8018	0
8019	0
8020	0
8021	0
8022	0
8023	0
8024	0
8025	0
8026	0
8027	0
8028	0
8029	0
8030	0
8031	0
8032	0
8033	0
8034	0
8035	0
8036	0
8037	0
8038	0
8039	0
8040	0
8041	0
8042	0
8043	0
8044	0
8045	0
8046	0
8047	0
8048	0
8049	0
8050	0
8051	0
8052	0
8053	0
8054	0
8055	0
8056	0
8057	0
8058	0
8059	0
8060	0
8061	0
8062	0
8063	0
8064	0
8065	0
8066	0
8067	0
8068	0
8069	0
8070	0
8071	0
8072	0
8073	0
8074	0
8075	0
8076	0
8077	0
8078	0
8079	0
8080	0
8081	0
8082	0
8083	0
8084	0
8085	0
8086	0
8087	0
8088	0
8089	0
8090	0
8091	0
8092	0
8093	0
8094	0
8095	0
8096	0
8097	0
8098	0
8099	0
8100	0
8101	0
8102	0
8103	0
8104	0
8105	0
8106	0
8107	0
8108	0
8109	0
8110	0
8111	0
8112	0
8113	0
8114	0
8115	0
8116	0
8117	0
8118	0
8119	0
8120	0
8121	0
8122	0
8123	0
8124	0
8125	0
8126	0
8127	0
8128	0
8129	0
8130	0
8131	0
8132	0
8133	0
8134	0
8135	0
8136	0
8137	0
8138	0
8139	0
8140	0
8141	0
8142	0
8143	0
8144	0
8145	0
8146	0
8147	0
8148	0
8149	0
8150	0
8151	0
8152	0
8153	0
8154	0
8155	0
8156	0
8157	0
8158	0
8159	0
8160	0
8161	0
8162	0
8163	0
8164	0
8165	0
8166	0
8167	0
8168	0
8169	0
8170	0
8171	0
8172	0
8173	0
8174	0
8175	0
8176	0
8177	0
8178	0
8179	0
8180	0
8181	0
8182	0
8183	0
8184	0
8185	0
8186	0
8187	0
8188	0
8189	0
8190	0
8191	0
