0	0
1	0
2	0
3	0
4	0
5	0
6	0
7	0
8	0
9	0
10	0
11	0
12	0
13	0
14	0
15	0
16	0
17	0
18	0
19	0
20	0
21	0
22	0
23	0
24	0
25	0
26	0
27	0
28	0
29	0
30	0
31	0
32	0
33	1
34	0
35	0
36	0
37	2
38	1
39	1
40	1
41	4
42	3
43	8
44	10
45	8
46	7
47	28
48	39
49	55
50	50
51	42
52	58
53	42
54	50
55	65
56	56
57	67
58	63
59	61
60	52
61	53
62	57
63	56
64	62
65	48
66	58
67	43
68	46
69	46
70	46
71	47
72	27
73	55
74	57
75	23
76	38
77	38
78	45
79	41
80	47
81	33
82	32
83	28
84	26
85	27
86	22
87	32
88	23
89	18
90	27
91	20
92	24
93	32
94	22
95	23
96	15
97	15
98	16
99	20
100	21
101	25
102	17
103	14
104	15
105	16
106	22
107	14
108	12
109	8
110	10
111	10
112	13
113	18
114	12
115	14
116	15
117	17
118	14
119	13
120	17
121	12
122	13
123	10
124	14
125	17
126	12
127	16
128	11
129	12
130	10
131	8
132	16
133	20
134	14
135	13
136	15
137	12
138	13
139	12
140	17
141	18
142	12
143	8
144	16
145	14
146	13
147	7
148	18
149	23
150	14
151	16
152	16
153	13
154	13
155	7
156	18
157	13
158	14
159	15
160	14
161	13
162	9
163	13
164	18
165	14
166	18
167	15
168	11
169	12
170	16
171	19
172	12
173	15
174	15
175	12
176	16
177	16
178	9
179	9
180	13
181	10
182	17
183	10
184	15
185	15
186	22
187	18
188	17
189	14
190	17
191	20
192	15
193	20
194	19
195	21
196	11
197	11
198	16
199	18
200	8
201	24
202	20
203	16
204	15
205	21
206	13
207	23
208	20
209	24
210	21
211	13
212	12
213	15
214	24
215	24
216	28
217	20
218	25
219	23
220	17
221	20
222	27
223	26
224	25
225	18
226	24
227	28
228	21
229	28
230	14
231	20
232	24
233	32
234	29
235	21
236	23
237	33
238	37
239	28
240	39
241	32
242	41
243	50
244	36
245	48
246	55
247	53
248	60
249	61
250	70
251	81
252	87
253	88
254	89
255	88
256	125
257	134
258	141
259	168
260	180
261	213
262	231
263	250
264	276
265	304
266	340
267	347
268	360
269	455
270	449
271	508
272	551
273	585
274	631
275	710
276	731
277	742
278	766
279	852
280	945
281	923
282	994
283	1051
284	1111
285	1154
286	1176
287	1178
288	1255
289	1374
290	1394
291	1446
292	1424
293	1516
294	1561
295	1576
296	1648
297	1630
298	1755
299	1664
300	1811
301	1831
302	1839
303	1924
304	1922
305	1891
306	2096
307	2048
308	2047
309	2114
310	2093
311	2082
312	2234
313	2235
314	2236
315	2305
316	2464
317	2460
318	2446
319	2503
320	2599
321	2567
322	2637
323	2684
324	2734
325	2779
326	2876
327	2931
328	2907
329	3085
330	3126
331	3177
332	3186
333	3321
334	3329
335	3421
336	3559
337	3683
338	3742
339	3935
340	3956
341	4164
342	4223
343	4285
344	4415
345	4608
346	4672
347	4856
348	5012
349	5177
350	5482
351	5674
352	5717
353	5923
354	6222
355	6552
356	6674
357	7075
358	7197
359	7663
360	7918
361	8325
362	8641
363	9128
364	9440
365	9992
366	10434
367	10775
368	11315
369	11726
370	12162
371	12582
372	13402
373	13983
374	14663
375	15583
376	15736
377	16762
378	17657
379	18011
380	18629
381	19580
382	20776
383	21598
384	22450
385	23535
386	24359
387	24965
388	26001
389	27094
390	28300
391	29111
392	30444
393	31421
394	32552
395	33506
396	34482
397	35876
398	37378
399	37793
400	39204
401	40266
402	41481
403	42636
404	43505
405	44686
406	45489
407	46881
408	47619
409	48865
410	49166
411	50564
412	51053
413	52334
414	53026
415	53961
416	55134
417	55453
418	55880
419	56537
420	56639
421	57320
422	57902
423	58138
424	58517
425	58395
426	58640
427	58806
428	58684
429	58653
430	58757
431	58362
432	58456
433	57622
434	57902
435	57454
436	56763
437	56114
438	56012
439	55798
440	55259
441	54321
442	53353
443	52385
444	51792
445	51268
446	49917
447	49546
448	49034
449	47574
450	46384
451	45752
452	44575
453	43474
454	42873
455	41604
456	41106
457	39826
458	39135
459	37808
460	36753
461	36284
462	35052
463	34072
464	33308
465	32802
466	31722
467	30715
468	30004
469	29328
470	28146
471	27764
472	26572
473	25847
474	25299
475	24880
476	24046
477	23260
478	22758
479	21908
480	21287
481	20928
482	19993
483	19829
484	18970
485	18799
486	18572
487	18114
488	17447
489	17110
490	16654
491	16277
492	15880
493	15422
494	14941
495	14895
496	14422
497	14107
498	13715
499	13422
500	12916
501	12858
502	12555
503	12299
504	11648
505	11441
506	11256
507	11218
508	10952
509	10701
510	10417
511	10098
512	9814
513	9682
514	9427
515	9163
516	8971
517	8615
518	8533
519	8129
520	7891
521	7778
522	7429
523	7367
524	7229
525	6806
526	6902
527	6453
528	6348
529	6211
530	5920
531	5869
532	5689
533	5543
534	5269
535	5222
536	5009
537	4882
538	4798
539	4532
540	4328
541	4228
542	4237
543	3934
544	3901
545	3716
546	3578
547	3510
548	3412
549	3348
550	3194
551	3103
552	2999
553	2909
554	2852
555	2756
556	2763
557	2685
558	2483
559	2490
560	2451
561	2291
562	2227
563	2179
564	2101
565	2076
566	2036
567	1984
568	2021
569	1892
570	1913
571	1853
572	1853
573	1715
574	1748
575	1680
576	1733
577	1702
578	1665
579	1643
580	1654
581	1562
582	1609
583	1552
584	1534
585	1525
586	1503
587	1501
588	1479
589	1517
590	1451
591	1442
592	1400
593	1485
594	1415
595	1354
596	1397
597	1432
598	1446
599	1457
600	1392
601	1401
602	1439
603	1436
604	1405
605	1462
606	1491
607	1398
608	1391
609	1406
610	1421
611	1418
612	1428
613	1448
614	1443
615	1475
616	1446
617	1426
618	1479
619	1442
620	1380
621	1444
622	1463
623	1441
624	1490
625	1505
626	1469
627	1436
628	1531
629	1437
630	1487
631	1463
632	1460
633	1541
634	1522
635	1519
636	1637
637	1584
638	1536
639	1553
640	1566
641	1641
642	1626
643	1578
644	1621
645	1597
646	1603
647	1591
648	1696
649	1656
650	1652
651	1687
652	1674
653	1730
654	1668
655	1708
656	1816
657	1755
658	1704
659	1724
660	1784
661	1776
662	1767
663	1752
664	1763
665	1781
666	1876
667	1807
668	1874
669	1875
670	1870
671	1909
672	1842
673	1980
674	1874
675	2001
676	1879
677	2003
678	2063
679	2058
680	1968
681	1998
682	2053
683	2082
684	2097
685	2081
686	2071
687	2057
688	2076
689	2209
690	2154
691	2111
692	2129
693	2132
694	2225
695	2264
696	2225
697	2282
698	2313
699	2341
700	2278
701	2248
702	2295
703	2284
704	2353
705	2490
706	2325
707	2306
708	2318
709	2313
710	2392
711	2393
712	2477
713	2412
714	2406
715	2385
716	2457
717	2495
718	2464
719	2501
720	2504
721	2474
722	2579
723	2564
724	2557
725	2555
726	2505
727	2518
728	2593
729	2626
730	2467
731	2613
732	2546
733	2629
734	2522
735	2586
736	2663
737	2601
738	2622
739	2685
740	2727
741	2638
742	2596
743	2653
744	2720
745	2737
746	2637
747	2699
748	2720
749	2744
750	2620
751	2644
752	2729
753	2682
754	2618
755	2699
756	2724
757	2687
758	2667
759	2663
760	2714
761	2658
762	2714
763	2678
764	2692
765	2673
766	2658
767	2637
768	2673
769	2717
770	2781
771	2696
772	2733
773	2596
774	2704
775	2722
776	2600
777	2620
778	2732
779	2643
780	2749
781	2639
782	2623
783	2642
784	2534
785	2778
786	2603
787	2521
788	2613
789	2686
790	2529
791	2604
792	2665
793	2601
794	2533
795	2574
796	2599
797	2492
798	2615
799	2509
800	2457
801	2490
802	2535
803	2493
804	2530
805	2490
806	2445
807	2471
808	2575
809	2492
810	2473
811	2507
812	2446
813	2447
814	2459
815	2475
816	2468
817	2388
818	2385
819	2372
820	2484
821	2407
822	2432
823	2481
824	2398
825	2431
826	2467
827	2369
828	2479
829	2470
830	2382
831	2450
832	2479
833	2480
834	2439
835	2425
836	2470
837	2528
838	2399
839	2579
840	2462
841	2598
842	2508
843	2550
844	2575
845	2588
846	2593
847	2647
848	2695
849	2621
850	2551
851	2754
852	2730
853	2699
854	2749
855	2826
856	2862
857	2848
858	2800
859	2820
860	2799
861	2973
862	2930
863	2870
864	3018
865	3017
866	3073
867	3090
868	2992
869	3186
870	3107
871	3048
872	3249
873	3173
874	3318
875	3341
876	3340
877	3358
878	3239
879	3342
880	3435
881	3554
882	3394
883	3477
884	3491
885	3512
886	3555
887	3600
888	3620
889	3743
890	3810
891	3589
892	3749
893	3769
894	3904
895	3766
896	3834
897	3781
898	3859
899	3981
900	3960
901	3897
902	4013
903	3864
904	3962
905	3860
906	3925
907	3936
908	4040
909	3962
910	4087
911	3902
912	3958
913	3842
914	3877
915	3980
916	3976
917	4007
918	4070
919	3980
920	3970
921	4060
922	3940
923	4036
924	3986
925	3906
926	3931
927	3934
928	4028
929	3834
930	3939
931	3828
932	3859
933	3868
934	3841
935	4012
936	3766
937	3782
938	3830
939	3896
940	3740
941	3839
942	3735
943	3901
944	3722
945	3611
946	3669
947	3750
948	3620
949	3626
950	3545
951	3611
952	3686
953	3509
954	3442
955	3497
956	3464
957	3360
958	3339
959	3334
960	3314
961	3217
962	3229
963	3276
964	3248
965	3234
966	3364
967	3276
968	3206
969	3151
970	3050
971	3055
972	3071
973	3124
974	3029
975	3041
976	3047
977	3001
978	2960
979	2966
980	2944
981	2890
982	2820
983	2944
984	2842
985	2748
986	2822
987	2800
988	2842
989	2732
990	2791
991	2713
992	2803
993	2643
994	2643
995	2684
996	2684
997	2690
998	2625
999	2660
1000	2607
1001	2631
1002	2562
1003	2567
1004	2635
1005	2530
1006	2527
1007	2444
1008	2499
1009	2515
1010	2456
1011	2432
1012	2478
1013	2489
1014	2544
1015	2411
1016	2462
1017	2531
1018	2440
1019	2473
1020	2391
1021	2507
1022	2533
1023	2487
1024	2479
1025	2489
1026	2542
1027	2528
1028	2455
1029	2518
1030	2527
1031	2463
1032	2500
1033	2509
1034	2555
1035	2587
1036	2537
1037	2632
1038	2625
1039	2642
1040	2644
1041	2672
1042	2648
1043	2671
1044	2578
1045	2696
1046	2728
1047	2809
1048	2849
1049	2863
1050	2827
1051	2879
1052	2996
1053	2896
1054	3047
1055	2995
1056	2998
1057	3004
1058	3143
1059	3072
1060	3053
1061	3181
1062	3230
1063	3273
1064	3331
1065	3339
1066	3361
1067	3352
1068	3616
1069	3546
1070	3552
1071	3648
1072	3746
1073	3879
1074	3785
1075	3896
1076	3885
1077	4020
1078	4008
1079	4109
1080	4161
1081	4259
1082	4197
1083	4335
1084	4360
1085	4644
1086	4562
1087	4656
1088	4654
1089	4877
1090	4866
1091	5032
1092	5126
1093	5199
1094	5308
1095	5319
1096	5534
1097	5455
1098	5615
1099	5729
1100	5768
1101	5854
1102	6098
1103	6108
1104	6310
1105	6478
1106	6529
1107	6641
1108	6786
1109	6986
1110	7005
1111	7119
1112	7124
1113	7329
1114	7507
1115	7618
1116	7675
1117	7935
1118	8142
1119	8078
1120	8335
1121	8160
1122	8508
1123	8820
1124	8995
1125	8976
1126	9157
1127	9229
1128	9448
1129	9624
1130	9760
1131	9976
1132	10115
1133	10065
1134	10341
1135	10566
1136	10686
1137	10944
1138	10843
1139	11132
1140	11356
1141	11435
1142	11417
1143	11733
1144	11770
1145	11979
1146	12171
1147	12143
1148	12295
1149	12644
1150	12749
1151	12807
1152	13041
1153	13122
1154	13213
1155	13454
1156	13559
1157	13487
1158	13617
1159	13978
1160	13824
1161	14308
1162	13993
1163	14169
1164	14475
1165	14575
1166	14652
1167	14890
1168	14954
1169	14903
1170	14857
1171	15033
1172	15100
1173	14916
1174	14971
1175	15438
1176	15090
1177	15205
1178	15260
1179	15180
1180	15575
1181	15274
1182	15486
1183	15027
1184	15325
1185	15327
1186	15255
1187	15449
1188	15241
1189	15212
1190	14802
1191	15160
1192	14943
1193	14977
1194	14910
1195	14989
1196	14812
1197	14808
1198	14863
1199	14496
1200	14436
1201	14543
1202	14396
1203	14285
1204	13856
1205	14235
1206	14015
1207	13694
1208	13590
1209	13592
1210	13471
1211	13356
1212	13077
1213	12895
1214	12960
1215	12641
1216	12600
1217	12255
1218	12281
1219	12273
1220	11744
1221	11577
1222	11426
1223	11468
1224	11276
1225	11145
1226	11104
1227	10684
1228	10803
1229	10649
1230	10340
1231	10138
1232	9923
1233	9468
1234	9533
1235	9421
1236	9187
1237	9070
1238	8927
1239	8621
1240	8845
1241	8514
1242	8277
1243	8270
1244	8085
1245	7869
1246	7509
1247	7548
1248	7293
1249	7139
1250	7004
1251	6955
1252	6634
1253	6615
1254	6440
1255	6309
1256	6187
1257	5827
1258	5793
1259	5855
1260	5579
1261	5470
1262	5392
1263	5301
1264	5102
1265	4886
1266	4839
1267	4752
1268	4613
1269	4610
1270	4251
1271	4363
1272	4195
1273	4157
1274	4153
1275	3885
1276	3717
1277	3691
1278	3692
1279	3627
1280	3425
1281	3415
1282	3294
1283	3281
1284	3170
1285	3132
1286	3009
1287	2863
1288	2851
1289	2887
1290	2762
1291	2755
1292	2608
1293	2611
1294	2477
1295	2388
1296	2393
1297	2360
1298	2374
1299	2206
1300	2220
1301	2084
1302	2168
1303	2078
1304	2066
1305	2051
1306	1995
1307	1993
1308	1911
1309	1822
1310	1827
1311	1767
1312	1790
1313	1701
1314	1768
1315	1720
1316	1680
1317	1646
1318	1655
1319	1604
1320	1571
1321	1600
1322	1591
1323	1541
1324	1514
1325	1556
1326	1485
1327	1555
1328	1465
1329	1487
1330	1362
1331	1418
1332	1480
1333	1404
1334	1384
1335	1403
1336	1409
1337	1339
1338	1414
1339	1381
1340	1330
1341	1327
1342	1354
1343	1247
1344	1313
1345	1296
1346	1327
1347	1258
1348	1243
1349	1242
1350	1216
1351	1285
1352	1300
1353	1209
1354	1294
1355	1222
1356	1208
1357	1174
1358	1174
1359	1230
1360	1234
1361	1165
1362	1186
1363	1223
1364	1181
1365	1105
1366	1226
1367	1152
1368	1235
1369	1228
1370	1188
1371	1194
1372	1228
1373	1199
1374	1141
1375	1193
1376	1209
1377	1172
1378	1234
1379	1138
1380	1177
1381	1109
1382	1175
1383	1193
1384	1154
1385	1122
1386	1136
1387	1149
1388	1231
1389	1124
1390	1158
1391	1142
1392	1159
1393	1176
1394	1149
1395	1169
1396	1182
1397	1112
1398	1144
1399	1144
1400	1110
1401	1157
1402	1092
1403	1132
1404	1111
1405	1090
1406	1162
1407	1120
1408	1129
1409	1160
1410	1143
1411	1147
1412	1086
1413	1153
1414	1062
1415	1159
1416	1116
1417	1109
1418	1142
1419	1135
1420	1085
1421	1113
1422	1100
1423	1104
1424	1103
1425	1124
1426	1100
1427	1151
1428	1156
1429	1107
1430	1097
1431	1108
1432	1135
1433	1155
1434	1193
1435	1155
1436	1185
1437	1122
1438	1151
1439	1125
1440	1126
1441	1162
1442	1044
1443	1136
1444	1129
1445	1155
1446	1173
1447	1113
1448	1131
1449	1102
1450	1116
1451	1100
1452	1164
1453	1099
1454	1125
1455	1116
1456	1078
1457	1058
1458	1123
1459	1098
1460	1157
1461	1067
1462	1114
1463	1103
1464	1103
1465	1136
1466	1128
1467	1194
1468	1110
1469	1135
1470	1134
1471	1199
1472	1130
1473	1168
1474	1129
1475	1066
1476	1119
1477	1126
1478	1087
1479	1074
1480	1137
1481	1155
1482	1138
1483	1171
1484	1131
1485	1211
1486	1125
1487	1106
1488	1086
1489	1043
1490	1190
1491	1179
1492	1257
1493	1109
1494	1200
1495	1245
1496	1201
1497	1210
1498	1199
1499	1212
1500	1224
1501	1154
1502	1150
1503	1172
1504	1152
1505	1162
1506	1132
1507	1158
1508	1221
1509	1152
1510	1143
1511	1158
1512	1197
1513	1243
1514	1285
1515	1264
1516	1175
1517	1217
1518	1213
1519	1158
1520	1259
1521	1259
1522	1241
1523	1288
1524	1128
1525	1256
1526	1294
1527	1343
1528	1268
1529	1246
1530	1319
1531	1283
1532	1299
1533	1273
1534	1217
1535	1292
1536	1285
1537	1308
1538	1307
1539	1347
1540	1281
1541	1361
1542	1312
1543	1313
1544	1335
1545	1382
1546	1416
1547	1405
1548	1432
1549	1305
1550	1420
1551	1370
1552	1380
1553	1360
1554	1374
1555	1327
1556	1434
1557	1451
1558	1471
1559	1430
1560	1426
1561	1451
1562	1469
1563	1480
1564	1358
1565	1486
1566	1495
1567	1467
1568	1553
1569	1515
1570	1536
1571	1522
1572	1571
1573	1608
1574	1534
1575	1588
1576	1572
1577	1605
1578	1565
1579	1588
1580	1643
1581	1589
1582	1595
1583	1719
1584	1720
1585	1686
1586	1633
1587	1694
1588	1667
1589	1669
1590	1662
1591	1670
1592	1756
1593	1759
1594	1749
1595	1724
1596	1810
1597	1831
1598	1786
1599	1833
1600	1833
1601	1759
1602	1809
1603	1852
1604	1889
1605	1869
1606	1872
1607	1881
1608	1915
1609	1877
1610	1899
1611	1800
1612	1942
1613	1927
1614	1996
1615	1942
1616	2011
1617	1983
1618	2064
1619	2011
1620	2142
1621	2005
1622	1995
1623	2026
1624	2085
1625	2114
1626	2109
1627	2186
1628	2068
1629	2130
1630	2187
1631	2178
1632	2189
1633	2205
1634	2180
1635	2101
1636	2110
1637	2138
1638	2191
1639	2303
1640	2174
1641	2248
1642	2171
1643	2200
1644	2237
1645	2217
1646	2208
1647	2209
1648	2347
1649	2199
1650	2307
1651	2294
1652	2212
1653	2241
1654	2333
1655	2288
1656	2298
1657	2179
1658	2300
1659	2305
1660	2232
1661	2210
1662	2313
1663	2239
1664	2216
1665	2307
1666	2247
1667	2287
1668	2277
1669	2267
1670	2299
1671	2277
1672	2258
1673	2212
1674	2314
1675	2209
1676	2231
1677	2215
1678	2197
1679	2181
1680	2198
1681	2269
1682	2267
1683	2270
1684	2209
1685	2234
1686	2265
1687	2148
1688	2198
1689	2196
1690	2197
1691	2080
1692	2146
1693	2108
1694	2143
1695	2086
1696	1997
1697	1999
1698	2108
1699	2088
1700	2136
1701	2092
1702	2028
1703	2079
1704	2058
1705	2015
1706	1995
1707	2078
1708	1938
1709	1995
1710	1974
1711	1949
1712	1932
1713	1949
1714	1939
1715	1874
1716	1882
1717	1898
1718	1840
1719	1871
1720	1825
1721	1823
1722	1806
1723	1757
1724	1743
1725	1708
1726	1768
1727	1639
1728	1715
1729	1676
1730	1691
1731	1665
1732	1640
1733	1668
1734	1682
1735	1634
1736	1582
1737	1632
1738	1556
1739	1565
1740	1601
1741	1559
1742	1611
1743	1544
1744	1490
1745	1523
1746	1506
1747	1487
1748	1399
1749	1449
1750	1516
1751	1391
1752	1383
1753	1439
1754	1336
1755	1312
1756	1401
1757	1309
1758	1315
1759	1297
1760	1318
1761	1337
1762	1273
1763	1302
1764	1255
1765	1231
1766	1220
1767	1243
1768	1273
1769	1238
1770	1277
1771	1222
1772	1132
1773	1177
1774	1186
1775	1131
1776	1137
1777	1182
1778	1108
1779	1161
1780	1203
1781	1125
1782	1127
1783	1154
1784	1126
1785	1030
1786	1088
1787	1103
1788	1121
1789	1037
1790	1019
1791	1061
1792	1048
1793	1006
1794	1001
1795	1043
1796	1025
1797	1032
1798	974
1799	1027
1800	1046
1801	1055
1802	979
1803	1008
1804	1015
1805	975
1806	952
1807	970
1808	941
1809	899
1810	965
1811	941
1812	944
1813	908
1814	942
1815	916
1816	950
1817	898
1818	906
1819	916
1820	1034
1821	879
1822	841
1823	929
1824	855
1825	949
1826	875
1827	888
1828	825
1829	909
1830	940
1831	940
1832	881
1833	886
1834	878
1835	940
1836	914
1837	882
1838	853
1839	877
1840	857
1841	853
1842	851
1843	859
1844	842
1845	870
1846	872
1847	903
1848	834
1849	883
1850	877
1851	924
1852	874
1853	869
1854	908
1855	850
1856	863
1857	918
1858	827
1859	875
1860	852
1861	835
1862	869
1863	898
1864	847
1865	875
1866	907
1867	883
1868	810
1869	834
1870	862
1871	842
1872	872
1873	894
1874	825
1875	859
1876	794
1877	872
1878	932
1879	882
1880	862
1881	870
1882	881
1883	895
1884	929
1885	879
1886	878
1887	930
1888	867
1889	898
1890	914
1891	884
1892	896
1893	825
1894	847
1895	853
1896	862
1897	831
1898	871
1899	879
1900	855
1901	833
1902	840
1903	899
1904	923
1905	877
1906	909
1907	854
1908	861
1909	903
1910	926
1911	937
1912	904
1913	905
1914	860
1915	935
1916	915
1917	891
1918	914
1919	885
1920	853
1921	884
1922	890
1923	909
1924	924
1925	897
1926	889
1927	862
1928	897
1929	910
1930	904
1931	868
1932	874
1933	937
1934	870
1935	904
1936	893
1937	972
1938	917
1939	906
1940	954
1941	955
1942	959
1943	925
1944	904
1945	935
1946	938
1947	958
1948	868
1949	975
1950	1023
1951	914
1952	908
1953	923
1954	941
1955	953
1956	937
1957	1026
1958	982
1959	944
1960	958
1961	1014
1962	980
1963	978
1964	940
1965	984
1966	985
1967	932
1968	962
1969	984
1970	995
1971	946
1972	1030
1973	988
1974	966
1975	936
1976	1012
1977	972
1978	986
1979	1035
1980	1059
1981	909
1982	961
1983	1013
1984	1003
1985	976
1986	989
1987	985
1988	985
1989	939
1990	979
1991	1032
1992	1030
1993	1050
1994	1015
1995	952
1996	1010
1997	977
1998	1021
1999	992
2000	1042
2001	1013
2002	1031
2003	1009
2004	989
2005	1002
2006	993
2007	1027
2008	1078
2009	1023
2010	1020
2011	1015
2012	998
2013	1016
2014	1077
2015	990
2016	1052
2017	1011
2018	968
2019	1044
2020	1062
2021	1035
2022	1054
2023	1032
2024	1069
2025	1035
2026	1051
2027	1013
2028	1026
2029	1050
2030	1007
2031	1021
2032	1067
2033	1042
2034	1074
2035	1079
2036	1068
2037	1054
2038	1042
2039	1051
2040	1091
2041	1029
2042	1035
2043	1090
2044	1116
2045	1105
2046	1085
2047	1074
2048	1063
2049	1074
2050	1023
2051	1119
2052	1060
2053	1066
2054	1128
2055	1054
2056	1141
2057	1144
2058	1099
2059	1027
2060	1091
2061	1012
2062	1082
2063	1052
2064	1079
2065	1105
2066	1069
2067	1088
2068	1062
2069	1092
2070	1134
2071	1133
2072	1058
2073	1122
2074	1089
2075	1118
2076	1145
2077	1083
2078	1094
2079	1054
2080	1132
2081	1095
2082	1123
2083	1143
2084	1147
2085	1121
2086	1200
2087	1095
2088	1174
2089	1175
2090	1130
2091	1115
2092	1107
2093	1099
2094	1166
2095	1135
2096	1210
2097	1120
2098	1200
2099	1167
2100	1151
2101	1065
2102	1201
2103	1152
2104	1201
2105	1156
2106	1189
2107	1177
2108	1193
2109	1169
2110	1196
2111	1233
2112	1191
2113	1239
2114	1217
2115	1274
2116	1208
2117	1269
2118	1140
2119	1171
2120	1192
2121	1146
2122	1167
2123	1216
2124	1181
2125	1214
2126	1172
2127	1215
2128	1214
2129	1208
2130	1213
2131	1142
2132	1248
2133	1203
2134	1223
2135	1170
2136	1250
2137	1220
2138	1171
2139	1250
2140	1253
2141	1225
2142	1281
2143	1175
2144	1230
2145	1252
2146	1234
2147	1266
2148	1256
2149	1252
2150	1219
2151	1217
2152	1236
2153	1211
2154	1233
2155	1223
2156	1291
2157	1273
2158	1258
2159	1248
2160	1222
2161	1265
2162	1218
2163	1256
2164	1221
2165	1240
2166	1262
2167	1216
2168	1280
2169	1269
2170	1211
2171	1209
2172	1267
2173	1268
2174	1183
2175	1193
2176	1297
2177	1287
2178	1273
2179	1285
2180	1321
2181	1286
2182	1277
2183	1294
2184	1285
2185	1279
2186	1320
2187	1301
2188	1260
2189	1324
2190	1284
2191	1299
2192	1362
2193	1275
2194	1271
2195	1233
2196	1274
2197	1276
2198	1285
2199	1300
2200	1311
2201	1336
2202	1323
2203	1312
2204	1279
2205	1276
2206	1326
2207	1259
2208	1317
2209	1327
2210	1368
2211	1347
2212	1306
2213	1258
2214	1273
2215	1315
2216	1282
2217	1276
2218	1317
2219	1317
2220	1310
2221	1347
2222	1302
2223	1338
2224	1339
2225	1253
2226	1374
2227	1261
2228	1307
2229	1358
2230	1323
2231	1303
2232	1339
2233	1285
2234	1250
2235	1267
2236	1301
2237	1324
2238	1327
2239	1302
2240	1338
2241	1352
2242	1375
2243	1355
2244	1273
2245	1290
2246	1303
2247	1329
2248	1255
2249	1278
2250	1321
2251	1327
2252	1305
2253	1302
2254	1299
2255	1346
2256	1294
2257	1225
2258	1258
2259	1208
2260	1262
2261	1340
2262	1295
2263	1240
2264	1296
2265	1256
2266	1295
2267	1268
2268	1360
2269	1318
2270	1362
2271	1278
2272	1243
2273	1245
2274	1204
2275	1314
2276	1305
2277	1305
2278	1242
2279	1270
2280	1318
2281	1187
2282	1220
2283	1235
2284	1228
2285	1255
2286	1196
2287	1226
2288	1220
2289	1303
2290	1293
2291	1227
2292	1233
2293	1281
2294	1309
2295	1267
2296	1230
2297	1310
2298	1245
2299	1255
2300	1239
2301	1302
2302	1198
2303	1257
2304	1268
2305	1230
2306	1252
2307	1235
2308	1221
2309	1209
2310	1215
2311	1275
2312	1228
2313	1180
2314	1164
2315	1174
2316	1218
2317	1176
2318	1219
2319	1205
2320	1181
2321	1197
2322	1236
2323	1240
2324	1173
2325	1211
2326	1227
2327	1181
2328	1216
2329	1224
2330	1232
2331	1177
2332	1226
2333	1195
2334	1187
2335	1222
2336	1183
2337	1217
2338	1135
2339	1200
2340	1158
2341	1100
2342	1155
2343	1162
2344	1234
2345	1169
2346	1187
2347	1157
2348	1154
2349	1194
2350	1127
2351	1130
2352	1097
2353	1158
2354	1154
2355	1184
2356	1157
2357	1141
2358	1164
2359	1211
2360	1154
2361	1195
2362	1127
2363	1191
2364	1099
2365	1092
2366	1142
2367	1169
2368	1127
2369	1102
2370	1154
2371	1131
2372	1102
2373	1104
2374	1117
2375	1161
2376	1154
2377	1085
2378	1045
2379	1107
2380	1183
2381	1134
2382	1081
2383	1162
2384	1131
2385	1112
2386	1148
2387	1099
2388	1081
2389	1087
2390	1035
2391	1138
2392	1093
2393	1129
2394	1048
2395	1100
2396	1069
2397	1042
2398	1108
2399	1073
2400	1083
2401	1105
2402	1009
2403	1011
2404	1086
2405	1080
2406	1110
2407	1068
2408	1121
2409	1095
2410	1026
2411	1016
2412	1070
2413	1032
2414	1013
2415	1017
2416	1091
2417	1063
2418	1096
2419	1013
2420	979
2421	1079
2422	1043
2423	1020
2424	995
2425	1051
2426	1065
2427	1052
2428	1046
2429	1102
2430	1033
2431	1055
2432	1011
2433	996
2434	1053
2435	1023
2436	1004
2437	985
2438	1014
2439	1050
2440	1001
2441	1010
2442	1040
2443	1019
2444	1034
2445	972
2446	992
2447	1020
2448	982
2449	1018
2450	986
2451	1028
2452	996
2453	918
2454	950
2455	1018
2456	956
2457	934
2458	1007
2459	962
2460	944
2461	992
2462	959
2463	984
2464	1004
2465	961
2466	927
2467	1020
2468	1020
2469	900
2470	961
2471	901
2472	1011
2473	993
2474	964
2475	998
2476	944
2477	1022
2478	927
2479	928
2480	931
2481	917
2482	922
2483	989
2484	973
2485	940
2486	966
2487	925
2488	925
2489	955
2490	917
2491	887
2492	930
2493	942
2494	895
2495	932
2496	907
2497	957
2498	911
2499	930
2500	931
2501	987
2502	959
2503	936
2504	920
2505	907
2506	888
2507	933
2508	860
2509	943
2510	944
2511	885
2512	876
2513	900
2514	916
2515	902
2516	899
2517	857
2518	918
2519	894
2520	891
2521	933
2522	834
2523	845
2524	874
2525	876
2526	889
2527	861
2528	944
2529	908
2530	882
2531	883
2532	908
2533	883
2534	866
2535	897
2536	935
2537	810
2538	861
2539	897
2540	854
2541	844
2542	868
2543	878
2544	895
2545	898
2546	884
2547	867
2548	903
2549	881
2550	943
2551	904
2552	896
2553	876
2554	922
2555	867
2556	821
2557	864
2558	870
2559	899
2560	886
2561	860
2562	870
2563	890
2564	927
2565	832
2566	909
2567	870
2568	820
2569	875
2570	870
2571	853
2572	891
2573	834
2574	842
2575	890
2576	915
2577	833
2578	883
2579	881
2580	868
2581	935
2582	846
2583	843
2584	839
2585	836
2586	892
2587	831
2588	857
2589	874
2590	873
2591	841
2592	837
2593	827
2594	834
2595	862
2596	830
2597	894
2598	878
2599	865
2600	874
2601	901
2602	915
2603	873
2604	883
2605	860
2606	813
2607	847
2608	872
2609	860
2610	849
2611	781
2612	841
2613	883
2614	817
2615	928
2616	827
2617	818
2618	871
2619	853
2620	839
2621	841
2622	929
2623	872
2624	836
2625	846
2626	853
2627	882
2628	836
2629	857
2630	872
2631	821
2632	823
2633	814
2634	808
2635	770
2636	845
2637	806
2638	850
2639	855
2640	855
2641	797
2642	847
2643	866
2644	837
2645	856
2646	796
2647	857
2648	786
2649	793
2650	858
2651	835
2652	887
2653	838
2654	822
2655	812
2656	836
2657	888
2658	803
2659	833
2660	833
2661	811
2662	840
2663	851
2664	779
2665	816
2666	826
2667	795
2668	793
2669	775
2670	782
2671	844
2672	799
2673	809
2674	840
2675	877
2676	817
2677	819
2678	804
2679	829
2680	836
2681	807
2682	794
2683	838
2684	840
2685	829
2686	820
2687	839
2688	812
2689	826
2690	830
2691	774
2692	763
2693	821
2694	791
2695	839
2696	831
2697	818
2698	768
2699	846
2700	834
2701	824
2702	778
2703	823
2704	783
2705	812
2706	775
2707	765
2708	801
2709	764
2710	782
2711	783
2712	774
2713	765
2714	781
2715	802
2716	778
2717	766
2718	816
2719	818
2720	759
2721	794
2722	744
2723	796
2724	768
2725	786
2726	794
2727	797
2728	755
2729	762
2730	750
2731	780
2732	774
2733	737
2734	735
2735	761
2736	785
2737	767
2738	706
2739	734
2740	759
2741	751
2742	770
2743	815
2744	731
2745	784
2746	801
2747	792
2748	749
2749	756
2750	757
2751	776
2752	750
2753	781
2754	792
2755	741
2756	732
2757	757
2758	749
2759	693
2760	723
2761	760
2762	729
2763	741
2764	730
2765	759
2766	748
2767	702
2768	719
2769	755
2770	761
2771	740
2772	733
2773	700
2774	735
2775	730
2776	721
2777	756
2778	709
2779	713
2780	731
2781	726
2782	724
2783	658
2784	703
2785	704
2786	707
2787	687
2788	673
2789	688
2790	730
2791	699
2792	702
2793	782
2794	734
2795	697
2796	716
2797	767
2798	701
2799	680
2800	744
2801	696
2802	709
2803	669
2804	740
2805	713
2806	702
2807	693
2808	714
2809	648
2810	680
2811	716
2812	676
2813	710
2814	669
2815	694
2816	692
2817	686
2818	738
2819	705
2820	658
2821	674
2822	668
2823	714
2824	668
2825	693
2826	661
2827	667
2828	696
2829	715
2830	641
2831	677
2832	677
2833	653
2834	644
2835	688
2836	650
2837	651
2838	660
2839	650
2840	651
2841	696
2842	679
2843	637
2844	668
2845	685
2846	640
2847	657
2848	631
2849	647
2850	674
2851	599
2852	624
2853	654
2854	608
2855	671
2856	594
2857	646
2858	637
2859	607
2860	645
2861	637
2862	620
2863	631
2864	628
2865	618
2866	628
2867	677
2868	633
2869	621
2870	650
2871	656
2872	587
2873	635
2874	636
2875	602
2876	623
2877	612
2878	632
2879	616
2880	606
2881	573
2882	612
2883	609
2884	588
2885	630
2886	618
2887	630
2888	569
2889	597
2890	552
2891	579
2892	605
2893	627
2894	616
2895	596
2896	598
2897	625
2898	595
2899	594
2900	604
2901	635
2902	554
2903	558
2904	581
2905	556
2906	577
2907	554
2908	556
2909	605
2910	598
2911	581
2912	597
2913	600
2914	578
2915	590
2916	565
2917	567
2918	547
2919	608
2920	569
2921	543
2922	589
2923	568
2924	585
2925	577
2926	555
2927	517
2928	602
2929	568
2930	579
2931	584
2932	591
2933	538
2934	586
2935	570
2936	568
2937	561
2938	613
2939	569
2940	564
2941	565
2942	587
2943	573
2944	584
2945	578
2946	608
2947	545
2948	558
2949	595
2950	552
2951	530
2952	584
2953	583
2954	541
2955	519
2956	554
2957	559
2958	558
2959	552
2960	566
2961	537
2962	570
2963	548
2964	573
2965	520
2966	567
2967	568
2968	580
2969	558
2970	564
2971	539
2972	551
2973	563
2974	553
2975	522
2976	559
2977	511
2978	541
2979	530
2980	562
2981	562
2982	516
2983	539
2984	538
2985	502
2986	546
2987	529
2988	481
2989	547
2990	558
2991	474
2992	521
2993	545
2994	560
2995	584
2996	507
2997	525
2998	528
2999	519
3000	537
3001	520
3002	582
3003	558
3004	549
3005	544
3006	516
3007	522
3008	508
3009	525
3010	536
3011	531
3012	527
3013	530
3014	517
3015	520
3016	505
3017	523
3018	525
3019	507
3020	527
3021	500
3022	482
3023	507
3024	525
3025	537
3026	517
3027	534
3028	509
3029	520
3030	527
3031	529
3032	494
3033	534
3034	544
3035	557
3036	526
3037	522
3038	516
3039	520
3040	560
3041	520
3042	566
3043	532
3044	534
3045	471
3046	510
3047	531
3048	514
3049	478
3050	478
3051	507
3052	507
3053	542
3054	492
3055	536
3056	482
3057	507
3058	577
3059	505
3060	502
3061	519
3062	484
3063	538
3064	490
3065	496
3066	503
3067	536
3068	506
3069	499
3070	549
3071	470
3072	472
3073	511
3074	516
3075	465
3076	521
3077	499
3078	505
3079	518
3080	483
3081	514
3082	501
3083	483
3084	492
3085	531
3086	472
3087	448
3088	515
3089	485
3090	492
3091	518
3092	484
3093	517
3094	509
3095	517
3096	518
3097	510
3098	517
3099	513
3100	462
3101	466
3102	474
3103	495
3104	495
3105	504
3106	495
3107	502
3108	509
3109	480
3110	503
3111	514
3112	517
3113	465
3114	440
3115	517
3116	486
3117	517
3118	493
3119	480
3120	490
3121	492
3122	506
3123	483
3124	511
3125	496
3126	459
3127	487
3128	489
3129	502
3130	494
3131	481
3132	482
3133	499
3134	478
3135	445
3136	486
3137	487
3138	497
3139	416
3140	507
3141	439
3142	454
3143	464
3144	464
3145	481
3146	461
3147	468
3148	469
3149	471
3150	484
3151	481
3152	464
3153	446
3154	470
3155	462
3156	430
3157	500
3158	485
3159	486
3160	474
3161	463
3162	466
3163	459
3164	447
3165	433
3166	487
3167	462
3168	469
3169	438
3170	461
3171	462
3172	454
3173	490
3174	447
3175	481
3176	506
3177	470
3178	436
3179	450
3180	438
3181	445
3182	484
3183	461
3184	469
3185	423
3186	452
3187	431
3188	449
3189	455
3190	465
3191	463
3192	478
3193	477
3194	453
3195	399
3196	462
3197	463
3198	437
3199	426
3200	488
3201	448
3202	453
3203	462
3204	437
3205	410
3206	423
3207	431
3208	434
3209	418
3210	402
3211	442
3212	423
3213	486
3214	471
3215	448
3216	443
3217	435
3218	430
3219	484
3220	432
3221	473
3222	441
3223	459
3224	441
3225	437
3226	436
3227	447
3228	419
3229	437
3230	411
3231	423
3232	445
3233	405
3234	446
3235	429
3236	400
3237	430
3238	419
3239	413
3240	419
3241	427
3242	424
3243	434
3244	456
3245	432
3246	422
3247	436
3248	430
3249	415
3250	423
3251	421
3252	427
3253	430
3254	379
3255	406
3256	406
3257	437
3258	403
3259	389
3260	390
3261	394
3262	409
3263	396
3264	451
3265	415
3266	432
3267	395
3268	400
3269	421
3270	399
3271	418
3272	410
3273	371
3274	388
3275	383
3276	346
3277	389
3278	397
3279	388
3280	393
3281	409
3282	372
3283	403
3284	426
3285	416
3286	409
3287	411
3288	376
3289	386
3290	377
3291	376
3292	396
3293	365
3294	383
3295	414
3296	346
3297	396
3298	379
3299	436
3300	388
3301	382
3302	454
3303	412
3304	407
3305	361
3306	423
3307	373
3308	384
3309	404
3310	379
3311	366
3312	379
3313	375
3314	382
3315	361
3316	372
3317	348
3318	346
3319	394
3320	376
3321	345
3322	404
3323	405
3324	344
3325	364
3326	436
3327	411
3328	363
3329	379
3330	379
3331	375
3332	358
3333	388
3334	347
3335	399
3336	375
3337	371
3338	378
3339	356
3340	388
3341	377
3342	361
3343	373
3344	364
3345	341
3346	392
3347	387
3348	321
3349	374
3350	365
3351	357
3352	377
3353	394
3354	365
3355	372
3356	354
3357	340
3358	367
3359	417
3360	360
3361	382
3362	335
3363	372
3364	353
3365	377
3366	374
3367	334
3368	380
3369	342
3370	364
3371	368
3372	338
3373	351
3374	361
3375	333
3376	343
3377	378
3378	343
3379	369
3380	316
3381	342
3382	339
3383	351
3384	337
3385	346
3386	345
3387	315
3388	357
3389	359
3390	339
3391	333
3392	365
3393	334
3394	333
3395	355
3396	343
3397	317
3398	337
3399	340
3400	312
3401	346
3402	357
3403	331
3404	332
3405	350
3406	311
3407	320
3408	342
3409	350
3410	326
3411	329
3412	345
3413	371
3414	331
3415	310
3416	334
3417	348
3418	313
3419	332
3420	347
3421	370
3422	332
3423	347
3424	316
3425	374
3426	303
3427	319
3428	333
3429	322
3430	304
3431	334
3432	339
3433	312
3434	336
3435	346
3436	346
3437	373
3438	322
3439	335
3440	314
3441	324
3442	327
3443	310
3444	342
3445	335
3446	330
3447	320
3448	338
3449	323
3450	349
3451	335
3452	332
3453	344
3454	321
3455	296
3456	314
3457	332
3458	343
3459	326
3460	327
3461	375
3462	347
3463	336
3464	374
3465	318
3466	338
3467	340
3468	342
3469	312
3470	302
3471	316
3472	343
3473	317
3474	336
3475	331
3476	303
3477	347
3478	351
3479	349
3480	340
3481	347
3482	328
3483	342
3484	292
3485	320
3486	314
3487	322
3488	340
3489	335
3490	350
3491	339
3492	316
3493	386
3494	360
3495	338
3496	334
3497	310
3498	339
3499	338
3500	323
3501	339
3502	349
3503	344
3504	359
3505	324
3506	308
3507	337
3508	349
3509	320
3510	299
3511	355
3512	309
3513	288
3514	331
3515	316
3516	371
3517	316
3518	348
3519	312
3520	336
3521	330
3522	356
3523	327
3524	339
3525	303
3526	323
3527	341
3528	353
3529	315
3530	331
3531	374
3532	329
3533	318
3534	348
3535	345
3536	347
3537	391
3538	376
3539	342
3540	366
3541	377
3542	338
3543	371
3544	361
3545	339
3546	354
3547	375
3548	351
3549	365
3550	320
3551	340
3552	393
3553	340
3554	363
3555	356
3556	354
3557	373
3558	321
3559	373
3560	349
3561	360
3562	376
3563	384
3564	355
3565	349
3566	375
3567	360
3568	359
3569	368
3570	371
3571	350
3572	365
3573	337
3574	364
3575	357
3576	371
3577	387
3578	343
3579	348
3580	356
3581	384
3582	427
3583	380
3584	372
3585	395
3586	393
3587	366
3588	333
3589	389
3590	376
3591	396
3592	411
3593	390
3594	368
3595	385
3596	404
3597	396
3598	425
3599	425
3600	402
3601	402
3602	395
3603	404
3604	386
3605	413
3606	440
3607	399
3608	366
3609	396
3610	380
3611	397
3612	412
3613	444
3614	405
3615	439
3616	390
3617	412
3618	436
3619	403
3620	402
3621	436
3622	465
3623	456
3624	463
3625	454
3626	421
3627	469
3628	443
3629	455
3630	443
3631	431
3632	466
3633	460
3634	454
3635	463
3636	459
3637	452
3638	422
3639	447
3640	478
3641	483
3642	479
3643	468
3644	474
3645	445
3646	478
3647	469
3648	447
3649	482
3650	521
3651	490
3652	523
3653	443
3654	482
3655	493
3656	504
3657	521
3658	512
3659	501
3660	550
3661	506
3662	513
3663	577
3664	507
3665	521
3666	534
3667	531
3668	540
3669	522
3670	528
3671	566
3672	552
3673	575
3674	549
3675	539
3676	511
3677	543
3678	553
3679	569
3680	534
3681	580
3682	517
3683	508
3684	542
3685	548
3686	517
3687	581
3688	591
3689	551
3690	561
3691	588
3692	577
3693	575
3694	546
3695	599
3696	620
3697	595
3698	628
3699	590
3700	587
3701	589
3702	606
3703	594
3704	577
3705	614
3706	666
3707	586
3708	628
3709	590
3710	594
3711	582
3712	605
3713	630
3714	556
3715	599
3716	641
3717	637
3718	687
3719	634
3720	626
3721	666
3722	639
3723	661
3724	671
3725	676
3726	701
3727	646
3728	660
3729	667
3730	677
3731	677
3732	680
3733	666
3734	691
3735	683
3736	630
3737	674
3738	687
3739	690
3740	684
3741	730
3742	670
3743	743
3744	663
3745	688
3746	693
3747	691
3748	679
3749	744
3750	757
3751	744
3752	690
3753	752
3754	733
3755	761
3756	697
3757	729
3758	727
3759	744
3760	679
3761	745
3762	728
3763	747
3764	714
3765	748
3766	757
3767	801
3768	756
3769	781
3770	745
3771	747
3772	764
3773	714
3774	760
3775	772
3776	803
3777	742
3778	765
3779	860
3780	765
3781	764
3782	772
3783	745
3784	808
3785	791
3786	742
3787	767
3788	793
3789	771
3790	746
3791	759
3792	803
3793	769
3794	777
3795	784
3796	783
3797	788
3798	819
3799	857
3800	844
3801	833
3802	807
3803	837
3804	809
3805	808
3806	796
3807	831
3808	842
3809	822
3810	824
3811	800
3812	848
3813	825
3814	824
3815	815
3816	837
3817	809
3818	822
3819	852
3820	872
3821	883
3822	916
3823	754
3824	853
3825	793
3826	803
3827	835
3828	871
3829	855
3830	823
3831	910
3832	851
3833	841
3834	878
3835	871
3836	913
3837	863
3838	851
3839	837
3840	917
3841	854
3842	888
3843	915
3844	879
3845	877
3846	816
3847	888
3848	937
3849	878
3850	862
3851	843
3852	912
3853	902
3854	911
3855	879
3856	873
3857	929
3858	901
3859	879
3860	848
3861	911
3862	924
3863	952
3864	928
3865	852
3866	883
3867	900
3868	882
3869	870
3870	932
3871	939
3872	873
3873	925
3874	867
3875	896
3876	919
3877	915
3878	869
3879	871
3880	903
3881	879
3882	963
3883	932
3884	893
3885	928
3886	954
3887	923
3888	924
3889	922
3890	929
3891	933
3892	864
3893	931
3894	904
3895	888
3896	919
3897	902
3898	935
3899	916
3900	897
3901	925
3902	937
3903	949
3904	907
3905	994
3906	931
3907	950
3908	957
3909	941
3910	915
3911	904
3912	964
3913	964
3914	946
3915	1041
3916	957
3917	989
3918	932
3919	911
3920	966
3921	929
3922	976
3923	966
3924	968
3925	951
3926	948
3927	920
3928	950
3929	941
3930	926
3931	941
3932	974
3933	968
3934	945
3935	948
3936	951
3937	1027
3938	973
3939	983
3940	1036
3941	985
3942	1001
3943	1002
3944	967
3945	946
3946	992
3947	957
3948	989
3949	985
3950	937
3951	1019
3952	958
3953	983
3954	1063
3955	970
3956	978
3957	1029
3958	977
3959	1006
3960	1035
3961	971
3962	1001
3963	935
3964	992
3965	1005
3966	1061
3967	1037
3968	1001
3969	951
3970	1080
3971	1039
3972	1017
3973	1056
3974	1064
3975	992
3976	1076
3977	1007
3978	1007
3979	1066
3980	1074
3981	989
3982	1007
3983	986
3984	1037
3985	1011
3986	1046
3987	1059
3988	1083
3989	1041
3990	1060
3991	1035
3992	1079
3993	1001
3994	1031
3995	1088
3996	1086
3997	1029
3998	1095
3999	1051
4000	1130
4001	981
4002	1071
4003	1128
4004	1119
4005	1154
4006	1071
4007	1068
4008	1080
4009	1115
4010	1117
4011	1159
4012	1133
4013	1131
4014	1104
4015	1132
4016	1153
4017	1203
4018	1154
4019	1187
4020	1149
4021	1139
4022	1202
4023	1184
4024	1159
4025	1180
4026	1148
4027	1156
4028	1174
4029	1170
4030	1157
4031	1119
4032	1168
4033	1185
4034	1156
4035	1146
4036	1113
4037	1211
4038	1206
4039	1154
4040	1230
4041	1167
4042	1195
4043	1265
4044	1229
4045	1226
4046	1268
4047	1224
4048	1222
4049	1221
4050	1143
4051	1168
4052	1246
4053	1237
4054	1296
4055	1298
4056	1203
4057	1244
4058	1227
4059	1288
4060	1302
4061	1252
4062	1249
4063	1355
4064	1278
4065	1309
4066	1273
4067	1285
4068	1235
4069	1344
4070	1311
4071	1335
4072	1338
4073	1301
4074	1361
4075	1257
4076	1273
4077	1305
4078	1350
4079	1307
4080	1330
4081	1425
4082	1348
4083	1487
4084	1416
4085	1321
4086	1420
4087	1360
4088	1405
4089	1387
4090	1398
4091	1391
4092	1378
4093	1425
4094	1412
4095	1414
4096	1412
4097	1477
4098	1430
4099	1423
4100	1420
4101	1364
4102	1361
4103	1437
4104	1415
4105	1383
4106	1439
4107	1388
4108	1484
4109	1502
4110	1476
4111	1441
4112	1431
4113	1526
4114	1492
4115	1496
4116	1410
4117	1542
4118	1490
4119	1531
4120	1500
4121	1429
4122	1481
4123	1563
4124	1446
4125	1556
4126	1543
4127	1539
4128	1473
4129	1495
4130	1620
4131	1517
4132	1550
4133	1513
4134	1507
4135	1561
4136	1506
4137	1503
4138	1545
4139	1573
4140	1540
4141	1533
4142	1590
4143	1501
4144	1530
4145	1504
4146	1565
4147	1591
4148	1580
4149	1560
4150	1628
4151	1674
4152	1581
4153	1598
4154	1619
4155	1570
4156	1551
4157	1546
4158	1551
4159	1671
4160	1617
4161	1586
4162	1557
4163	1642
4164	1697
4165	1649
4166	1676
4167	1607
4168	1624
4169	1623
4170	1651
4171	1689
4172	1672
4173	1622
4174	1647
4175	1582
4176	1608
4177	1697
4178	1680
4179	1692
4180	1542
4181	1661
4182	1662
4183	1599
4184	1598
4185	1681
4186	1704
4187	1594
4188	1757
4189	1651
4190	1694
4191	1760
4192	1728
4193	1703
4194	1674
4195	1672
4196	1752
4197	1645
4198	1664
4199	1686
4200	1590
4201	1651
4202	1615
4203	1790
4204	1654
4205	1631
4206	1751
4207	1728
4208	1724
4209	1610
4210	1738
4211	1675
4212	1702
4213	1746
4214	1696
4215	1728
4216	1753
4217	1676
4218	1630
4219	1684
4220	1700
4221	1776
4222	1646
4223	1743
4224	1651
4225	1698
4226	1742
4227	1672
4228	1703
4229	1693
4230	1700
4231	1716
4232	1691
4233	1698
4234	1790
4235	1678
4236	1681
4237	1798
4238	1751
4239	1706
4240	1751
4241	1705
4242	1703
4243	1750
4244	1708
4245	1703
4246	1651
4247	1717
4248	1683
4249	1685
4250	1710
4251	1651
4252	1690
4253	1703
4254	1708
4255	1632
4256	1620
4257	1692
4258	1678
4259	1618
4260	1683
4261	1671
4262	1715
4263	1657
4264	1627
4265	1723
4266	1673
4267	1658
4268	1648
4269	1586
4270	1635
4271	1659
4272	1659
4273	1633
4274	1610
4275	1650
4276	1715
4277	1590
4278	1665
4279	1587
4280	1628
4281	1645
4282	1632
4283	1614
4284	1555
4285	1588
4286	1584
4287	1590
4288	1609
4289	1634
4290	1592
4291	1610
4292	1528
4293	1618
4294	1604
4295	1604
4296	1624
4297	1583
4298	1670
4299	1568
4300	1625
4301	1628
4302	1521
4303	1660
4304	1572
4305	1575
4306	1561
4307	1561
4308	1437
4309	1573
4310	1520
4311	1534
4312	1546
4313	1560
4314	1512
4315	1572
4316	1528
4317	1502
4318	1453
4319	1493
4320	1525
4321	1509
4322	1507
4323	1499
4324	1483
4325	1504
4326	1485
4327	1510
4328	1461
4329	1373
4330	1464
4331	1477
4332	1476
4333	1529
4334	1449
4335	1466
4336	1436
4337	1453
4338	1439
4339	1427
4340	1401
4341	1410
4342	1369
4343	1362
4344	1404
4345	1433
4346	1372
4347	1401
4348	1274
4349	1395
4350	1354
4351	1400
4352	1380
4353	1357
4354	1335
4355	1358
4356	1425
4357	1366
4358	1324
4359	1317
4360	1308
4361	1276
4362	1339
4363	1328
4364	1328
4365	1357
4366	1288
4367	1326
4368	1281
4369	1320
4370	1285
4371	1285
4372	1273
4373	1259
4374	1303
4375	1265
4376	1266
4377	1221
4378	1293
4379	1239
4380	1182
4381	1279
4382	1200
4383	1235
4384	1226
4385	1195
4386	1184
4387	1164
4388	1202
4389	1239
4390	1254
4391	1157
4392	1170
4393	1192
4394	1182
4395	1224
4396	1149
4397	1094
4398	1163
4399	1113
4400	1108
4401	1098
4402	1144
4403	1194
4404	1060
4405	1167
4406	1118
4407	1120
4408	1103
4409	1112
4410	1140
4411	1087
4412	1122
4413	1045
4414	1091
4415	1125
4416	1073
4417	1093
4418	1162
4419	1065
4420	1063
4421	1068
4422	1088
4423	1088
4424	1068
4425	1074
4426	1068
4427	1052
4428	991
4429	1049
4430	1087
4431	1022
4432	1018
4433	988
4434	1031
4435	1054
4436	979
4437	1024
4438	938
4439	986
4440	951
4441	985
4442	1016
4443	961
4444	1007
4445	928
4446	961
4447	935
4448	981
4449	933
4450	956
4451	940
4452	1001
4453	993
4454	941
4455	917
4456	881
4457	966
4458	943
4459	947
4460	931
4461	918
4462	897
4463	934
4464	894
4465	920
4466	939
4467	916
4468	991
4469	927
4470	892
4471	919
4472	881
4473	881
4474	896
4475	862
4476	877
4477	895
4478	923
4479	888
4480	879
4481	869
4482	842
4483	889
4484	890
4485	809
4486	887
4487	890
4488	840
4489	877
4490	910
4491	815
4492	843
4493	923
4494	841
4495	878
4496	821
4497	842
4498	834
4499	847
4500	835
4501	852
4502	845
4503	839
4504	894
4505	812
4506	885
4507	847
4508	798
4509	776
4510	846
4511	843
4512	823
4513	768
4514	846
4515	839
4516	885
4517	814
4518	852
4519	818
4520	829
4521	851
4522	828
4523	863
4524	828
4525	898
4526	836
4527	847
4528	823
4529	846
4530	881
4531	859
4532	839
4533	821
4534	841
4535	828
4536	807
4537	853
4538	841
4539	887
4540	862
4541	873
4542	839
4543	865
4544	867
4545	891
4546	862
4547	908
4548	865
4549	828
4550	870
4551	877
4552	925
4553	911
4554	898
4555	896
4556	887
4557	868
4558	917
4559	880
4560	839
4561	867
4562	926
4563	952
4564	883
4565	907
4566	889
4567	925
4568	864
4569	906
4570	859
4571	920
4572	905
4573	937
4574	920
4575	906
4576	889
4577	925
4578	972
4579	933
4580	967
4581	933
4582	996
4583	907
4584	1000
4585	971
4586	1010
4587	984
4588	1003
4589	1012
4590	1006
4591	1002
4592	1007
4593	1042
4594	1011
4595	1041
4596	1013
4597	977
4598	1025
4599	1031
4600	1051
4601	1072
4602	1029
4603	1073
4604	1066
4605	1091
4606	1067
4607	1144
4608	1106
4609	1062
4610	1092
4611	1129
4612	1127
4613	1082
4614	1092
4615	1150
4616	1153
4617	1124
4618	1212
4619	1120
4620	1172
4621	1224
4622	1146
4623	1246
4624	1273
4625	1237
4626	1261
4627	1210
4628	1238
4629	1267
4630	1353
4631	1320
4632	1281
4633	1284
4634	1256
4635	1247
4636	1295
4637	1262
4638	1257
4639	1308
4640	1287
4641	1313
4642	1310
4643	1294
4644	1370
4645	1344
4646	1318
4647	1283
4648	1324
4649	1360
4650	1389
4651	1394
4652	1405
4653	1428
4654	1445
4655	1455
4656	1510
4657	1429
4658	1518
4659	1442
4660	1480
4661	1512
4662	1392
4663	1404
4664	1527
4665	1468
4666	1509
4667	1535
4668	1573
4669	1498
4670	1597
4671	1623
4672	1668
4673	1602
4674	1555
4675	1664
4676	1649
4677	1650
4678	1659
4679	1689
4680	1660
4681	1640
4682	1694
4683	1685
4684	1720
4685	1684
4686	1803
4687	1708
4688	1714
4689	1774
4690	1825
4691	1874
4692	1770
4693	1811
4694	1735
4695	1817
4696	1856
4697	1875
4698	1851
4699	1930
4700	1918
4701	1899
4702	1862
4703	1941
4704	1929
4705	1921
4706	1983
4707	1926
4708	1980
4709	2014
4710	2025
4711	2075
4712	2034
4713	2033
4714	2108
4715	2078
4716	2114
4717	2107
4718	2107
4719	2078
4720	2131
4721	2154
4722	2105
4723	2092
4724	2167
4725	2210
4726	2200
4727	2222
4728	2204
4729	2218
4730	2208
4731	2319
4732	2306
4733	2326
4734	2202
4735	2244
4736	2312
4737	2373
4738	2345
4739	2285
4740	2349
4741	2275
4742	2437
4743	2412
4744	2452
4745	2388
4746	2428
4747	2432
4748	2419
4749	2495
4750	2498
4751	2533
4752	2453
4753	2463
4754	2509
4755	2506
4756	2578
4757	2599
4758	2457
4759	2575
4760	2514
4761	2450
4762	2558
4763	2701
4764	2711
4765	2785
4766	2654
4767	2692
4768	2709
4769	2669
4770	2720
4771	2760
4772	2747
4773	2742
4774	2840
4775	2754
4776	2837
4777	2851
4778	2814
4779	2837
4780	2830
4781	2851
4782	2854
4783	2902
4784	2860
4785	2838
4786	2889
4787	2924
4788	2892
4789	3003
4790	2996
4791	3055
4792	2886
4793	3032
4794	2908
4795	3064
4796	3018
4797	2914
4798	3007
4799	3046
4800	3162
4801	3185
4802	3012
4803	3191
4804	3118
4805	3154
4806	3089
4807	3014
4808	3195
4809	3216
4810	3269
4811	3227
4812	3268
4813	3278
4814	3302
4815	3148
4816	3267
4817	3285
4818	3284
4819	3300
4820	3216
4821	3311
4822	3311
4823	3318
4824	3283
4825	3406
4826	3338
4827	3317
4828	3344
4829	3485
4830	3539
4831	3546
4832	3366
4833	3418
4834	3477
4835	3427
4836	3472
4837	3427
4838	3494
4839	3483
4840	3509
4841	3549
4842	3441
4843	3544
4844	3681
4845	3547
4846	3593
4847	3543
4848	3560
4849	3439
4850	3605
4851	3592
4852	3544
4853	3577
4854	3626
4855	3693
4856	3525
4857	3611
4858	3683
4859	3677
4860	3657
4861	3775
4862	3722
4863	3785
4864	3607
4865	3781
4866	3825
4867	3917
4868	3878
4869	3722
4870	3743
4871	3825
4872	3895
4873	3829
4874	3841
4875	3770
4876	3798
4877	3790
4878	3850
4879	3898
4880	3880
4881	3883
4882	3945
4883	3828
4884	3847
4885	3756
4886	3887
4887	3852
4888	3973
4889	4022
4890	3961
4891	4036
4892	3986
4893	3830
4894	3910
4895	3855
4896	4003
4897	3924
4898	4020
4899	3943
4900	4073
4901	3920
4902	3973
4903	3972
4904	3905
4905	3954
4906	4031
4907	3997
4908	4133
4909	3992
4910	3921
4911	4051
4912	3888
4913	3979
4914	4031
4915	4229
4916	4036
4917	4121
4918	4048
4919	4069
4920	4034
4921	4053
4922	4112
4923	4092
4924	4016
4925	4025
4926	4083
4927	4041
4928	4114
4929	4225
4930	4174
4931	4132
4932	4138
4933	4199
4934	4252
4935	4149
4936	4160
4937	4133
4938	4249
4939	4133
4940	4095
4941	4068
4942	4148
4943	4150
4944	4131
4945	4149
4946	4184
4947	4052
4948	4081
4949	4238
4950	4108
4951	4192
4952	4075
4953	4160
4954	4189
4955	4166
4956	4082
4957	4187
4958	4166
4959	4127
4960	4064
4961	4203
4962	4188
4963	4158
4964	4164
4965	4172
4966	4100
4967	4111
4968	4207
4969	4136
4970	4106
4971	4073
4972	4113
4973	4254
4974	4127
4975	4030
4976	4136
4977	4034
4978	4144
4979	4122
4980	4179
4981	4094
4982	4085
4983	4118
4984	4107
4985	4046
4986	4148
4987	4112
4988	4166
4989	4149
4990	4184
4991	4141
4992	4180
4993	3991
4994	4105
4995	4097
4996	3984
4997	4045
4998	4059
4999	3897
5000	4024
5001	4052
5002	4055
5003	3964
5004	4031
5005	3969
5006	4023
5007	3973
5008	4059
5009	3957
5010	3990
5011	3995
5012	3927
5013	4051
5014	3979
5015	3952
5016	4130
5017	4092
5018	4055
5019	4010
5020	3812
5021	3973
5022	3881
5023	3975
5024	3995
5025	4083
5026	3933
5027	3893
5028	3877
5029	3881
5030	3855
5031	4001
5032	3791
5033	3856
5034	3815
5035	3800
5036	3829
5037	3874
5038	3845
5039	3797
5040	3827
5041	3919
5042	3796
5043	3751
5044	3789
5045	3764
5046	3848
5047	3829
5048	3791
5049	3657
5050	3690
5051	3743
5052	3721
5053	3745
5054	3790
5055	3758
5056	3726
5057	3714
5058	3680
5059	3701
5060	3630
5061	3638
5062	3796
5063	3624
5064	3646
5065	3630
5066	3620
5067	3691
5068	3620
5069	3595
5070	3612
5071	3634
5072	3572
5073	3605
5074	3603
5075	3489
5076	3513
5077	3517
5078	3549
5079	3661
5080	3578
5081	3519
5082	3556
5083	3502
5084	3531
5085	3438
5086	3402
5087	3516
5088	3484
5089	3430
5090	3451
5091	3460
5092	3276
5093	3446
5094	3436
5095	3412
5096	3473
5097	3384
5098	3457
5099	3309
5100	3400
5101	3295
5102	3344
5103	3240
5104	3355
5105	3340
5106	3240
5107	3179
5108	3191
5109	3248
5110	3203
5111	3205
5112	3279
5113	3198
5114	3176
5115	3164
5116	3324
5117	3268
5118	3058
5119	3123
5120	3210
5121	3230
5122	3104
5123	3120
5124	3099
5125	3031
5126	3041
5127	3107
5128	3045
5129	3035
5130	3123
5131	2995
5132	3063
5133	2942
5134	3004
5135	2893
5136	2950
5137	2984
5138	2973
5139	2916
5140	3008
5141	2889
5142	2949
5143	3073
5144	2809
5145	2931
5146	2862
5147	2865
5148	2825
5149	2821
5150	2866
5151	2861
5152	2871
5153	2840
5154	2855
5155	2892
5156	2789
5157	2772
5158	2675
5159	2788
5160	2833
5161	2745
5162	2755
5163	2814
5164	2712
5165	2707
5166	2725
5167	2874
5168	2710
5169	2651
5170	2771
5171	2746
5172	2627
5173	2669
5174	2730
5175	2694
5176	2625
5177	2570
5178	2745
5179	2616
5180	2631
5181	2591
5182	2595
5183	2616
5184	2631
5185	2505
5186	2596
5187	2543
5188	2650
5189	2653
5190	2607
5191	2503
5192	2581
5193	2418
5194	2499
5195	2473
5196	2510
5197	2536
5198	2547
5199	2457
5200	2395
5201	2482
5202	2460
5203	2409
5204	2372
5205	2384
5206	2451
5207	2405
5208	2500
5209	2434
5210	2399
5211	2318
5212	2345
5213	2385
5214	2332
5215	2398
5216	2425
5217	2271
5218	2379
5219	2342
5220	2319
5221	2317
5222	2291
5223	2326
5224	2250
5225	2355
5226	2237
5227	2282
5228	2298
5229	2266
5230	2254
5231	2300
5232	2285
5233	2213
5234	2302
5235	2260
5236	2271
5237	2161
5238	2162
5239	2249
5240	2232
5241	2203
5242	2226
5243	2229
5244	2157
5245	2255
5246	2133
5247	2229
5248	2126
5249	2093
5250	2050
5251	2073
5252	2106
5253	2096
5254	2201
5255	2069
5256	2043
5257	2126
5258	2044
5259	2212
5260	2034
5261	2026
5262	2044
5263	2113
5264	2036
5265	2106
5266	2036
5267	2020
5268	2014
5269	2091
5270	1938
5271	2014
5272	2062
5273	2080
5274	2008
5275	2044
5276	2010
5277	2014
5278	2035
5279	2079
5280	1949
5281	2019
5282	1990
5283	1990
5284	1896
5285	1940
5286	1952
5287	1904
5288	1935
5289	2012
5290	1969
5291	1988
5292	1958
5293	1902
5294	1932
5295	1892
5296	1993
5297	1921
5298	1963
5299	1958
5300	1891
5301	1864
5302	1946
5303	1953
5304	1924
5305	1875
5306	1851
5307	1838
5308	1953
5309	1789
5310	1909
5311	1835
5312	1855
5313	1905
5314	1832
5315	1871
5316	1817
5317	1894
5318	1877
5319	1818
5320	1760
5321	1805
5322	1794
5323	1854
5324	1812
5325	1814
5326	1784
5327	1749
5328	1792
5329	1856
5330	1818
5331	1757
5332	1757
5333	1799
5334	1761
5335	1853
5336	1822
5337	1763
5338	1729
5339	1843
5340	1824
5341	1783
5342	1777
5343	1802
5344	1835
5345	1787
5346	1773
5347	1771
5348	1773
5349	1770
5350	1778
5351	1758
5352	1726
5353	1722
5354	1759
5355	1777
5356	1708
5357	1773
5358	1749
5359	1769
5360	1685
5361	1729
5362	1783
5363	1823
5364	1767
5365	1743
5366	1739
5367	1634
5368	1732
5369	1792
5370	1735
5371	1739
5372	1597
5373	1621
5374	1675
5375	1664
5376	1678
5377	1681
5378	1649
5379	1704
5380	1666
5381	1689
5382	1747
5383	1657
5384	1690
5385	1641
5386	1709
5387	1639
5388	1699
5389	1606
5390	1665
5391	1667
5392	1581
5393	1637
5394	1690
5395	1548
5396	1638
5397	1705
5398	1718
5399	1684
5400	1628
5401	1641
5402	1590
5403	1643
5404	1580
5405	1690
5406	1652
5407	1615
5408	1644
5409	1623
5410	1610
5411	1666
5412	1618
5413	1694
5414	1575
5415	1589
5416	1595
5417	1612
5418	1575
5419	1564
5420	1592
5421	1538
5422	1659
5423	1580
5424	1563
5425	1562
5426	1538
5427	1526
5428	1476
5429	1567
5430	1579
5431	1623
5432	1592
5433	1552
5434	1516
5435	1541
5436	1516
5437	1508
5438	1512
5439	1531
5440	1506
5441	1510
5442	1516
5443	1495
5444	1552
5445	1559
5446	1513
5447	1477
5448	1498
5449	1497
5450	1530
5451	1456
5452	1477
5453	1480
5454	1489
5455	1457
5456	1492
5457	1473
5458	1443
5459	1514
5460	1434
5461	1477
5462	1514
5463	1482
5464	1456
5465	1406
5466	1403
5467	1452
5468	1454
5469	1439
5470	1376
5471	1493
5472	1509
5473	1431
5474	1386
5475	1408
5476	1424
5477	1373
5478	1454
5479	1476
5480	1383
5481	1444
5482	1388
5483	1391
5484	1395
5485	1439
5486	1402
5487	1405
5488	1402
5489	1394
5490	1378
5491	1340
5492	1407
5493	1363
5494	1363
5495	1362
5496	1289
5497	1386
5498	1372
5499	1360
5500	1366
5501	1340
5502	1433
5503	1324
5504	1347
5505	1288
5506	1360
5507	1352
5508	1304
5509	1291
5510	1274
5511	1368
5512	1317
5513	1264
5514	1258
5515	1297
5516	1252
5517	1313
5518	1257
5519	1268
5520	1242
5521	1256
5522	1262
5523	1284
5524	1260
5525	1225
5526	1261
5527	1282
5528	1311
5529	1292
5530	1262
5531	1257
5532	1208
5533	1191
5534	1297
5535	1269
5536	1256
5537	1206
5538	1191
5539	1201
5540	1171
5541	1189
5542	1227
5543	1167
5544	1223
5545	1153
5546	1195
5547	1211
5548	1225
5549	1140
5550	1195
5551	1184
5552	1081
5553	1184
5554	1172
5555	1128
5556	1146
5557	1155
5558	1101
5559	1128
5560	1177
5561	1119
5562	1120
5563	1083
5564	1089
5565	1127
5566	1044
5567	1049
5568	1028
5569	1133
5570	1094
5571	1041
5572	1090
5573	1118
5574	1054
5575	1109
5576	1025
5577	1107
5578	1044
5579	1117
5580	1013
5581	1070
5582	1072
5583	1069
5584	1000
5585	1065
5586	1060
5587	1038
5588	1042
5589	1030
5590	1014
5591	1044
5592	976
5593	1019
5594	1001
5595	999
5596	982
5597	1016
5598	949
5599	1024
5600	972
5601	1048
5602	943
5603	982
5604	934
5605	1024
5606	971
5607	957
5608	951
5609	939
5610	892
5611	937
5612	955
5613	886
5614	958
5615	934
5616	959
5617	899
5618	885
5619	942
5620	917
5621	978
5622	867
5623	906
5624	957
5625	895
5626	925
5627	877
5628	874
5629	839
5630	842
5631	825
5632	816
5633	873
5634	854
5635	850
5636	795
5637	837
5638	862
5639	866
5640	837
5641	868
5642	857
5643	823
5644	844
5645	787
5646	830
5647	807
5648	825
5649	824
5650	844
5651	803
5652	797
5653	779
5654	796
5655	819
5656	818
5657	836
5658	780
5659	736
5660	792
5661	755
5662	752
5663	719
5664	732
5665	724
5666	775
5667	722
5668	712
5669	768
5670	770
5671	727
5672	734
5673	720
5674	779
5675	749
5676	738
5677	724
5678	697
5679	677
5680	722
5681	740
5682	778
5683	700
5684	752
5685	643
5686	665
5687	674
5688	669
5689	703
5690	707
5691	670
5692	736
5693	658
5694	670
5695	697
5696	663
5697	685
5698	701
5699	645
5700	690
5701	722
5702	645
5703	676
5704	618
5705	612
5706	617
5707	667
5708	638
5709	641
5710	640
5711	644
5712	633
5713	607
5714	663
5715	626
5716	597
5717	617
5718	634
5719	653
5720	614
5721	599
5722	605
5723	637
5724	650
5725	602
5726	611
5727	625
5728	581
5729	549
5730	612
5731	563
5732	582
5733	599
5734	597
5735	580
5736	547
5737	557
5738	615
5739	578
5740	574
5741	598
5742	544
5743	578
5744	548
5745	539
5746	596
5747	588
5748	551
5749	575
5750	557
5751	550
5752	542
5753	552
5754	576
5755	561
5756	514
5757	542
5758	521
5759	492
5760	538
5761	513
5762	511
5763	540
5764	536
5765	541
5766	583
5767	524
5768	525
5769	528
5770	501
5771	556
5772	514
5773	518
5774	499
5775	521
5776	528
5777	529
5778	526
5779	524
5780	492
5781	499
5782	514
5783	483
5784	533
5785	534
5786	488
5787	511
5788	480
5789	469
5790	520
5791	483
5792	505
5793	474
5794	517
5795	504
5796	477
5797	437
5798	523
5799	559
5800	486
5801	492
5802	459
5803	509
5804	523
5805	482
5806	452
5807	535
5808	452
5809	509
5810	486
5811	486
5812	462
5813	456
5814	480
5815	489
5816	455
5817	478
5818	444
5819	469
5820	442
5821	443
5822	440
5823	452
5824	473
5825	447
5826	510
5827	456
5828	472
5829	482
5830	441
5831	484
5832	454
5833	429
5834	450
5835	440
5836	426
5837	459
5838	423
5839	422
5840	460
5841	468
5842	492
5843	450
5844	457
5845	441
5846	451
5847	513
5848	424
5849	480
5850	424
5851	461
5852	432
5853	453
5854	424
5855	444
5856	456
5857	431
5858	445
5859	430
5860	423
5861	415
5862	425
5863	474
5864	408
5865	425
5866	468
5867	460
5868	384
5869	461
5870	455
5871	444
5872	427
5873	448
5874	447
5875	439
5876	408
5877	426
5878	426
5879	430
5880	436
5881	403
5882	463
5883	427
5884	459
5885	423
5886	458
5887	438
5888	446
5889	423
5890	445
5891	389
5892	440
5893	416
5894	387
5895	461
5896	435
5897	436
5898	381
5899	419
5900	408
5901	442
5902	448
5903	434
5904	441
5905	383
5906	437
5907	412
5908	419
5909	409
5910	453
5911	421
5912	406
5913	403
5914	446
5915	427
5916	455
5917	442
5918	415
5919	435
5920	405
5921	414
5922	425
5923	401
5924	408
5925	360
5926	425
5927	398
5928	405
5929	462
5930	437
5931	416
5932	476
5933	443
5934	414
5935	419
5936	391
5937	456
5938	429
5939	416
5940	466
5941	436
5942	392
5943	437
5944	425
5945	412
5946	431
5947	419
5948	458
5949	437
5950	452
5951	447
5952	437
5953	421
5954	414
5955	413
5956	445
5957	410
5958	434
5959	418
5960	422
5961	443
5962	419
5963	390
5964	407
5965	430
5966	435
5967	449
5968	435
5969	438
5970	424
5971	415
5972	439
5973	387
5974	432
5975	418
5976	389
5977	402
5978	474
5979	417
5980	427
5981	444
5982	447
5983	438
5984	428
5985	442
5986	432
5987	423
5988	393
5989	440
5990	419
5991	436
5992	409
5993	435
5994	428
5995	442
5996	382
5997	435
5998	449
5999	425
6000	384
6001	464
6002	411
6003	442
6004	438
6005	415
6006	387
6007	427
6008	413
6009	415
6010	417
6011	435
6012	454
6013	454
6014	398
6015	437
6016	417
6017	433
6018	439
6019	427
6020	427
6021	453
6022	438
6023	412
6024	437
6025	407
6026	414
6027	420
6028	455
6029	449
6030	424
6031	474
6032	425
6033	443
6034	424
6035	446
6036	421
6037	462
6038	445
6039	443
6040	452
6041	467
6042	453
6043	431
6044	458
6045	449
6046	442
6047	457
6048	423
6049	459
6050	440
6051	398
6052	414
6053	411
6054	471
6055	452
6056	421
6057	432
6058	483
6059	458
6060	434
6061	426
6062	459
6063	461
6064	426
6065	415
6066	451
6067	385
6068	445
6069	460
6070	420
6071	443
6072	408
6073	440
6074	445
6075	451
6076	413
6077	452
6078	455
6079	450
6080	452
6081	416
6082	444
6083	457
6084	434
6085	460
6086	421
6087	419
6088	410
6089	441
6090	466
6091	446
6092	456
6093	462
6094	470
6095	413
6096	432
6097	442
6098	405
6099	438
6100	431
6101	455
6102	465
6103	451
6104	435
6105	442
6106	452
6107	403
6108	464
6109	433
6110	431
6111	435
6112	450
6113	413
6114	442
6115	418
6116	442
6117	438
6118	440
6119	415
6120	455
6121	408
6122	427
6123	426
6124	464
6125	439
6126	470
6127	432
6128	423
6129	407
6130	412
6131	455
6132	473
6133	446
6134	396
6135	386
6136	430
6137	451
6138	462
6139	472
6140	461
6141	413
6142	396
6143	453
6144	476
6145	458
6146	385
6147	450
6148	415
6149	415
6150	471
6151	400
6152	448
6153	440
6154	381
6155	452
6156	437
6157	477
6158	432
6159	396
6160	438
6161	395
6162	424
6163	429
6164	406
6165	422
6166	443
6167	426
6168	459
6169	439
6170	452
6171	415
6172	419
6173	420
6174	419
6175	439
6176	413
6177	397
6178	414
6179	443
6180	452
6181	416
6182	435
6183	392
6184	405
6185	410
6186	451
6187	415
6188	468
6189	433
6190	439
6191	447
6192	445
6193	393
6194	414
6195	438
6196	399
6197	433
6198	414
6199	409
6200	400
6201	428
6202	436
6203	433
6204	411
6205	394
6206	419
6207	405
6208	394
6209	407
6210	443
6211	389
6212	366
6213	370
6214	384
6215	437
6216	391
6217	395
6218	372
6219	428
6220	415
6221	392
6222	392
6223	389
6224	414
6225	372
6226	356
6227	429
6228	401
6229	419
6230	407
6231	385
6232	388
6233	400
6234	426
6235	400
6236	368
6237	397
6238	410
6239	425
6240	402
6241	372
6242	399
6243	375
6244	370
6245	372
6246	372
6247	347
6248	383
6249	391
6250	365
6251	397
6252	423
6253	386
6254	366
6255	352
6256	394
6257	359
6258	352
6259	407
6260	376
6261	363
6262	359
6263	382
6264	353
6265	396
6266	359
6267	344
6268	378
6269	373
6270	392
6271	382
6272	370
6273	371
6274	370
6275	356
6276	360
6277	401
6278	345
6279	381
6280	347
6281	369
6282	370
6283	391
6284	362
6285	364
6286	362
6287	333
6288	342
6289	331
6290	327
6291	345
6292	329
6293	343
6294	352
6295	342
6296	332
6297	374
6298	318
6299	360
6300	361
6301	354
6302	340
6303	389
6304	344
6305	322
6306	364
6307	323
6308	314
6309	345
6310	318
6311	373
6312	310
6313	355
6314	335
6315	345
6316	325
6317	301
6318	350
6319	304
6320	320
6321	326
6322	293
6323	305
6324	300
6325	359
6326	322
6327	300
6328	319
6329	285
6330	295
6331	296
6332	340
6333	319
6334	325
6335	322
6336	335
6337	318
6338	323
6339	306
6340	347
6341	344
6342	299
6343	305
6344	301
6345	281
6346	285
6347	292
6348	291
6349	328
6350	295
6351	294
6352	301
6353	276
6354	280
6355	304
6356	330
6357	273
6358	297
6359	291
6360	277
6361	313
6362	303
6363	268
6364	268
6365	289
6366	276
6367	310
6368	296
6369	255
6370	267
6371	273
6372	290
6373	282
6374	293
6375	281
6376	276
6377	318
6378	257
6379	272
6380	300
6381	271
6382	261
6383	260
6384	290
6385	256
6386	284
6387	264
6388	279
6389	263
6390	300
6391	265
6392	285
6393	261
6394	242
6395	278
6396	278
6397	257
6398	253
6399	269
6400	213
6401	225
6402	234
6403	257
6404	264
6405	246
6406	240
6407	239
6408	251
6409	243
6410	216
6411	252
6412	236
6413	227
6414	260
6415	232
6416	218
6417	215
6418	259
6419	256
6420	244
6421	261
6422	227
6423	226
6424	229
6425	235
6426	246
6427	241
6428	231
6429	226
6430	221
6431	208
6432	234
6433	214
6434	245
6435	233
6436	226
6437	218
6438	220
6439	225
6440	196
6441	226
6442	210
6443	206
6444	218
6445	225
6446	218
6447	202
6448	203
6449	207
6450	220
6451	198
6452	250
6453	204
6454	206
6455	215
6456	225
6457	196
6458	222
6459	202
6460	206
6461	198
6462	205
6463	208
6464	207
6465	208
6466	190
6467	186
6468	207
6469	181
6470	206
6471	190
6472	198
6473	188
6474	187
6475	232
6476	216
6477	186
6478	199
6479	197
6480	193
6481	178
6482	185
6483	187
6484	174
6485	210
6486	207
6487	207
6488	192
6489	184
6490	169
6491	196
6492	181
6493	184
6494	166
6495	179
6496	181
6497	176
6498	193
6499	168
6500	181
6501	167
6502	199
6503	208
6504	191
6505	154
6506	171
6507	179
6508	187
6509	182
6510	175
6511	157
6512	174
6513	152
6514	173
6515	179
6516	167
6517	167
6518	176
6519	182
6520	194
6521	188
6522	159
6523	146
6524	172
6525	138
6526	172
6527	176
6528	169
6529	144
6530	182
6531	162
6532	157
6533	154
6534	160
6535	145
6536	155
6537	158
6538	148
6539	151
6540	152
6541	161
6542	159
6543	140
6544	159
6545	141
6546	157
6547	151
6548	150
6549	152
6550	172
6551	149
6552	159
6553	139
6554	144
6555	131
6556	154
6557	132
6558	163
6559	149
6560	137
6561	148
6562	143
6563	125
6564	146
6565	150
6566	160
6567	136
6568	122
6569	139
6570	159
6571	136
6572	162
6573	155
6574	133
6575	148
6576	160
6577	131
6578	145
6579	133
6580	146
6581	137
6582	139
6583	139
6584	141
6585	127
6586	133
6587	138
6588	118
6589	125
6590	155
6591	138
6592	157
6593	148
6594	127
6595	133
6596	145
6597	135
6598	137
6599	122
6600	132
6601	125
6602	151
6603	143
6604	119
6605	133
6606	141
6607	119
6608	141
6609	129
6610	138
6611	137
6612	127
6613	121
6614	107
6615	141
6616	114
6617	133
6618	115
6619	114
6620	135
6621	113
6622	120
6623	117
6624	121
6625	114
6626	128
6627	117
6628	120
6629	118
6630	122
6631	119
6632	119
6633	134
6634	116
6635	126
6636	125
6637	135
6638	123
6639	135
6640	135
6641	118
6642	118
6643	135
6644	145
6645	110
6646	128
6647	128
6648	118
6649	112
6650	127
6651	107
6652	144
6653	114
6654	97
6655	106
6656	118
6657	116
6658	109
6659	124
6660	129
6661	123
6662	121
6663	122
6664	122
6665	117
6666	124
6667	118
6668	118
6669	126
6670	112
6671	116
6672	113
6673	126
6674	120
6675	119
6676	118
6677	98
6678	111
6679	121
6680	100
6681	120
6682	104
6683	115
6684	106
6685	106
6686	116
6687	106
6688	107
6689	103
6690	110
6691	125
6692	108
6693	99
6694	114
6695	120
6696	93
6697	112
6698	96
6699	101
6700	143
6701	95
6702	87
6703	105
6704	91
6705	105
6706	107
6707	109
6708	103
6709	93
6710	98
6711	111
6712	117
6713	118
6714	107
6715	106
6716	117
6717	102
6718	118
6719	106
6720	108
6721	85
6722	94
6723	109
6724	113
6725	106
6726	123
6727	109
6728	108
6729	97
6730	111
6731	109
6732	98
6733	112
6734	79
6735	94
6736	122
6737	100
6738	111
6739	95
6740	86
6741	124
6742	91
6743	122
6744	114
6745	95
6746	118
6747	100
6748	91
6749	103
6750	87
6751	106
6752	98
6753	104
6754	109
6755	106
6756	94
6757	91
6758	91
6759	102
6760	105
6761	90
6762	96
6763	102
6764	86
6765	80
6766	112
6767	89
6768	93
6769	101
6770	97
6771	93
6772	98
6773	87
6774	107
6775	97
6776	94
6777	103
6778	102
6779	88
6780	91
6781	96
6782	100
6783	91
6784	96
6785	109
6786	100
6787	77
6788	85
6789	72
6790	102
6791	85
6792	97
6793	97
6794	86
6795	91
6796	98
6797	83
6798	85
6799	88
6800	91
6801	102
6802	86
6803	92
6804	108
6805	99
6806	101
6807	72
6808	100
6809	89
6810	71
6811	88
6812	81
6813	87
6814	89
6815	90
6816	81
6817	93
6818	86
6819	81
6820	100
6821	84
6822	89
6823	89
6824	83
6825	90
6826	85
6827	79
6828	98
6829	103
6830	86
6831	71
6832	74
6833	80
6834	93
6835	89
6836	86
6837	75
6838	86
6839	87
6840	79
6841	71
6842	91
6843	79
6844	75
6845	98
6846	73
6847	77
6848	85
6849	87
6850	69
6851	80
6852	77
6853	75
6854	70
6855	80
6856	68
6857	77
6858	67
6859	79
6860	94
6861	71
6862	83
6863	88
6864	84
6865	79
6866	94
6867	88
6868	98
6869	78
6870	71
6871	91
6872	88
6873	83
6874	85
6875	83
6876	64
6877	58
6878	63
6879	77
6880	98
6881	78
6882	81
6883	63
6884	76
6885	84
6886	74
6887	68
6888	78
6889	70
6890	57
6891	84
6892	75
6893	76
6894	70
6895	70
6896	76
6897	61
6898	79
6899	66
6900	97
6901	73
6902	75
6903	77
6904	75
6905	79
6906	82
6907	76
6908	75
6909	80
6910	83
6911	78
6912	76
6913	82
6914	64
6915	63
6916	80
6917	87
6918	76
6919	67
6920	78
6921	81
6922	72
6923	68
6924	100
6925	77
6926	82
6927	67
6928	73
6929	81
6930	85
6931	80
6932	81
6933	82
6934	73
6935	81
6936	71
6937	73
6938	72
6939	64
6940	68
6941	67
6942	72
6943	74
6944	75
6945	66
6946	68
6947	67
6948	67
6949	79
6950	60
6951	58
6952	75
6953	68
6954	66
6955	76
6956	58
6957	63
6958	83
6959	59
6960	72
6961	73
6962	65
6963	72
6964	62
6965	70
6966	66
6967	72
6968	76
6969	63
6970	67
6971	68
6972	88
6973	64
6974	76
6975	66
6976	73
6977	61
6978	57
6979	72
6980	67
6981	79
6982	67
6983	69
6984	66
6985	64
6986	69
6987	63
6988	87
6989	69
6990	62
6991	54
6992	63
6993	72
6994	58
6995	69
6996	55
6997	65
6998	60
6999	59
7000	58
7001	72
7002	70
7003	51
7004	62
7005	57
7006	67
7007	46
7008	65
7009	70
7010	55
7011	70
7012	66
7013	57
7014	56
7015	77
7016	71
7017	72
7018	59
7019	71
7020	50
7021	67
7022	54
7023	58
7024	51
7025	68
7026	67
7027	65
7028	63
7029	60
7030	55
7031	65
7032	63
7033	65
7034	84
7035	73
7036	67
7037	66
7038	57
7039	56
7040	56
7041	63
7042	59
7043	56
7044	53
7045	69
7046	62
7047	61
7048	56
7049	77
7050	61
7051	60
7052	59
7053	59
7054	71
7055	62
7056	61
7057	48
7058	52
7059	49
7060	66
7061	58
7062	65
7063	57
7064	56
7065	70
7066	56
7067	65
7068	65
7069	58
7070	62
7071	68
7072	53
7073	60
7074	46
7075	52
7076	69
7077	66
7078	55
7079	50
7080	59
7081	56
7082	65
7083	57
7084	66
7085	59
7086	67
7087	48
7088	48
7089	56
7090	63
7091	54
7092	61
7093	62
7094	57
7095	48
7096	47
7097	48
7098	59
7099	56
7100	59
7101	44
7102	48
7103	46
7104	49
7105	40
7106	53
7107	46
7108	44
7109	64
7110	53
7111	56
7112	56
7113	52
7114	72
7115	43
7116	45
7117	58
7118	67
7119	66
7120	52
7121	52
7122	58
7123	55
7124	63
7125	63
7126	45
7127	54
7128	42
7129	52
7130	45
7131	69
7132	55
7133	54
7134	62
7135	57
7136	53
7137	52
7138	66
7139	45
7140	56
7141	51
7142	54
7143	53
7144	53
7145	51
7146	47
7147	64
7148	62
7149	55
7150	41
7151	55
7152	48
7153	56
7154	57
7155	52
7156	60
7157	46
7158	56
7159	55
7160	45
7161	41
7162	52
7163	68
7164	44
7165	50
7166	46
7167	42
7168	62
7169	47
7170	51
7171	41
7172	53
7173	54
7174	40
7175	65
7176	58
7177	60
7178	52
7179	55
7180	52
7181	61
7182	51
7183	48
7184	60
7185	55
7186	44
7187	51
7188	56
7189	50
7190	48
7191	50
7192	45
7193	45
7194	74
7195	47
7196	60
7197	57
7198	60
7199	42
7200	54
7201	44
7202	47
7203	51
7204	57
7205	66
7206	53
7207	49
7208	46
7209	46
7210	47
7211	54
7212	43
7213	43
7214	56
7215	59
7216	46
7217	40
7218	56
7219	52
7220	47
7221	46
7222	37
7223	38
7224	47
7225	55
7226	59
7227	41
7228	42
7229	60
7230	53
7231	47
7232	44
7233	50
7234	43
7235	51
7236	46
7237	61
7238	43
7239	63
7240	47
7241	40
7242	56
7243	47
7244	47
7245	38
7246	53
7247	57
7248	48
7249	35
7250	43
7251	42
7252	49
7253	59
7254	41
7255	52
7256	54
7257	45
7258	54
7259	48
7260	44
7261	51
7262	40
7263	50
7264	58
7265	57
7266	43
7267	69
7268	51
7269	43
7270	53
7271	51
7272	47
7273	56
7274	41
7275	49
7276	41
7277	44
7278	55
7279	52
7280	39
7281	41
7282	35
7283	40
7284	59
7285	44
7286	41
7287	48
7288	41
7289	50
7290	47
7291	46
7292	43
7293	42
7294	50
7295	54
7296	46
7297	50
7298	35
7299	42
7300	55
7301	45
7302	31
7303	51
7304	54
7305	44
7306	42
7307	48
7308	36
7309	29
7310	39
7311	41
7312	35
7313	43
7314	52
7315	45
7316	50
7317	52
7318	55
7319	51
7320	50
7321	35
7322	35
7323	57
7324	52
7325	56
7326	54
7327	50
7328	44
7329	43
7330	47
7331	39
7332	51
7333	43
7334	55
7335	51
7336	54
7337	37
7338	47
7339	37
7340	46
7341	52
7342	43
7343	43
7344	40
7345	41
7346	41
7347	53
7348	53
7349	46
7350	38
7351	44
7352	49
7353	32
7354	43
7355	52
7356	42
7357	46
7358	43
7359	49
7360	45
7361	40
7362	45
7363	36
7364	51
7365	37
7366	38
7367	35
7368	39
7369	44
7370	40
7371	45
7372	48
7373	45
7374	41
7375	42
7376	31
7377	52
7378	46
7379	49
7380	42
7381	53
7382	38
7383	38
7384	47
7385	54
7386	51
7387	55
7388	44
7389	50
7390	38
7391	49
7392	38
7393	43
7394	38
7395	41
7396	40
7397	48
7398	38
7399	34
7400	42
7401	44
7402	38
7403	48
7404	36
7405	45
7406	41
7407	35
7408	48
7409	42
7410	42
7411	45
7412	39
7413	48
7414	35
7415	33
7416	43
7417	41
7418	48
7419	51
7420	54
7421	36
7422	41
7423	43
7424	44
7425	53
7426	36
7427	37
7428	39
7429	40
7430	38
7431	47
7432	33
7433	44
7434	56
7435	42
7436	58
7437	46
7438	45
7439	47
7440	36
7441	47
7442	37
7443	33
7444	37
7445	35
7446	31
7447	40
7448	40
7449	41
7450	41
7451	35
7452	40
7453	49
7454	36
7455	55
7456	28
7457	33
7458	54
7459	38
7460	43
7461	35
7462	49
7463	40
7464	53
7465	35
7466	35
7467	45
7468	52
7469	43
7470	47
7471	43
7472	39
7473	40
7474	38
7475	44
7476	46
7477	43
7478	35
7479	45
7480	32
7481	47
7482	40
7483	27
7484	44
7485	41
7486	32
7487	33
7488	36
7489	49
7490	37
7491	41
7492	42
7493	41
7494	34
7495	40
7496	34
7497	45
7498	45
7499	47
7500	32
7501	38
7502	35
7503	47
7504	36
7505	44
7506	30
7507	47
7508	46
7509	28
7510	38
7511	46
7512	53
7513	24
7514	36
7515	43
7516	40
7517	35
7518	39
7519	43
7520	42
7521	40
7522	28
7523	36
7524	37
7525	42
7526	35
7527	45
7528	34
7529	28
7530	34
7531	41
7532	46
7533	35
7534	29
7535	37
7536	41
7537	28
7538	49
7539	31
7540	38
7541	35
7542	37
7543	40
7544	39
7545	43
7546	27
7547	32
7548	32
7549	47
7550	41
7551	32
7552	37
7553	33
7554	48
7555	38
7556	35
7557	40
7558	40
7559	42
7560	48
7561	34
7562	39
7563	53
7564	43
7565	30
7566	30
7567	37
7568	44
7569	31
7570	34
7571	35
7572	37
7573	42
7574	50
7575	41
7576	41
7577	40
7578	44
7579	40
7580	34
7581	26
7582	45
7583	34
7584	43
7585	48
7586	44
7587	33
7588	34
7589	49
7590	36
7591	28
7592	30
7593	27
7594	36
7595	30
7596	38
7597	49
7598	47
7599	37
7600	35
7601	38
7602	43
7603	28
7604	30
7605	39
7606	38
7607	24
7608	42
7609	38
7610	33
7611	34
7612	52
7613	31
7614	41
7615	35
7616	38
7617	37
7618	40
7619	38
7620	41
7621	38
7622	42
7623	36
7624	41
7625	45
7626	32
7627	40
7628	36
7629	18
7630	23
7631	42
7632	45
7633	30
7634	54
7635	43
7636	36
7637	41
7638	31
7639	34
7640	25
7641	24
7642	28
7643	32
7644	36
7645	33
7646	41
7647	35
7648	35
7649	36
7650	21
7651	39
7652	45
7653	35
7654	30
7655	44
7656	32
7657	42
7658	26
7659	34
7660	29
7661	32
7662	37
7663	35
7664	36
7665	44
7666	29
7667	23
7668	39
7669	37
7670	27
7671	32
7672	52
7673	37
7674	27
7675	27
7676	38
7677	33
7678	34
7679	33
7680	37
7681	26
7682	36
7683	40
7684	30
7685	33
7686	50
7687	49
7688	35
7689	39
7690	28
7691	30
7692	29
7693	36
7694	29
7695	28
7696	30
7697	33
7698	40
7699	26
7700	36
7701	37
7702	29
7703	36
7704	38
7705	34
7706	45
7707	35
7708	34
7709	29
7710	33
7711	28
7712	36
7713	30
7714	43
7715	30
7716	24
7717	35
7718	19
7719	34
7720	44
7721	34
7722	36
7723	25
7724	41
7725	32
7726	34
7727	46
7728	33
7729	35
7730	35
7731	32
7732	38
7733	34
7734	35
7735	25
7736	18
7737	34
7738	28
7739	28
7740	34
7741	32
7742	30
7743	33
7744	28
7745	49
7746	50
7747	29
7748	37
7749	31
7750	38
7751	34
7752	39
7753	27
7754	32
7755	36
7756	30
7757	34
7758	33
7759	34
7760	33
7761	30
7762	30
7763	25
7764	36
7765	44
7766	32
7767	34
7768	27
7769	33
7770	30
7771	37
7772	36
7773	33
7774	39
7775	29
7776	32
7777	40
7778	32
7779	23
7780	28
7781	36
7782	23
7783	29
7784	27
7785	21
7786	38
7787	32
7788	30
7789	31
7790	27
7791	33
7792	36
7793	25
7794	39
7795	35
7796	27
7797	35
7798	36
7799	29
7800	25
7801	34
7802	41
7803	36
7804	29
7805	37
7806	39
7807	35
7808	35
7809	33
7810	22
7811	29
7812	35
7813	28
7814	29
7815	22
7816	31
7817	29
7818	30
7819	32
7820	35
7821	30
7822	29
7823	35
7824	33
7825	29
7826	32
7827	38
7828	26
7829	28
7830	39
7831	28
7832	38
7833	33
7834	34
7835	31
7836	36
7837	22
7838	41
7839	30
7840	31
7841	30
7842	35
7843	25
7844	31
7845	30
7846	36
7847	32
7848	27
7849	33
7850	33
7851	25
7852	28
7853	26
7854	36
7855	30
7856	19
7857	25
7858	26
7859	25
7860	32
7861	32
7862	23
7863	31
7864	25
7865	29
7866	26
7867	47
7868	33
7869	26
7870	29
7871	38
7872	21
7873	29
7874	28
7875	32
7876	36
7877	31
7878	29
7879	36
7880	34
7881	28
7882	34
7883	33
7884	24
7885	33
7886	17
7887	33
7888	28
7889	25
7890	21
7891	28
7892	35
7893	24
7894	24
7895	28
7896	30
7897	27
7898	33
7899	30
7900	19
7901	35
7902	24
7903	32
7904	25
7905	35
7906	32
7907	31
7908	26
7909	29
7910	32
7911	31
7912	39
7913	33
7914	24
7915	24
7916	29
7917	24
7918	32
7919	28
7920	29
7921	28
7922	23
7923	33
7924	18
7925	31
7926	31
7927	23
7928	43
7929	31
7930	28
7931	41
7932	27
7933	28
7934	32
7935	21
7936	25
7937	28
7938	28
7939	27
7940	20
7941	27
7942	37
7943	27
7944	38
7945	38
7946	23
7947	44
7948	35
7949	28
7950	25
7951	37
7952	22
7953	37
7954	26
7955	23
7956	25
7957	30
7958	30
7959	29
7960	28
7961	33
7962	38
7963	35
7964	24
7965	35
7966	32
7967	31
7968	22
7969	35
7970	28
7971	29
7972	30
7973	27
7974	34
7975	26
7976	30
7977	22
7978	32
7979	27
7980	39
7981	15
7982	20
7983	25
7984	24
7985	25
7986	30
7987	23
7988	33
7989	33
7990	29
7991	32
7992	26
7993	23
7994	28
7995	33
7996	35
7997	32
7998	37
7999	33
8000	34
8001	26
8002	24
8003	27
8004	23
8005	25
8006	26
8007	32
8008	29
8009	24
8010	27
8011	27
8012	43
8013	20
8014	35
8015	22
8016	25
8017	35
8018	32
8019	31
8020	33
8021	33
8022	24
8023	27
8024	23
8025	31
8026	30
8027	20
8028	32
8029	38
8030	32
8031	27
8032	30
8033	27
8034	29
8035	31
8036	30
8037	23
8038	33
8039	17
8040	21
8041	25
8042	29
8043	22
8044	23
8045	26
8046	32
8047	34
8048	26
8049	39
8050	42
8051	26
8052	26
8053	24
8054	29
8055	23
8056	24
8057	33
8058	33
8059	37
8060	21
8061	36
8062	30
8063	30
8064	22
8065	27
8066	31
8067	27
8068	42
8069	24
8070	30
8071	35
8072	40
8073	21
8074	19
8075	35
8076	31
8077	41
8078	25
8079	26
8080	34
8081	30
8082	39
8083	25
8084	26
8085	29
8086	28
8087	30
8088	32
8089	28
8090	23
8091	30
8092	32
8093	36
8094	22
8095	16
8096	26
8097	29
8098	26
8099	27
8100	22
8101	31
8102	29
8103	32
8104	27
8105	25
8106	26
8107	20
8108	23
8109	27
8110	30
8111	23
8112	31
8113	31
8114	21
8115	30
8116	21
8117	29
8118	28
8119	29
8120	18
8121	21
8122	23
8123	20
8124	13
8125	17
8126	18
8127	16
8128	19
8129	18
8130	13
8131	15
8132	17
8133	8
8134	9
8135	10
8136	16
8137	9
8138	7
8139	12
8140	8
8141	7
8142	11
8143	5
8144	6
8145	5
8146	8
8147	2
8148	4
8149	2
8150	1
8151	0
8152	2
8153	2
8154	2
8155	0
8156	1
8157	2
8158	1
8159	3
8160	1
8161	2
8162	1
8163	0
8164	1
8165	2
8166	0
8167	0
8168	0
8169	0
8170	0
8171	0
8172	0
8173	0
8174	0
8175	0
8176	0
8177	0
8178	1
8179	0
8180	0
8181	0
8182	1
8183	0
8184	0
8185	0
8186	1
8187	0
8188	0
8189	1
8190	0
8191	0
