0	0
1	0
2	0
3	0
4	0
5	0
6	0
7	0
8	0
9	0
10	0
11	0
12	0
13	0
14	0
15	0
16	0
17	0
18	0
19	0
20	0
21	0
22	0
23	0
24	0
25	0
26	0
27	0
28	0
29	0
30	0
31	0
32	0
33	0
34	0
35	0
36	0
37	0
38	0
39	0
40	0
41	0
42	0
43	0
44	0
45	0
46	0
47	1
48	0
49	0
50	0
51	1
52	1
53	1
54	0
55	1
56	1
57	1
58	1
59	0
60	0
61	2
62	2
63	1
64	1
65	1
66	0
67	0
68	2
69	0
70	0
71	0
72	0
73	0
74	0
75	0
76	0
77	2
78	1
79	1
80	0
81	0
82	0
83	0
84	1
85	0
86	0
87	1
88	0
89	0
90	0
91	2
92	0
93	3
94	2
95	1
96	0
97	1
98	0
99	0
100	0
101	0
102	0
103	1
104	0
105	0
106	1
107	1
108	1
109	0
110	1
111	0
112	0
113	2
114	1
115	0
116	0
117	1
118	0
119	0
120	3
121	0
122	1
123	1
124	1
125	0
126	0
127	0
128	0
129	3
130	1
131	3
132	0
133	3
134	2
135	1
136	1
137	1
138	0
139	0
140	0
141	0
142	0
143	0
144	0
145	0
146	2
147	1
148	0
149	3
150	1
151	0
152	2
153	0
154	0
155	1
156	1
157	0
158	0
159	1
160	2
161	0
162	1
163	1
164	0
165	0
166	1
167	0
168	0
169	1
170	2
171	0
172	0
173	0
174	3
175	0
176	0
177	1
178	0
179	2
180	2
181	0
182	2
183	1
184	1
185	0
186	0
187	0
188	2
189	0
190	1
191	0
192	0
193	0
194	1
195	1
196	2
197	1
198	0
199	1
200	1
201	0
202	0
203	2
204	2
205	1
206	2
207	0
208	1
209	1
210	0
211	1
212	1
213	0
214	1
215	3
216	1
217	2
218	3
219	1
220	3
221	0
222	1
223	1
224	2
225	2
226	3
227	1
228	1
229	2
230	3
231	3
232	0
233	0
234	3
235	0
236	2
237	4
238	0
239	4
240	4
241	0
242	3
243	3
244	5
245	8
246	3
247	5
248	4
249	2
250	2
251	9
252	4
253	7
254	8
255	9
256	10
257	14
258	8
259	9
260	19
261	12
262	19
263	21
264	22
265	25
266	24
267	39
268	46
269	38
270	64
271	55
272	81
273	107
274	99
275	125
276	119
277	130
278	139
279	181
280	190
281	191
282	198
283	222
284	225
285	253
286	239
287	264
288	244
289	274
290	246
291	271
292	268
293	275
294	302
295	299
296	321
297	285
298	324
299	310
300	306
301	338
302	306
303	301
304	328
305	334
306	316
307	343
308	306
309	307
310	338
311	305
312	310
313	354
314	321
315	318
316	324
317	307
318	315
319	335
320	315
321	279
322	336
323	302
324	325
325	320
326	294
327	303
328	299
329	317
330	336
331	317
332	328
333	324
334	297
335	306
336	329
337	294
338	309
339	326
340	341
341	317
342	297
343	314
344	306
345	309
346	304
347	312
348	319
349	321
350	359
351	303
352	290
353	308
354	318
355	347
356	321
357	310
358	314
359	342
360	298
361	290
362	297
363	286
364	315
365	288
366	339
367	334
368	307
369	319
370	334
371	303
372	329
373	301
374	333
375	340
376	298
377	333
378	296
379	312
380	327
381	343
382	321
383	357
384	350
385	315
386	316
387	315
388	295
389	317
390	296
391	339
392	314
393	321
394	355
395	303
396	306
397	287
398	301
399	303
400	322
401	329
402	354
403	325
404	358
405	340
406	349
407	312
408	305
409	359
410	320
411	337
412	324
413	317
414	350
415	320
416	303
417	336
418	351
419	306
420	344
421	348
422	333
423	317
424	319
425	327
426	344
427	306
428	337
429	328
430	333
431	322
432	340
433	320
434	346
435	332
436	354
437	326
438	358
439	357
440	326
441	322
442	340
443	349
444	344
445	320
446	321
447	313
448	332
449	321
450	324
451	317
452	344
453	344
454	352
455	314
456	327
457	321
458	339
459	333
460	300
461	330
462	304
463	313
464	356
465	319
466	305
467	333
468	321
469	347
470	347
471	340
472	333
473	370
474	311
475	327
476	319
477	327
478	333
479	310
480	339
481	320
482	348
483	343
484	312
485	316
486	355
487	330
488	339
489	318
490	306
491	322
492	338
493	333
494	337
495	342
496	330
497	342
498	359
499	320
500	329
501	306
502	305
503	343
504	327
505	331
506	360
507	353
508	329
509	347
510	330
511	300
512	356
513	317
514	334
515	335
516	291
517	331
518	350
519	331
520	315
521	368
522	327
523	325
524	352
525	337
526	324
527	355
528	325
529	305
530	383
531	326
532	336
533	322
534	312
535	337
536	300
537	310
538	335
539	334
540	330
541	351
542	364
543	337
544	311
545	314
546	300
547	361
548	295
549	357
550	328
551	319
552	326
553	329
554	353
555	336
556	364
557	344
558	344
559	316
560	358
561	341
562	373
563	331
564	336
565	323
566	336
567	344
568	327
569	348
570	350
571	335
572	329
573	329
574	360
575	339
576	336
577	314
578	328
579	336
580	314
581	371
582	328
583	349
584	311
585	355
586	319
587	300
588	335
589	314
590	334
591	342
592	351
593	367
594	319
595	341
596	343
597	360
598	340
599	347
600	355
601	343
602	330
603	361
604	337
605	351
606	331
607	345
608	355
609	351
610	331
611	375
612	334
613	375
614	350
615	363
616	366
617	372
618	378
619	322
620	346
621	307
622	338
623	368
624	336
625	349
626	356
627	379
628	331
629	361
630	346
631	348
632	361
633	345
634	386
635	354
636	390
637	371
638	377
639	380
640	359
641	325
642	359
643	327
644	326
645	393
646	355
647	364
648	337
649	377
650	402
651	386
652	358
653	372
654	372
655	366
656	349
657	366
658	388
659	368
660	345
661	360
662	357
663	383
664	391
665	333
666	387
667	382
668	377
669	343
670	368
671	354
672	360
673	355
674	349
675	352
676	370
677	345
678	359
679	381
680	370
681	356
682	348
683	358
684	347
685	362
686	357
687	411
688	375
689	369
690	376
691	391
692	379
693	413
694	366
695	375
696	356
697	372
698	340
699	351
700	360
701	361
702	374
703	360
704	369
705	383
706	374
707	364
708	361
709	345
710	395
711	351
712	382
713	358
714	388
715	398
716	367
717	367
718	363
719	380
720	396
721	387
722	343
723	364
724	372
725	373
726	388
727	376
728	372
729	371
730	418
731	390
732	375
733	361
734	380
735	356
736	376
737	378
738	373
739	365
740	362
741	374
742	389
743	351
744	352
745	377
746	348
747	372
748	375
749	377
750	372
751	347
752	395
753	391
754	341
755	368
756	369
757	379
758	388
759	364
760	384
761	386
762	397
763	389
764	396
765	372
766	388
767	374
768	341
769	376
770	359
771	406
772	370
773	353
774	350
775	350
776	395
777	390
778	380
779	371
780	405
781	369
782	397
783	371
784	355
785	355
786	361
787	336
788	381
789	415
790	358
791	344
792	392
793	372
794	414
795	383
796	345
797	368
798	407
799	350
800	403
801	409
802	367
803	360
804	391
805	376
806	371
807	350
808	374
809	383
810	435
811	404
812	388
813	420
814	411
815	358
816	386
817	373
818	399
819	388
820	439
821	354
822	363
823	356
824	393
825	409
826	366
827	380
828	393
829	425
830	345
831	374
832	387
833	411
834	405
835	426
836	408
837	379
838	379
839	399
840	372
841	359
842	402
843	377
844	341
845	412
846	407
847	389
848	366
849	387
850	395
851	357
852	378
853	374
854	417
855	352
856	387
857	355
858	384
859	395
860	388
861	368
862	375
863	398
864	404
865	392
866	401
867	378
868	332
869	380
870	353
871	415
872	426
873	391
874	406
875	397
876	390
877	405
878	390
879	357
880	397
881	401
882	404
883	361
884	379
885	410
886	386
887	439
888	415
889	398
890	394
891	419
892	414
893	415
894	388
895	410
896	448
897	410
898	416
899	428
900	386
901	417
902	400
903	395
904	435
905	440
906	417
907	390
908	393
909	454
910	396
911	385
912	403
913	436
914	370
915	456
916	450
917	408
918	431
919	402
920	470
921	441
922	409
923	410
924	434
925	468
926	455
927	464
928	439
929	458
930	485
931	459
932	438
933	455
934	463
935	439
936	454
937	485
938	482
939	466
940	483
941	514
942	514
943	484
944	470
945	467
946	469
947	487
948	454
949	486
950	455
951	532
952	504
953	460
954	516
955	509
956	504
957	531
958	556
959	524
960	543
961	515
962	554
963	508
964	544
965	487
966	527
967	501
968	531
969	552
970	556
971	550
972	523
973	514
974	538
975	523
976	548
977	583
978	524
979	577
980	545
981	569
982	553
983	539
984	544
985	541
986	579
987	574
988	586
989	582
990	576
991	583
992	565
993	630
994	597
995	600
996	601
997	595
998	575
999	587
1000	612
1001	600
1002	553
1003	613
1004	589
1005	598
1006	614
1007	594
1008	619
1009	609
1010	598
1011	624
1012	598
1013	597
1014	635
1015	622
1016	593
1017	576
1018	657
1019	579
1020	611
1021	600
1022	606
1023	567
1024	623
1025	619
1026	596
1027	627
1028	587
1029	592
1030	612
1031	609
1032	604
1033	589
1034	633
1035	640
1036	556
1037	589
1038	618
1039	607
1040	614
1041	586
1042	557
1043	612
1044	619
1045	600
1046	543
1047	567
1048	617
1049	587
1050	612
1051	606
1052	562
1053	619
1054	579
1055	516
1056	591
1057	587
1058	561
1059	609
1060	616
1061	619
1062	593
1063	552
1064	578
1065	544
1066	555
1067	590
1068	575
1069	566
1070	562
1071	600
1072	550
1073	546
1074	546
1075	508
1076	524
1077	565
1078	543
1079	531
1080	527
1081	549
1082	545
1083	566
1084	555
1085	562
1086	571
1087	521
1088	532
1089	551
1090	522
1091	535
1092	521
1093	566
1094	504
1095	577
1096	539
1097	568
1098	524
1099	545
1100	519
1101	545
1102	549
1103	502
1104	532
1105	541
1106	527
1107	557
1108	539
1109	498
1110	521
1111	481
1112	487
1113	528
1114	486
1115	483
1116	499
1117	508
1118	496
1119	542
1120	525
1121	496
1122	516
1123	517
1124	520
1125	506
1126	496
1127	532
1128	524
1129	506
1130	537
1131	535
1132	509
1133	517
1134	516
1135	514
1136	491
1137	501
1138	513
1139	507
1140	508
1141	526
1142	504
1143	483
1144	467
1145	486
1146	506
1147	520
1148	477
1149	521
1150	497
1151	463
1152	505
1153	533
1154	487
1155	451
1156	503
1157	463
1158	487
1159	507
1160	458
1161	456
1162	481
1163	493
1164	519
1165	511
1166	474
1167	441
1168	474
1169	455
1170	504
1171	508
1172	504
1173	480
1174	476
1175	494
1176	493
1177	481
1178	472
1179	497
1180	477
1181	492
1182	499
1183	436
1184	488
1185	487
1186	465
1187	452
1188	476
1189	462
1190	456
1191	494
1192	444
1193	494
1194	473
1195	460
1196	453
1197	463
1198	470
1199	426
1200	455
1201	456
1202	471
1203	484
1204	483
1205	475
1206	466
1207	408
1208	474
1209	475
1210	507
1211	481
1212	510
1213	465
1214	446
1215	486
1216	483
1217	477
1218	468
1219	466
1220	444
1221	450
1222	502
1223	496
1224	477
1225	443
1226	436
1227	428
1228	419
1229	433
1230	461
1231	436
1232	467
1233	476
1234	469
1235	474
1236	460
1237	487
1238	449
1239	477
1240	493
1241	439
1242	455
1243	476
1244	494
1245	442
1246	429
1247	422
1248	431
1249	457
1250	432
1251	439
1252	446
1253	466
1254	465
1255	470
1256	430
1257	474
1258	440
1259	467
1260	466
1261	445
1262	466
1263	459
1264	476
1265	454
1266	456
1267	446
1268	481
1269	462
1270	445
1271	414
1272	434
1273	470
1274	452
1275	441
1276	453
1277	437
1278	440
1279	464
1280	419
1281	441
1282	437
1283	460
1284	445
1285	481
1286	453
1287	433
1288	460
1289	435
1290	421
1291	432
1292	462
1293	451
1294	444
1295	442
1296	379
1297	430
1298	419
1299	445
1300	496
1301	401
1302	404
1303	452
1304	437
1305	435
1306	402
1307	424
1308	415
1309	418
1310	396
1311	457
1312	416
1313	388
1314	423
1315	398
1316	439
1317	399
1318	376
1319	437
1320	455
1321	411
1322	406
1323	431
1324	413
1325	389
1326	437
1327	386
1328	413
1329	412
1330	382
1331	436
1332	424
1333	422
1334	379
1335	394
1336	403
1337	404
1338	403
1339	384
1340	376
1341	419
1342	395
1343	379
1344	414
1345	405
1346	401
1347	394
1348	366
1349	405
1350	411
1351	394
1352	461
1353	372
1354	413
1355	409
1356	387
1357	438
1358	426
1359	409
1360	388
1361	432
1362	404
1363	403
1364	380
1365	426
1366	399
1367	412
1368	417
1369	381
1370	397
1371	389
1372	376
1373	415
1374	387
1375	388
1376	389
1377	407
1378	366
1379	416
1380	399
1381	423
1382	390
1383	374
1384	379
1385	366
1386	403
1387	366
1388	389
1389	430
1390	383
1391	415
1392	397
1393	425
1394	353
1395	368
1396	380
1397	377
1398	382
1399	370
1400	371
1401	395
1402	401
1403	352
1404	372
1405	400
1406	376
1407	396
1408	352
1409	376
1410	377
1411	374
1412	361
1413	373
1414	404
1415	349
1416	388
1417	380
1418	347
1419	424
1420	363
1421	371
1422	406
1423	358
1424	346
1425	391
1426	381
1427	395
1428	383
1429	381
1430	342
1431	361
1432	355
1433	432
1434	401
1435	364
1436	354
1437	340
1438	359
1439	353
1440	378
1441	376
1442	372
1443	361
1444	338
1445	391
1446	367
1447	359
1448	373
1449	382
1450	380
1451	307
1452	358
1453	371
1454	368
1455	361
1456	374
1457	334
1458	358
1459	360
1460	357
1461	404
1462	369
1463	357
1464	360
1465	333
1466	320
1467	369
1468	367
1469	340
1470	368
1471	363
1472	362
1473	359
1474	358
1475	362
1476	334
1477	356
1478	357
1479	294
1480	333
1481	346
1482	342
1483	350
1484	325
1485	341
1486	377
1487	325
1488	350
1489	381
1490	372
1491	350
1492	348
1493	341
1494	343
1495	332
1496	329
1497	343
1498	361
1499	354
1500	353
1501	326
1502	338
1503	357
1504	315
1505	359
1506	312
1507	346
1508	361
1509	352
1510	326
1511	319
1512	319
1513	358
1514	360
1515	355
1516	313
1517	367
1518	366
1519	349
1520	335
1521	325
1522	405
1523	331
1524	351
1525	349
1526	344
1527	349
1528	330
1529	349
1530	329
1531	359
1532	327
1533	329
1534	303
1535	357
1536	358
1537	343
1538	309
1539	309
1540	353
1541	313
1542	328
1543	322
1544	335
1545	356
1546	339
1547	299
1548	340
1549	388
1550	383
1551	360
1552	311
1553	379
1554	331
1555	358
1556	305
1557	344
1558	326
1559	377
1560	338
1561	323
1562	349
1563	320
1564	351
1565	312
1566	328
1567	346
1568	334
1569	347
1570	346
1571	373
1572	341
1573	346
1574	319
1575	313
1576	346
1577	322
1578	348
1579	337
1580	360
1581	334
1582	299
1583	305
1584	305
1585	347
1586	341
1587	348
1588	326
1589	348
1590	315
1591	358
1592	346
1593	295
1594	340
1595	357
1596	317
1597	282
1598	354
1599	325
1600	326
1601	373
1602	322
1603	333
1604	308
1605	349
1606	326
1607	330
1608	322
1609	342
1610	346
1611	348
1612	326
1613	344
1614	311
1615	345
1616	305
1617	341
1618	345
1619	324
1620	326
1621	298
1622	345
1623	311
1624	374
1625	338
1626	363
1627	328
1628	345
1629	325
1630	332
1631	337
1632	350
1633	362
1634	321
1635	328
1636	347
1637	321
1638	332
1639	323
1640	310
1641	306
1642	348
1643	316
1644	348
1645	301
1646	348
1647	347
1648	349
1649	363
1650	297
1651	319
1652	305
1653	365
1654	345
1655	345
1656	340
1657	321
1658	304
1659	323
1660	357
1661	335
1662	323
1663	325
1664	336
1665	329
1666	347
1667	331
1668	314
1669	334
1670	333
1671	347
1672	294
1673	328
1674	386
1675	313
1676	322
1677	328
1678	330
1679	323
1680	312
1681	327
1682	324
1683	341
1684	374
1685	320
1686	335
1687	333
1688	330
1689	299
1690	328
1691	335
1692	337
1693	353
1694	309
1695	285
1696	334
1697	325
1698	363
1699	338
1700	301
1701	298
1702	324
1703	345
1704	377
1705	338
1706	348
1707	329
1708	329
1709	365
1710	340
1711	314
1712	336
1713	330
1714	336
1715	318
1716	317
1717	319
1718	352
1719	322
1720	310
1721	338
1722	279
1723	310
1724	302
1725	330
1726	334
1727	308
1728	321
1729	335
1730	339
1731	315
1732	335
1733	353
1734	310
1735	340
1736	349
1737	306
1738	343
1739	309
1740	363
1741	305
1742	312
1743	353
1744	333
1745	325
1746	360
1747	314
1748	318
1749	349
1750	296
1751	324
1752	317
1753	325
1754	292
1755	338
1756	321
1757	318
1758	341
1759	311
1760	331
1761	335
1762	314
1763	314
1764	351
1765	353
1766	348
1767	333
1768	331
1769	316
1770	332
1771	340
1772	344
1773	299
1774	324
1775	344
1776	307
1777	295
1778	331
1779	304
1780	324
1781	314
1782	323
1783	326
1784	339
1785	349
1786	355
1787	334
1788	306
1789	279
1790	325
1791	316
1792	311
1793	304
1794	290
1795	317
1796	295
1797	293
1798	303
1799	299
1800	293
1801	316
1802	318
1803	301
1804	322
1805	310
1806	279
1807	294
1808	324
1809	302
1810	333
1811	313
1812	285
1813	288
1814	336
1815	291
1816	301
1817	283
1818	307
1819	286
1820	299
1821	299
1822	324
1823	315
1824	272
1825	274
1826	290
1827	283
1828	314
1829	281
1830	280
1831	301
1832	283
1833	259
1834	299
1835	285
1836	272
1837	320
1838	270
1839	281
1840	289
1841	261
1842	287
1843	256
1844	273
1845	277
1846	273
1847	287
1848	238
1849	246
1850	239
1851	262
1852	292
1853	267
1854	284
1855	289
1856	242
1857	251
1858	268
1859	250
1860	255
1861	267
1862	268
1863	264
1864	263
1865	252
1866	241
1867	246
1868	241
1869	247
1870	225
1871	251
1872	267
1873	236
1874	224
1875	248
1876	247
1877	232
1878	228
1879	235
1880	242
1881	235
1882	231
1883	239
1884	260
1885	252
1886	232
1887	224
1888	239
1889	232
1890	218
1891	239
1892	216
1893	220
1894	215
1895	235
1896	203
1897	207
1898	246
1899	248
1900	214
1901	230
1902	204
1903	253
1904	232
1905	211
1906	202
1907	197
1908	187
1909	190
1910	225
1911	212
1912	199
1913	213
1914	208
1915	202
1916	197
1917	202
1918	203
1919	199
1920	189
1921	195
1922	213
1923	225
1924	193
1925	205
1926	201
1927	213
1928	228
1929	197
1930	202
1931	165
1932	189
1933	178
1934	194
1935	196
1936	187
1937	194
1938	186
1939	184
1940	186
1941	199
1942	209
1943	176
1944	159
1945	181
1946	187
1947	188
1948	176
1949	178
1950	175
1951	174
1952	167
1953	170
1954	183
1955	190
1956	173
1957	177
1958	167
1959	187
1960	171
1961	180
1962	192
1963	171
1964	184
1965	158
1966	174
1967	195
1968	183
1969	183
1970	156
1971	187
1972	177
1973	181
1974	157
1975	179
1976	164
1977	187
1978	138
1979	178
1980	185
1981	179
1982	183
1983	160
1984	162
1985	180
1986	122
1987	180
1988	150
1989	153
1990	154
1991	177
1992	163
1993	156
1994	157
1995	175
1996	167
1997	164
1998	153
1999	157
2000	150
2001	160
2002	149
2003	153
2004	160
2005	170
2006	176
2007	171
2008	152
2009	159
2010	163
2011	142
2012	160
2013	148
2014	159
2015	155
2016	148
2017	134
2018	153
2019	164
2020	156
2021	161
2022	155
2023	152
2024	159
2025	155
2026	138
2027	126
2028	161
2029	174
2030	155
2031	150
2032	150
2033	141
2034	144
2035	136
2036	142
2037	143
2038	144
2039	153
2040	141
2041	130
2042	139
2043	126
2044	122
2045	165
2046	137
2047	142
2048	153
2049	134
2050	139
2051	150
2052	152
2053	154
2054	147
2055	142
2056	143
2057	137
2058	138
2059	140
2060	122
2061	142
2062	159
2063	115
2064	144
2065	143
2066	124
2067	146
2068	129
2069	156
2070	121
2071	128
2072	142
2073	132
2074	137
2075	122
2076	118
2077	149
2078	125
2079	151
2080	146
2081	143
2082	137
2083	157
2084	136
2085	153
2086	121
2087	136
2088	131
2089	142
2090	123
2091	130
2092	125
2093	159
2094	139
2095	131
2096	133
2097	149
2098	110
2099	125
2100	130
2101	118
2102	151
2103	113
2104	130
2105	127
2106	132
2107	119
2108	139
2109	134
2110	139
2111	122
2112	129
2113	144
2114	129
2115	146
2116	127
2117	122
2118	122
2119	115
2120	138
2121	134
2122	135
2123	117
2124	117
2125	122
2126	126
2127	155
2128	120
2129	136
2130	123
2131	133
2132	123
2133	132
2134	118
2135	116
2136	136
2137	139
2138	134
2139	121
2140	123
2141	130
2142	140
2143	123
2144	128
2145	119
2146	129
2147	134
2148	109
2149	118
2150	113
2151	110
2152	123
2153	135
2154	127
2155	116
2156	124
2157	151
2158	137
2159	110
2160	103
2161	130
2162	95
2163	120
2164	120
2165	92
2166	143
2167	128
2168	108
2169	131
2170	105
2171	125
2172	114
2173	122
2174	102
2175	111
2176	120
2177	115
2178	132
2179	109
2180	124
2181	119
2182	112
2183	121
2184	138
2185	112
2186	101
2187	109
2188	117
2189	109
2190	131
2191	108
2192	120
2193	109
2194	114
2195	119
2196	123
2197	119
2198	105
2199	124
2200	124
2201	110
2202	120
2203	90
2204	117
2205	130
2206	127
2207	117
2208	129
2209	117
2210	126
2211	104
2212	124
2213	105
2214	108
2215	124
2216	92
2217	116
2218	111
2219	122
2220	116
2221	123
2222	122
2223	120
2224	95
2225	104
2226	101
2227	104
2228	106
2229	112
2230	123
2231	116
2232	110
2233	111
2234	110
2235	117
2236	123
2237	114
2238	113
2239	108
2240	137
2241	131
2242	128
2243	114
2244	101
2245	103
2246	110
2247	97
2248	96
2249	103
2250	91
2251	114
2252	105
2253	121
2254	113
2255	116
2256	112
2257	121
2258	104
2259	124
2260	126
2261	128
2262	96
2263	118
2264	114
2265	104
2266	97
2267	112
2268	114
2269	113
2270	117
2271	110
2272	112
2273	100
2274	113
2275	118
2276	124
2277	120
2278	100
2279	110
2280	105
2281	94
2282	111
2283	105
2284	105
2285	119
2286	102
2287	111
2288	98
2289	106
2290	111
2291	111
2292	122
2293	119
2294	98
2295	107
2296	117
2297	84
2298	110
2299	103
2300	101
2301	125
2302	94
2303	131
2304	116
2305	101
2306	128
2307	107
2308	97
2309	99
2310	130
2311	119
2312	94
2313	102
2314	101
2315	109
2316	97
2317	97
2318	115
2319	101
2320	97
2321	114
2322	111
2323	109
2324	85
2325	99
2326	110
2327	102
2328	104
2329	129
2330	102
2331	100
2332	97
2333	120
2334	104
2335	104
2336	122
2337	101
2338	115
2339	99
2340	94
2341	125
2342	113
2343	115
2344	107
2345	92
2346	118
2347	108
2348	94
2349	122
2350	111
2351	104
2352	101
2353	91
2354	119
2355	88
2356	95
2357	99
2358	96
2359	108
2360	113
2361	117
2362	131
2363	104
2364	87
2365	109
2366	107
2367	88
2368	103
2369	105
2370	99
2371	104
2372	114
2373	106
2374	108
2375	99
2376	111
2377	99
2378	111
2379	110
2380	106
2381	100
2382	118
2383	98
2384	92
2385	124
2386	105
2387	105
2388	103
2389	86
2390	111
2391	102
2392	93
2393	115
2394	101
2395	119
2396	92
2397	117
2398	97
2399	119
2400	124
2401	105
2402	105
2403	98
2404	93
2405	114
2406	106
2407	104
2408	112
2409	124
2410	108
2411	125
2412	117
2413	121
2414	102
2415	101
2416	117
2417	109
2418	115
2419	125
2420	121
2421	107
2422	109
2423	99
2424	104
2425	96
2426	99
2427	105
2428	114
2429	105
2430	112
2431	112
2432	86
2433	118
2434	92
2435	104
2436	107
2437	103
2438	116
2439	100
2440	108
2441	106
2442	93
2443	98
2444	102
2445	87
2446	102
2447	94
2448	117
2449	99
2450	97
2451	108
2452	101
2453	117
2454	100
2455	93
2456	102
2457	91
2458	95
2459	97
2460	92
2461	107
2462	95
2463	89
2464	99
2465	96
2466	97
2467	85
2468	111
2469	95
2470	105
2471	92
2472	96
2473	92
2474	103
2475	115
2476	119
2477	96
2478	109
2479	93
2480	92
2481	111
2482	108
2483	101
2484	115
2485	107
2486	93
2487	110
2488	102
2489	103
2490	100
2491	95
2492	92
2493	108
2494	104
2495	109
2496	101
2497	108
2498	75
2499	103
2500	113
2501	126
2502	114
2503	102
2504	99
2505	112
2506	103
2507	95
2508	91
2509	102
2510	110
2511	98
2512	110
2513	89
2514	95
2515	115
2516	116
2517	104
2518	105
2519	106
2520	119
2521	90
2522	100
2523	107
2524	104
2525	106
2526	92
2527	115
2528	101
2529	107
2530	95
2531	87
2532	97
2533	111
2534	116
2535	98
2536	101
2537	94
2538	105
2539	99
2540	100
2541	114
2542	129
2543	111
2544	108
2545	99
2546	81
2547	99
2548	97
2549	93
2550	114
2551	95
2552	109
2553	94
2554	87
2555	103
2556	109
2557	129
2558	100
2559	102
2560	107
2561	110
2562	78
2563	87
2564	100
2565	114
2566	90
2567	87
2568	84
2569	113
2570	125
2571	101
2572	80
2573	116
2574	102
2575	97
2576	111
2577	97
2578	113
2579	102
2580	123
2581	94
2582	97
2583	103
2584	101
2585	98
2586	109
2587	101
2588	108
2589	104
2590	96
2591	113
2592	90
2593	102
2594	101
2595	106
2596	96
2597	104
2598	117
2599	124
2600	112
2601	106
2602	106
2603	114
2604	92
2605	116
2606	106
2607	91
2608	121
2609	111
2610	115
2611	108
2612	109
2613	105
2614	116
2615	137
2616	117
2617	116
2618	102
2619	100
2620	123
2621	119
2622	107
2623	123
2624	135
2625	107
2626	124
2627	119
2628	105
2629	101
2630	129
2631	103
2632	135
2633	123
2634	134
2635	120
2636	131
2637	125
2638	134
2639	130
2640	136
2641	132
2642	123
2643	136
2644	143
2645	144
2646	136
2647	136
2648	120
2649	155
2650	128
2651	151
2652	160
2653	157
2654	179
2655	135
2656	143
2657	167
2658	133
2659	151
2660	163
2661	164
2662	153
2663	161
2664	165
2665	170
2666	179
2667	152
2668	165
2669	149
2670	175
2671	168
2672	165
2673	207
2674	185
2675	179
2676	170
2677	186
2678	193
2679	189
2680	185
2681	204
2682	189
2683	203
2684	204
2685	207
2686	209
2687	199
2688	233
2689	226
2690	232
2691	269
2692	259
2693	237
2694	241
2695	250
2696	241
2697	252
2698	255
2699	277
2700	242
2701	248
2702	263
2703	280
2704	322
2705	283
2706	308
2707	316
2708	309
2709	298
2710	270
2711	344
2712	315
2713	285
2714	344
2715	312
2716	361
2717	367
2718	368
2719	374
2720	403
2721	402
2722	409
2723	392
2724	388
2725	398
2726	438
2727	382
2728	450
2729	418
2730	411
2731	442
2732	438
2733	461
2734	435
2735	447
2736	490
2737	487
2738	525
2739	473
2740	487
2741	467
2742	486
2743	535
2744	496
2745	561
2746	547
2747	550
2748	588
2749	584
2750	631
2751	565
2752	648
2753	606
2754	593
2755	638
2756	640
2757	653
2758	662
2759	660
2760	724
2761	717
2762	728
2763	715
2764	695
2765	766
2766	749
2767	755
2768	750
2769	769
2770	784
2771	828
2772	853
2773	844
2774	790
2775	852
2776	857
2777	849
2778	846
2779	878
2780	919
2781	906
2782	925
2783	951
2784	983
2785	928
2786	962
2787	955
2788	998
2789	1091
2790	968
2791	1064
2792	1070
2793	1020
2794	1118
2795	1082
2796	1049
2797	1131
2798	1139
2799	1114
2800	1140
2801	1116
2802	1127
2803	1177
2804	1216
2805	1200
2806	1259
2807	1165
2808	1206
2809	1224
2810	1273
2811	1203
2812	1320
2813	1319
2814	1268
2815	1291
2816	1313
2817	1326
2818	1308
2819	1328
2820	1448
2821	1388
2822	1407
2823	1372
2824	1492
2825	1409
2826	1450
2827	1459
2828	1432
2829	1518
2830	1444
2831	1560
2832	1547
2833	1551
2834	1523
2835	1530
2836	1596
2837	1575
2838	1607
2839	1555
2840	1588
2841	1635
2842	1604
2843	1555
2844	1721
2845	1633
2846	1651
2847	1636
2848	1719
2849	1654
2850	1637
2851	1680
2852	1763
2853	1799
2854	1679
2855	1764
2856	1797
2857	1793
2858	1749
2859	1803
2860	1786
2861	1738
2862	1871
2863	1759
2864	1882
2865	1852
2866	1789
2867	1907
2868	1846
2869	1867
2870	1912
2871	1961
2872	1972
2873	1922
2874	1872
2875	1865
2876	1942
2877	1888
2878	1862
2879	1928
2880	2002
2881	1992
2882	1978
2883	2001
2884	1897
2885	1986
2886	1981
2887	1930
2888	1861
2889	1891
2890	2077
2891	1998
2892	1992
2893	1995
2894	2006
2895	2064
2896	1998
2897	1994
2898	2009
2899	2097
2900	1970
2901	2022
2902	1982
2903	1980
2904	1940
2905	2042
2906	1980
2907	1986
2908	2018
2909	2010
2910	2003
2911	2072
2912	2027
2913	2060
2914	1978
2915	2012
2916	1991
2917	1963
2918	2095
2919	2006
2920	2036
2921	2006
2922	1977
2923	1946
2924	1938
2925	1972
2926	2003
2927	1961
2928	2003
2929	1936
2930	2043
2931	1935
2932	1919
2933	1933
2934	1859
2935	1922
2936	1884
2937	1887
2938	1856
2939	1949
2940	1914
2941	1852
2942	1928
2943	1802
2944	1865
2945	1834
2946	1817
2947	1871
2948	1876
2949	1861
2950	1769
2951	1727
2952	1751
2953	1807
2954	1746
2955	1778
2956	1822
2957	1793
2958	1719
2959	1658
2960	1809
2961	1702
2962	1670
2963	1731
2964	1631
2965	1668
2966	1607
2967	1641
2968	1667
2969	1667
2970	1594
2971	1624
2972	1613
2973	1647
2974	1556
2975	1541
2976	1517
2977	1534
2978	1568
2979	1563
2980	1524
2981	1530
2982	1501
2983	1491
2984	1504
2985	1508
2986	1412
2987	1400
2988	1385
2989	1356
2990	1382
2991	1375
2992	1388
2993	1361
2994	1320
2995	1293
2996	1308
2997	1292
2998	1287
2999	1232
3000	1238
3001	1226
3002	1211
3003	1164
3004	1186
3005	1190
3006	1212
3007	1180
3008	1132
3009	1175
3010	1079
3011	1090
3012	1078
3013	1101
3014	999
3015	1083
3016	1072
3017	1069
3018	1030
3019	1012
3020	991
3021	963
3022	983
3023	1009
3024	929
3025	953
3026	914
3027	1008
3028	959
3029	839
3030	926
3031	923
3032	894
3033	878
3034	949
3035	875
3036	868
3037	852
3038	848
3039	798
3040	857
3041	799
3042	797
3043	814
3044	763
3045	751
3046	742
3047	673
3048	684
3049	721
3050	703
3051	651
3052	646
3053	671
3054	660
3055	608
3056	642
3057	656
3058	609
3059	608
3060	575
3061	578
3062	556
3063	590
3064	572
3065	567
3066	541
3067	552
3068	535
3069	509
3070	488
3071	479
3072	477
3073	453
3074	459
3075	471
3076	494
3077	442
3078	466
3079	437
3080	436
3081	438
3082	438
3083	430
3084	439
3085	421
3086	401
3087	359
3088	387
3089	380
3090	403
3091	367
3092	355
3093	339
3094	334
3095	363
3096	359
3097	360
3098	333
3099	300
3100	334
3101	324
3102	323
3103	278
3104	317
3105	327
3106	292
3107	308
3108	307
3109	278
3110	270
3111	244
3112	302
3113	260
3114	252
3115	232
3116	258
3117	268
3118	231
3119	248
3120	235
3121	219
3122	241
3123	218
3124	214
3125	210
3126	190
3127	206
3128	188
3129	197
3130	221
3131	176
3132	211
3133	194
3134	211
3135	190
3136	181
3137	197
3138	177
3139	180
3140	174
3141	170
3142	173
3143	178
3144	167
3145	178
3146	143
3147	173
3148	176
3149	143
3150	156
3151	144
3152	153
3153	153
3154	141
3155	128
3156	151
3157	130
3158	140
3159	169
3160	139
3161	150
3162	137
3163	127
3164	110
3165	125
3166	122
3167	136
3168	113
3169	120
3170	130
3171	132
3172	121
3173	127
3174	124
3175	115
3176	104
3177	107
3178	120
3179	126
3180	126
3181	133
3182	111
3183	126
3184	126
3185	114
3186	103
3187	108
3188	122
3189	99
3190	112
3191	95
3192	123
3193	100
3194	98
3195	118
3196	118
3197	102
3198	107
3199	95
3200	111
3201	103
3202	86
3203	115
3204	93
3205	98
3206	109
3207	94
3208	87
3209	91
3210	109
3211	87
3212	91
3213	94
3214	66
3215	90
3216	91
3217	98
3218	95
3219	111
3220	84
3221	95
3222	81
3223	87
3224	86
3225	104
3226	78
3227	94
3228	89
3229	88
3230	95
3231	99
3232	86
3233	89
3234	98
3235	83
3236	79
3237	76
3238	86
3239	96
3240	95
3241	92
3242	73
3243	73
3244	86
3245	95
3246	96
3247	69
3248	74
3249	76
3250	88
3251	91
3252	93
3253	73
3254	101
3255	81
3256	81
3257	70
3258	70
3259	82
3260	75
3261	84
3262	93
3263	80
3264	84
3265	82
3266	69
3267	80
3268	92
3269	77
3270	85
3271	94
3272	82
3273	70
3274	85
3275	91
3276	76
3277	91
3278	94
3279	80
3280	70
3281	91
3282	88
3283	88
3284	82
3285	98
3286	106
3287	87
3288	84
3289	82
3290	74
3291	66
3292	80
3293	93
3294	79
3295	83
3296	86
3297	69
3298	72
3299	83
3300	73
3301	71
3302	69
3303	62
3304	82
3305	70
3306	76
3307	73
3308	79
3309	74
3310	63
3311	72
3312	91
3313	76
3314	66
3315	81
3316	76
3317	72
3318	89
3319	81
3320	63
3321	72
3322	68
3323	89
3324	96
3325	91
3326	90
3327	90
3328	68
3329	73
3330	82
3331	86
3332	61
3333	80
3334	77
3335	93
3336	77
3337	67
3338	71
3339	51
3340	60
3341	79
3342	69
3343	93
3344	58
3345	68
3346	79
3347	67
3348	78
3349	62
3350	83
3351	77
3352	61
3353	75
3354	71
3355	68
3356	75
3357	63
3358	60
3359	74
3360	90
3361	81
3362	75
3363	65
3364	65
3365	79
3366	87
3367	84
3368	73
3369	60
3370	59
3371	66
3372	75
3373	84
3374	78
3375	89
3376	74
3377	81
3378	71
3379	83
3380	54
3381	72
3382	76
3383	56
3384	77
3385	81
3386	79
3387	63
3388	62
3389	91
3390	62
3391	64
3392	77
3393	79
3394	74
3395	68
3396	75
3397	77
3398	78
3399	86
3400	70
3401	76
3402	67
3403	76
3404	70
3405	66
3406	79
3407	71
3408	75
3409	86
3410	84
3411	91
3412	63
3413	83
3414	80
3415	73
3416	70
3417	60
3418	58
3419	65
3420	68
3421	84
3422	79
3423	74
3424	87
3425	70
3426	68
3427	58
3428	72
3429	59
3430	73
3431	65
3432	89
3433	77
3434	71
3435	68
3436	64
3437	72
3438	65
3439	78
3440	80
3441	70
3442	66
3443	67
3444	65
3445	55
3446	69
3447	70
3448	73
3449	84
3450	71
3451	58
3452	68
3453	72
3454	73
3455	74
3456	73
3457	72
3458	69
3459	65
3460	65
3461	61
3462	81
3463	84
3464	61
3465	77
3466	71
3467	71
3468	67
3469	67
3470	59
3471	59
3472	69
3473	56
3474	70
3475	65
3476	65
3477	73
3478	70
3479	75
3480	75
3481	78
3482	66
3483	62
3484	80
3485	76
3486	60
3487	56
3488	74
3489	72
3490	56
3491	81
3492	59
3493	83
3494	66
3495	72
3496	85
3497	53
3498	69
3499	62
3500	68
3501	66
3502	80
3503	76
3504	81
3505	61
3506	70
3507	76
3508	60
3509	87
3510	60
3511	67
3512	77
3513	75
3514	74
3515	67
3516	68
3517	66
3518	68
3519	73
3520	73
3521	70
3522	92
3523	72
3524	70
3525	76
3526	66
3527	55
3528	73
3529	54
3530	71
3531	76
3532	63
3533	70
3534	76
3535	66
3536	70
3537	65
3538	68
3539	77
3540	60
3541	73
3542	55
3543	67
3544	84
3545	65
3546	67
3547	76
3548	74
3549	72
3550	64
3551	75
3552	72
3553	66
3554	65
3555	77
3556	74
3557	76
3558	54
3559	72
3560	57
3561	67
3562	74
3563	68
3564	75
3565	80
3566	66
3567	80
3568	67
3569	69
3570	74
3571	72
3572	85
3573	65
3574	64
3575	72
3576	80
3577	71
3578	70
3579	59
3580	67
3581	71
3582	68
3583	74
3584	72
3585	70
3586	74
3587	74
3588	85
3589	63
3590	74
3591	68
3592	72
3593	61
3594	65
3595	78
3596	71
3597	78
3598	82
3599	82
3600	69
3601	71
3602	74
3603	65
3604	70
3605	67
3606	70
3607	66
3608	53
3609	72
3610	69
3611	68
3612	65
3613	61
3614	45
3615	75
3616	68
3617	59
3618	61
3619	70
3620	72
3621	74
3622	67
3623	80
3624	70
3625	59
3626	72
3627	74
3628	71
3629	61
3630	79
3631	59
3632	77
3633	70
3634	70
3635	61
3636	62
3637	77
3638	65
3639	61
3640	66
3641	70
3642	59
3643	57
3644	73
3645	68
3646	59
3647	62
3648	65
3649	58
3650	80
3651	64
3652	67
3653	54
3654	75
3655	80
3656	62
3657	66
3658	66
3659	54
3660	74
3661	66
3662	56
3663	51
3664	64
3665	62
3666	63
3667	62
3668	62
3669	72
3670	71
3671	84
3672	60
3673	73
3674	79
3675	77
3676	80
3677	91
3678	77
3679	82
3680	66
3681	72
3682	74
3683	67
3684	66
3685	70
3686	64
3687	58
3688	82
3689	74
3690	75
3691	74
3692	83
3693	84
3694	61
3695	57
3696	79
3697	78
3698	67
3699	77
3700	80
3701	73
3702	73
3703	69
3704	43
3705	61
3706	68
3707	66
3708	63
3709	70
3710	85
3711	62
3712	59
3713	68
3714	84
3715	73
3716	70
3717	41
3718	63
3719	75
3720	76
3721	62
3722	62
3723	73
3724	72
3725	61
3726	67
3727	64
3728	64
3729	80
3730	88
3731	66
3732	77
3733	76
3734	67
3735	58
3736	61
3737	62
3738	76
3739	67
3740	67
3741	80
3742	63
3743	74
3744	76
3745	68
3746	73
3747	77
3748	62
3749	62
3750	71
3751	78
3752	70
3753	78
3754	74
3755	62
3756	78
3757	69
3758	66
3759	62
3760	75
3761	73
3762	71
3763	69
3764	89
3765	71
3766	73
3767	57
3768	75
3769	60
3770	83
3771	77
3772	95
3773	81
3774	75
3775	62
3776	93
3777	76
3778	69
3779	81
3780	82
3781	73
3782	75
3783	82
3784	57
3785	82
3786	72
3787	60
3788	53
3789	74
3790	74
3791	83
3792	63
3793	60
3794	68
3795	59
3796	81
3797	75
3798	71
3799	75
3800	70
3801	79
3802	93
3803	71
3804	61
3805	69
3806	87
3807	59
3808	68
3809	77
3810	70
3811	65
3812	68
3813	80
3814	67
3815	95
3816	87
3817	71
3818	81
3819	77
3820	76
3821	79
3822	80
3823	88
3824	69
3825	80
3826	75
3827	77
3828	85
3829	91
3830	71
3831	75
3832	80
3833	70
3834	85
3835	76
3836	71
3837	60
3838	73
3839	73
3840	95
3841	77
3842	82
3843	81
3844	85
3845	78
3846	71
3847	47
3848	63
3849	77
3850	96
3851	75
3852	72
3853	79
3854	75
3855	68
3856	93
3857	74
3858	75
3859	73
3860	78
3861	70
3862	72
3863	76
3864	67
3865	80
3866	89
3867	69
3868	65
3869	72
3870	83
3871	74
3872	78
3873	78
3874	86
3875	73
3876	76
3877	94
3878	69
3879	72
3880	75
3881	79
3882	70
3883	78
3884	62
3885	83
3886	84
3887	81
3888	70
3889	69
3890	92
3891	73
3892	89
3893	81
3894	82
3895	77
3896	79
3897	67
3898	93
3899	77
3900	80
3901	87
3902	75
3903	84
3904	89
3905	82
3906	70
3907	70
3908	82
3909	74
3910	96
3911	90
3912	78
3913	90
3914	82
3915	93
3916	79
3917	81
3918	77
3919	70
3920	92
3921	70
3922	85
3923	82
3924	89
3925	84
3926	68
3927	90
3928	83
3929	84
3930	89
3931	76
3932	82
3933	66
3934	65
3935	74
3936	70
3937	84
3938	85
3939	73
3940	87
3941	73
3942	68
3943	67
3944	85
3945	95
3946	74
3947	81
3948	82
3949	78
3950	85
3951	86
3952	82
3953	73
3954	86
3955	77
3956	67
3957	83
3958	72
3959	89
3960	76
3961	77
3962	89
3963	81
3964	71
3965	69
3966	71
3967	68
3968	77
3969	81
3970	82
3971	75
3972	68
3973	74
3974	80
3975	81
3976	75
3977	76
3978	72
3979	84
3980	87
3981	80
3982	74
3983	76
3984	88
3985	70
3986	81
3987	81
3988	80
3989	76
3990	80
3991	80
3992	82
3993	78
3994	74
3995	73
3996	79
3997	83
3998	80
3999	73
4000	81
4001	85
4002	69
4003	81
4004	86
4005	75
4006	78
4007	81
4008	74
4009	75
4010	81
4011	66
4012	72
4013	84
4014	77
4015	90
4016	77
4017	79
4018	84
4019	65
4020	81
4021	79
4022	78
4023	69
4024	79
4025	80
4026	68
4027	100
4028	95
4029	68
4030	74
4031	86
4032	69
4033	76
4034	79
4035	75
4036	83
4037	74
4038	76
4039	78
4040	83
4041	86
4042	82
4043	94
4044	74
4045	84
4046	91
4047	70
4048	87
4049	84
4050	77
4051	84
4052	89
4053	69
4054	81
4055	72
4056	84
4057	95
4058	75
4059	82
4060	62
4061	86
4062	92
4063	64
4064	64
4065	80
4066	65
4067	78
4068	81
4069	73
4070	74
4071	79
4072	94
4073	83
4074	84
4075	75
4076	76
4077	66
4078	72
4079	72
4080	76
4081	79
4082	68
4083	65
4084	66
4085	67
4086	74
4087	81
4088	68
4089	80
4090	75
4091	82
4092	67
4093	72
4094	63
4095	82
4096	74
4097	90
4098	69
4099	75
4100	75
4101	62
4102	62
4103	61
4104	71
4105	86
4106	63
4107	60
4108	59
4109	75
4110	68
4111	87
4112	47
4113	69
4114	68
4115	74
4116	67
4117	74
4118	74
4119	64
4120	75
4121	70
4122	84
4123	75
4124	67
4125	60
4126	88
4127	88
4128	93
4129	75
4130	80
4131	75
4132	61
4133	74
4134	65
4135	61
4136	90
4137	63
4138	85
4139	66
4140	56
4141	56
4142	92
4143	66
4144	77
4145	69
4146	73
4147	56
4148	66
4149	63
4150	76
4151	96
4152	70
4153	69
4154	67
4155	74
4156	86
4157	91
4158	71
4159	63
4160	65
4161	69
4162	80
4163	72
4164	65
4165	60
4166	63
4167	84
4168	61
4169	53
4170	68
4171	79
4172	64
4173	68
4174	76
4175	73
4176	66
4177	69
4178	71
4179	68
4180	75
4181	61
4182	73
4183	65
4184	71
4185	72
4186	84
4187	56
4188	54
4189	73
4190	63
4191	74
4192	55
4193	56
4194	62
4195	74
4196	67
4197	57
4198	60
4199	91
4200	67
4201	62
4202	51
4203	54
4204	70
4205	71
4206	79
4207	60
4208	74
4209	60
4210	78
4211	59
4212	61
4213	71
4214	82
4215	73
4216	67
4217	63
4218	73
4219	70
4220	58
4221	63
4222	77
4223	68
4224	79
4225	65
4226	58
4227	61
4228	58
4229	76
4230	68
4231	71
4232	85
4233	68
4234	80
4235	60
4236	61
4237	84
4238	87
4239	61
4240	72
4241	65
4242	62
4243	78
4244	58
4245	69
4246	63
4247	77
4248	67
4249	70
4250	56
4251	83
4252	57
4253	71
4254	78
4255	76
4256	60
4257	69
4258	71
4259	67
4260	77
4261	69
4262	68
4263	67
4264	76
4265	76
4266	75
4267	60
4268	68
4269	67
4270	59
4271	74
4272	82
4273	71
4274	71
4275	58
4276	67
4277	53
4278	66
4279	74
4280	71
4281	60
4282	58
4283	57
4284	68
4285	56
4286	59
4287	71
4288	51
4289	61
4290	59
4291	74
4292	70
4293	72
4294	69
4295	76
4296	68
4297	65
4298	79
4299	54
4300	84
4301	76
4302	54
4303	78
4304	63
4305	66
4306	59
4307	71
4308	65
4309	64
4310	74
4311	63
4312	66
4313	51
4314	63
4315	67
4316	55
4317	63
4318	49
4319	59
4320	60
4321	67
4322	57
4323	67
4324	56
4325	53
4326	45
4327	70
4328	65
4329	55
4330	68
4331	70
4332	66
4333	54
4334	71
4335	66
4336	71
4337	67
4338	70
4339	82
4340	58
4341	60
4342	76
4343	59
4344	54
4345	71
4346	71
4347	56
4348	64
4349	60
4350	58
4351	51
4352	70
4353	76
4354	54
4355	71
4356	70
4357	56
4358	66
4359	64
4360	72
4361	69
4362	65
4363	64
4364	64
4365	72
4366	61
4367	70
4368	71
4369	55
4370	70
4371	62
4372	60
4373	79
4374	72
4375	80
4376	68
4377	63
4378	62
4379	65
4380	70
4381	57
4382	66
4383	63
4384	64
4385	72
4386	62
4387	61
4388	60
4389	66
4390	64
4391	56
4392	68
4393	69
4394	52
4395	70
4396	73
4397	79
4398	68
4399	75
4400	59
4401	61
4402	72
4403	60
4404	62
4405	74
4406	66
4407	62
4408	62
4409	76
4410	52
4411	56
4412	69
4413	73
4414	60
4415	58
4416	65
4417	68
4418	55
4419	72
4420	62
4421	59
4422	72
4423	67
4424	64
4425	72
4426	60
4427	71
4428	62
4429	68
4430	69
4431	75
4432	59
4433	62
4434	74
4435	77
4436	44
4437	68
4438	68
4439	72
4440	70
4441	55
4442	69
4443	73
4444	57
4445	69
4446	52
4447	64
4448	52
4449	69
4450	64
4451	72
4452	78
4453	59
4454	70
4455	60
4456	61
4457	61
4458	67
4459	50
4460	62
4461	54
4462	70
4463	58
4464	68
4465	64
4466	54
4467	64
4468	70
4469	49
4470	65
4471	58
4472	50
4473	56
4474	63
4475	60
4476	57
4477	75
4478	61
4479	67
4480	65
4481	71
4482	66
4483	63
4484	74
4485	58
4486	56
4487	67
4488	81
4489	58
4490	61
4491	56
4492	73
4493	62
4494	64
4495	70
4496	75
4497	64
4498	70
4499	55
4500	62
4501	51
4502	58
4503	68
4504	66
4505	68
4506	57
4507	62
4508	73
4509	61
4510	66
4511	51
4512	56
4513	55
4514	61
4515	54
4516	57
4517	62
4518	65
4519	59
4520	64
4521	67
4522	53
4523	72
4524	67
4525	71
4526	73
4527	63
4528	72
4529	49
4530	60
4531	56
4532	72
4533	68
4534	47
4535	80
4536	60
4537	64
4538	60
4539	55
4540	67
4541	61
4542	56
4543	65
4544	65
4545	53
4546	53
4547	68
4548	60
4549	70
4550	64
4551	65
4552	68
4553	60
4554	51
4555	55
4556	61
4557	73
4558	60
4559	61
4560	66
4561	64
4562	81
4563	60
4564	66
4565	55
4566	54
4567	58
4568	65
4569	60
4570	72
4571	68
4572	52
4573	67
4574	62
4575	54
4576	46
4577	55
4578	78
4579	63
4580	67
4581	69
4582	49
4583	62
4584	73
4585	64
4586	59
4587	69
4588	63
4589	69
4590	67
4591	64
4592	62
4593	58
4594	66
4595	72
4596	52
4597	64
4598	65
4599	61
4600	67
4601	64
4602	57
4603	65
4604	56
4605	72
4606	64
4607	49
4608	47
4609	56
4610	61
4611	56
4612	58
4613	64
4614	59
4615	68
4616	66
4617	85
4618	57
4619	72
4620	60
4621	78
4622	59
4623	56
4624	68
4625	61
4626	59
4627	55
4628	59
4629	56
4630	62
4631	56
4632	60
4633	56
4634	61
4635	51
4636	55
4637	58
4638	47
4639	63
4640	61
4641	71
4642	63
4643	57
4644	57
4645	55
4646	68
4647	59
4648	67
4649	66
4650	52
4651	63
4652	50
4653	62
4654	65
4655	63
4656	70
4657	64
4658	66
4659	60
4660	59
4661	66
4662	58
4663	54
4664	68
4665	57
4666	49
4667	64
4668	73
4669	59
4670	65
4671	47
4672	75
4673	55
4674	64
4675	74
4676	52
4677	50
4678	61
4679	54
4680	54
4681	67
4682	68
4683	71
4684	71
4685	58
4686	69
4687	74
4688	78
4689	59
4690	65
4691	61
4692	59
4693	53
4694	64
4695	61
4696	62
4697	54
4698	53
4699	57
4700	56
4701	58
4702	69
4703	77
4704	52
4705	55
4706	50
4707	65
4708	51
4709	66
4710	65
4711	56
4712	68
4713	61
4714	66
4715	59
4716	60
4717	71
4718	59
4719	64
4720	67
4721	48
4722	68
4723	53
4724	57
4725	72
4726	72
4727	71
4728	60
4729	66
4730	65
4731	68
4732	48
4733	60
4734	65
4735	60
4736	82
4737	47
4738	54
4739	59
4740	48
4741	64
4742	57
4743	55
4744	66
4745	56
4746	63
4747	75
4748	63
4749	66
4750	65
4751	50
4752	48
4753	51
4754	61
4755	82
4756	50
4757	63
4758	64
4759	85
4760	63
4761	58
4762	66
4763	66
4764	57
4765	49
4766	58
4767	59
4768	68
4769	76
4770	66
4771	60
4772	69
4773	64
4774	48
4775	83
4776	68
4777	63
4778	61
4779	49
4780	64
4781	52
4782	67
4783	53
4784	57
4785	67
4786	61
4787	62
4788	56
4789	64
4790	55
4791	63
4792	58
4793	60
4794	54
4795	62
4796	50
4797	66
4798	65
4799	66
4800	66
4801	49
4802	51
4803	48
4804	60
4805	65
4806	63
4807	55
4808	63
4809	54
4810	60
4811	65
4812	57
4813	70
4814	53
4815	47
4816	68
4817	62
4818	54
4819	52
4820	53
4821	63
4822	68
4823	80
4824	58
4825	45
4826	69
4827	69
4828	59
4829	63
4830	68
4831	54
4832	64
4833	61
4834	58
4835	55
4836	51
4837	60
4838	69
4839	61
4840	39
4841	60
4842	56
4843	66
4844	44
4845	49
4846	73
4847	72
4848	58
4849	68
4850	69
4851	49
4852	66
4853	52
4854	60
4855	63
4856	70
4857	48
4858	60
4859	81
4860	54
4861	61
4862	64
4863	60
4864	65
4865	56
4866	45
4867	49
4868	70
4869	66
4870	64
4871	70
4872	62
4873	54
4874	69
4875	58
4876	59
4877	59
4878	65
4879	59
4880	76
4881	56
4882	57
4883	48
4884	62
4885	61
4886	56
4887	57
4888	55
4889	61
4890	51
4891	66
4892	51
4893	54
4894	60
4895	72
4896	77
4897	48
4898	47
4899	66
4900	59
4901	66
4902	61
4903	57
4904	68
4905	61
4906	53
4907	67
4908	68
4909	62
4910	55
4911	49
4912	52
4913	50
4914	62
4915	56
4916	59
4917	69
4918	63
4919	69
4920	60
4921	69
4922	58
4923	69
4924	52
4925	63
4926	50
4927	70
4928	57
4929	61
4930	80
4931	60
4932	50
4933	68
4934	73
4935	57
4936	58
4937	57
4938	60
4939	65
4940	75
4941	61
4942	44
4943	60
4944	53
4945	63
4946	65
4947	58
4948	45
4949	71
4950	58
4951	53
4952	60
4953	51
4954	70
4955	62
4956	55
4957	65
4958	65
4959	58
4960	69
4961	64
4962	61
4963	65
4964	64
4965	64
4966	60
4967	61
4968	67
4969	58
4970	58
4971	77
4972	61
4973	50
4974	75
4975	77
4976	59
4977	54
4978	60
4979	72
4980	68
4981	76
4982	75
4983	55
4984	69
4985	68
4986	64
4987	59
4988	59
4989	59
4990	56
4991	63
4992	60
4993	72
4994	68
4995	63
4996	52
4997	56
4998	67
4999	47
5000	57
5001	63
5002	54
5003	65
5004	58
5005	59
5006	59
5007	60
5008	75
5009	83
5010	61
5011	70
5012	55
5013	63
5014	68
5015	51
5016	79
5017	67
5018	64
5019	71
5020	62
5021	62
5022	59
5023	41
5024	60
5025	62
5026	65
5027	58
5028	62
5029	58
5030	63
5031	65
5032	53
5033	75
5034	63
5035	54
5036	64
5037	59
5038	53
5039	58
5040	61
5041	58
5042	76
5043	57
5044	66
5045	58
5046	64
5047	69
5048	54
5049	82
5050	69
5051	56
5052	64
5053	62
5054	50
5055	61
5056	54
5057	59
5058	58
5059	58
5060	65
5061	73
5062	65
5063	62
5064	54
5065	54
5066	52
5067	60
5068	72
5069	71
5070	63
5071	71
5072	69
5073	58
5074	61
5075	63
5076	56
5077	75
5078	71
5079	75
5080	74
5081	67
5082	62
5083	64
5084	68
5085	72
5086	74
5087	79
5088	67
5089	65
5090	61
5091	63
5092	61
5093	66
5094	57
5095	54
5096	76
5097	76
5098	61
5099	74
5100	71
5101	61
5102	64
5103	59
5104	71
5105	52
5106	71
5107	73
5108	63
5109	56
5110	75
5111	65
5112	63
5113	64
5114	55
5115	53
5116	53
5117	57
5118	51
5119	52
5120	72
5121	66
5122	64
5123	61
5124	77
5125	64
5126	68
5127	57
5128	62
5129	72
5130	68
5131	58
5132	72
5133	63
5134	69
5135	69
5136	60
5137	85
5138	57
5139	72
5140	55
5141	59
5142	64
5143	67
5144	64
5145	57
5146	55
5147	65
5148	48
5149	58
5150	64
5151	52
5152	55
5153	64
5154	72
5155	56
5156	68
5157	63
5158	71
5159	68
5160	73
5161	62
5162	48
5163	68
5164	59
5165	61
5166	62
5167	61
5168	63
5169	79
5170	64
5171	56
5172	64
5173	65
5174	57
5175	74
5176	77
5177	58
5178	71
5179	56
5180	69
5181	63
5182	77
5183	59
5184	81
5185	62
5186	54
5187	65
5188	68
5189	50
5190	68
5191	56
5192	81
5193	70
5194	56
5195	60
5196	71
5197	55
5198	72
5199	55
5200	61
5201	80
5202	71
5203	73
5204	70
5205	65
5206	63
5207	65
5208	60
5209	65
5210	63
5211	61
5212	65
5213	74
5214	65
5215	69
5216	59
5217	59
5218	58
5219	74
5220	50
5221	63
5222	66
5223	59
5224	58
5225	65
5226	70
5227	68
5228	65
5229	66
5230	67
5231	66
5232	52
5233	59
5234	62
5235	72
5236	61
5237	70
5238	76
5239	57
5240	54
5241	73
5242	79
5243	78
5244	78
5245	73
5246	75
5247	77
5248	71
5249	63
5250	67
5251	81
5252	73
5253	77
5254	61
5255	65
5256	63
5257	51
5258	56
5259	76
5260	59
5261	66
5262	60
5263	72
5264	55
5265	70
5266	53
5267	78
5268	65
5269	58
5270	60
5271	62
5272	71
5273	69
5274	66
5275	59
5276	67
5277	79
5278	79
5279	74
5280	64
5281	75
5282	59
5283	69
5284	54
5285	74
5286	66
5287	61
5288	78
5289	62
5290	63
5291	65
5292	76
5293	61
5294	66
5295	72
5296	73
5297	59
5298	57
5299	66
5300	53
5301	64
5302	73
5303	60
5304	65
5305	72
5306	63
5307	66
5308	63
5309	61
5310	71
5311	55
5312	72
5313	53
5314	57
5315	63
5316	62
5317	76
5318	68
5319	81
5320	67
5321	78
5322	55
5323	74
5324	68
5325	56
5326	64
5327	72
5328	66
5329	67
5330	79
5331	65
5332	79
5333	63
5334	77
5335	82
5336	75
5337	65
5338	73
5339	63
5340	66
5341	71
5342	62
5343	65
5344	63
5345	77
5346	61
5347	57
5348	54
5349	72
5350	56
5351	77
5352	59
5353	64
5354	68
5355	62
5356	54
5357	72
5358	51
5359	70
5360	76
5361	70
5362	71
5363	65
5364	57
5365	67
5366	66
5367	75
5368	69
5369	71
5370	78
5371	64
5372	71
5373	66
5374	65
5375	65
5376	72
5377	73
5378	70
5379	68
5380	66
5381	71
5382	63
5383	63
5384	61
5385	54
5386	69
5387	50
5388	66
5389	62
5390	62
5391	74
5392	58
5393	74
5394	82
5395	56
5396	76
5397	71
5398	55
5399	72
5400	77
5401	61
5402	66
5403	64
5404	64
5405	84
5406	71
5407	57
5408	64
5409	51
5410	75
5411	68
5412	86
5413	50
5414	77
5415	71
5416	66
5417	87
5418	64
5419	62
5420	74
5421	73
5422	81
5423	64
5424	76
5425	62
5426	67
5427	74
5428	65
5429	69
5430	75
5431	79
5432	68
5433	80
5434	77
5435	71
5436	74
5437	69
5438	68
5439	78
5440	73
5441	75
5442	67
5443	72
5444	70
5445	74
5446	79
5447	78
5448	82
5449	84
5450	66
5451	70
5452	71
5453	73
5454	79
5455	71
5456	72
5457	64
5458	75
5459	75
5460	90
5461	74
5462	67
5463	75
5464	62
5465	77
5466	66
5467	74
5468	63
5469	68
5470	63
5471	73
5472	75
5473	60
5474	72
5475	67
5476	84
5477	87
5478	62
5479	70
5480	91
5481	76
5482	84
5483	77
5484	76
5485	80
5486	72
5487	80
5488	75
5489	70
5490	64
5491	74
5492	61
5493	78
5494	72
5495	71
5496	88
5497	68
5498	66
5499	62
5500	72
5501	74
5502	75
5503	81
5504	63
5505	64
5506	58
5507	73
5508	67
5509	78
5510	62
5511	82
5512	77
5513	74
5514	64
5515	77
5516	70
5517	73
5518	73
5519	78
5520	71
5521	71
5522	91
5523	76
5524	68
5525	87
5526	65
5527	66
5528	76
5529	80
5530	70
5531	64
5532	65
5533	61
5534	71
5535	78
5536	75
5537	78
5538	67
5539	78
5540	80
5541	73
5542	63
5543	71
5544	64
5545	66
5546	72
5547	70
5548	76
5549	66
5550	79
5551	64
5552	77
5553	52
5554	69
5555	74
5556	66
5557	75
5558	65
5559	66
5560	56
5561	87
5562	66
5563	79
5564	73
5565	91
5566	89
5567	59
5568	68
5569	67
5570	64
5571	67
5572	69
5573	69
5574	74
5575	83
5576	64
5577	75
5578	65
5579	66
5580	61
5581	67
5582	76
5583	89
5584	82
5585	68
5586	89
5587	75
5588	84
5589	73
5590	72
5591	72
5592	56
5593	73
5594	76
5595	62
5596	75
5597	77
5598	73
5599	80
5600	81
5601	76
5602	98
5603	74
5604	87
5605	83
5606	61
5607	74
5608	73
5609	81
5610	80
5611	72
5612	84
5613	78
5614	77
5615	82
5616	80
5617	58
5618	73
5619	71
5620	53
5621	82
5622	69
5623	78
5624	83
5625	61
5626	80
5627	87
5628	91
5629	67
5630	70
5631	68
5632	58
5633	85
5634	70
5635	75
5636	71
5637	60
5638	72
5639	70
5640	77
5641	52
5642	87
5643	75
5644	80
5645	80
5646	66
5647	57
5648	76
5649	81
5650	77
5651	73
5652	60
5653	68
5654	74
5655	66
5656	85
5657	66
5658	77
5659	80
5660	77
5661	106
5662	88
5663	78
5664	83
5665	82
5666	84
5667	70
5668	74
5669	79
5670	70
5671	68
5672	73
5673	86
5674	67
5675	67
5676	77
5677	74
5678	81
5679	71
5680	77
5681	73
5682	72
5683	81
5684	80
5685	60
5686	80
5687	71
5688	74
5689	80
5690	71
5691	60
5692	74
5693	78
5694	65
5695	60
5696	74
5697	83
5698	66
5699	72
5700	69
5701	63
5702	76
5703	83
5704	67
5705	86
5706	64
5707	78
5708	80
5709	75
5710	67
5711	71
5712	71
5713	71
5714	95
5715	68
5716	70
5717	63
5718	86
5719	66
5720	82
5721	75
5722	89
5723	81
5724	66
5725	78
5726	76
5727	70
5728	71
5729	57
5730	67
5731	57
5732	66
5733	73
5734	70
5735	59
5736	83
5737	82
5738	61
5739	49
5740	57
5741	74
5742	66
5743	69
5744	79
5745	83
5746	54
5747	68
5748	63
5749	68
5750	68
5751	71
5752	63
5753	79
5754	57
5755	62
5756	62
5757	61
5758	73
5759	64
5760	69
5761	70
5762	65
5763	62
5764	63
5765	69
5766	63
5767	62
5768	57
5769	53
5770	62
5771	83
5772	81
5773	72
5774	64
5775	69
5776	61
5777	80
5778	67
5779	70
5780	79
5781	72
5782	57
5783	68
5784	69
5785	64
5786	53
5787	63
5788	78
5789	67
5790	58
5791	54
5792	73
5793	64
5794	64
5795	51
5796	60
5797	57
5798	64
5799	56
5800	59
5801	47
5802	55
5803	59
5804	61
5805	50
5806	62
5807	62
5808	65
5809	56
5810	54
5811	76
5812	61
5813	67
5814	56
5815	66
5816	72
5817	57
5818	65
5819	67
5820	49
5821	68
5822	65
5823	60
5824	59
5825	62
5826	69
5827	61
5828	57
5829	55
5830	76
5831	57
5832	66
5833	70
5834	58
5835	54
5836	70
5837	54
5838	74
5839	69
5840	63
5841	67
5842	61
5843	48
5844	57
5845	50
5846	58
5847	61
5848	54
5849	54
5850	46
5851	59
5852	55
5853	55
5854	57
5855	67
5856	62
5857	50
5858	67
5859	64
5860	48
5861	55
5862	53
5863	59
5864	60
5865	54
5866	52
5867	44
5868	51
5869	42
5870	56
5871	56
5872	60
5873	67
5874	58
5875	51
5876	42
5877	54
5878	66
5879	58
5880	61
5881	51
5882	59
5883	51
5884	47
5885	66
5886	52
5887	47
5888	59
5889	55
5890	55
5891	50
5892	39
5893	53
5894	61
5895	45
5896	53
5897	40
5898	45
5899	49
5900	46
5901	59
5902	57
5903	41
5904	50
5905	55
5906	46
5907	43
5908	42
5909	48
5910	41
5911	51
5912	56
5913	52
5914	53
5915	39
5916	40
5917	46
5918	50
5919	46
5920	55
5921	59
5922	52
5923	53
5924	54
5925	52
5926	42
5927	50
5928	58
5929	46
5930	60
5931	34
5932	51
5933	53
5934	47
5935	46
5936	48
5937	49
5938	51
5939	43
5940	46
5941	49
5942	38
5943	46
5944	59
5945	47
5946	45
5947	53
5948	40
5949	52
5950	57
5951	44
5952	48
5953	52
5954	42
5955	47
5956	37
5957	44
5958	38
5959	56
5960	55
5961	47
5962	29
5963	47
5964	41
5965	47
5966	49
5967	63
5968	43
5969	53
5970	38
5971	56
5972	39
5973	47
5974	40
5975	45
5976	46
5977	36
5978	34
5979	42
5980	45
5981	53
5982	37
5983	45
5984	43
5985	38
5986	36
5987	38
5988	48
5989	36
5990	32
5991	50
5992	44
5993	37
5994	32
5995	54
5996	37
5997	49
5998	43
5999	35
6000	39
6001	38
6002	30
6003	31
6004	38
6005	33
6006	45
6007	49
6008	33
6009	43
6010	27
6011	32
6012	32
6013	36
6014	26
6015	44
6016	36
6017	43
6018	29
6019	28
6020	37
6021	37
6022	54
6023	42
6024	38
6025	39
6026	31
6027	28
6028	36
6029	41
6030	29
6031	23
6032	36
6033	42
6034	32
6035	36
6036	37
6037	39
6038	28
6039	35
6040	34
6041	38
6042	53
6043	33
6044	29
6045	28
6046	23
6047	35
6048	31
6049	38
6050	36
6051	44
6052	40
6053	42
6054	36
6055	27
6056	24
6057	42
6058	30
6059	32
6060	26
6061	23
6062	36
6063	35
6064	29
6065	32
6066	34
6067	32
6068	36
6069	29
6070	29
6071	18
6072	30
6073	23
6074	34
6075	32
6076	26
6077	29
6078	26
6079	31
6080	30
6081	28
6082	39
6083	32
6084	42
6085	41
6086	32
6087	34
6088	42
6089	33
6090	31
6091	30
6092	32
6093	23
6094	40
6095	43
6096	36
6097	27
6098	23
6099	28
6100	31
6101	24
6102	38
6103	25
6104	35
6105	35
6106	32
6107	44
6108	36
6109	35
6110	25
6111	26
6112	26
6113	27
6114	40
6115	18
6116	34
6117	38
6118	27
6119	37
6120	22
6121	28
6122	39
6123	26
6124	33
6125	30
6126	18
6127	21
6128	29
6129	23
6130	43
6131	34
6132	35
6133	27
6134	34
6135	27
6136	26
6137	25
6138	38
6139	31
6140	27
6141	23
6142	23
6143	33
6144	34
6145	28
6146	13
6147	25
6148	31
6149	25
6150	23
6151	26
6152	26
6153	22
6154	39
6155	30
6156	30
6157	38
6158	20
6159	20
6160	21
6161	38
6162	29
6163	31
6164	37
6165	35
6166	40
6167	26
6168	31
6169	27
6170	32
6171	28
6172	27
6173	26
6174	33
6175	33
6176	18
6177	29
6178	17
6179	23
6180	20
6181	28
6182	24
6183	28
6184	23
6185	21
6186	30
6187	34
6188	14
6189	22
6190	30
6191	21
6192	37
6193	30
6194	22
6195	20
6196	27
6197	32
6198	15
6199	14
6200	32
6201	22
6202	24
6203	30
6204	27
6205	22
6206	31
6207	30
6208	29
6209	27
6210	29
6211	24
6212	21
6213	16
6214	31
6215	32
6216	24
6217	22
6218	30
6219	30
6220	30
6221	18
6222	22
6223	31
6224	21
6225	26
6226	28
6227	22
6228	22
6229	23
6230	26
6231	29
6232	23
6233	25
6234	29
6235	27
6236	20
6237	20
6238	23
6239	25
6240	31
6241	22
6242	23
6243	31
6244	17
6245	20
6246	28
6247	22
6248	27
6249	21
6250	33
6251	21
6252	21
6253	20
6254	25
6255	25
6256	23
6257	27
6258	24
6259	11
6260	12
6261	20
6262	24
6263	30
6264	21
6265	21
6266	22
6267	28
6268	30
6269	28
6270	28
6271	26
6272	24
6273	24
6274	29
6275	17
6276	27
6277	24
6278	29
6279	22
6280	23
6281	27
6282	22
6283	21
6284	31
6285	21
6286	24
6287	18
6288	22
6289	15
6290	29
6291	21
6292	24
6293	15
6294	20
6295	22
6296	22
6297	14
6298	27
6299	17
6300	26
6301	21
6302	20
6303	15
6304	30
6305	15
6306	26
6307	19
6308	21
6309	24
6310	20
6311	16
6312	18
6313	27
6314	22
6315	22
6316	23
6317	20
6318	21
6319	22
6320	16
6321	23
6322	24
6323	15
6324	30
6325	30
6326	26
6327	26
6328	35
6329	19
6330	21
6331	24
6332	26
6333	29
6334	20
6335	22
6336	12
6337	12
6338	23
6339	23
6340	18
6341	23
6342	27
6343	21
6344	21
6345	24
6346	21
6347	22
6348	12
6349	21
6350	26
6351	18
6352	22
6353	26
6354	16
6355	18
6356	18
6357	21
6358	18
6359	16
6360	27
6361	29
6362	18
6363	29
6364	15
6365	17
6366	27
6367	21
6368	27
6369	18
6370	19
6371	27
6372	14
6373	20
6374	17
6375	17
6376	24
6377	17
6378	20
6379	18
6380	18
6381	19
6382	21
6383	25
6384	21
6385	20
6386	23
6387	21
6388	21
6389	11
6390	22
6391	24
6392	11
6393	26
6394	22
6395	17
6396	17
6397	17
6398	18
6399	14
6400	16
6401	20
6402	19
6403	23
6404	27
6405	28
6406	20
6407	25
6408	20
6409	11
6410	25
6411	21
6412	22
6413	15
6414	29
6415	16
6416	20
6417	22
6418	17
6419	24
6420	21
6421	20
6422	18
6423	20
6424	21
6425	21
6426	18
6427	21
6428	23
6429	15
6430	20
6431	19
6432	13
6433	20
6434	11
6435	20
6436	19
6437	15
6438	27
6439	22
6440	24
6441	11
6442	20
6443	18
6444	18
6445	16
6446	19
6447	14
6448	20
6449	18
6450	17
6451	14
6452	21
6453	21
6454	28
6455	17
6456	9
6457	16
6458	22
6459	20
6460	16
6461	16
6462	21
6463	21
6464	28
6465	21
6466	14
6467	22
6468	19
6469	16
6470	15
6471	10
6472	23
6473	13
6474	21
6475	16
6476	16
6477	17
6478	20
6479	26
6480	19
6481	23
6482	12
6483	22
6484	13
6485	19
6486	17
6487	19
6488	15
6489	14
6490	16
6491	11
6492	19
6493	19
6494	20
6495	22
6496	23
6497	18
6498	22
6499	22
6500	14
6501	13
6502	11
6503	13
6504	10
6505	22
6506	13
6507	11
6508	19
6509	10
6510	17
6511	23
6512	22
6513	16
6514	12
6515	19
6516	15
6517	12
6518	12
6519	19
6520	13
6521	7
6522	13
6523	20
6524	14
6525	22
6526	19
6527	25
6528	19
6529	14
6530	15
6531	17
6532	18
6533	17
6534	10
6535	12
6536	19
6537	14
6538	14
6539	23
6540	15
6541	20
6542	14
6543	13
6544	13
6545	13
6546	21
6547	12
6548	23
6549	20
6550	20
6551	14
6552	12
6553	15
6554	13
6555	21
6556	22
6557	14
6558	13
6559	18
6560	14
6561	15
6562	21
6563	21
6564	13
6565	13
6566	10
6567	18
6568	18
6569	19
6570	21
6571	19
6572	11
6573	21
6574	23
6575	9
6576	21
6577	19
6578	8
6579	13
6580	12
6581	19
6582	20
6583	19
6584	14
6585	28
6586	17
6587	19
6588	16
6589	22
6590	17
6591	21
6592	14
6593	11
6594	15
6595	13
6596	18
6597	16
6598	13
6599	12
6600	13
6601	19
6602	13
6603	22
6604	12
6605	14
6606	20
6607	12
6608	12
6609	18
6610	19
6611	18
6612	17
6613	13
6614	20
6615	10
6616	12
6617	18
6618	22
6619	19
6620	13
6621	10
6622	20
6623	15
6624	18
6625	16
6626	15
6627	19
6628	14
6629	15
6630	15
6631	10
6632	15
6633	19
6634	15
6635	17
6636	19
6637	15
6638	17
6639	18
6640	11
6641	12
6642	16
6643	18
6644	16
6645	9
6646	19
6647	16
6648	14
6649	12
6650	17
6651	14
6652	20
6653	16
6654	14
6655	22
6656	21
6657	15
6658	17
6659	10
6660	17
6661	11
6662	16
6663	16
6664	17
6665	16
6666	21
6667	21
6668	13
6669	16
6670	20
6671	17
6672	26
6673	14
6674	17
6675	20
6676	23
6677	28
6678	12
6679	16
6680	10
6681	15
6682	14
6683	18
6684	19
6685	16
6686	18
6687	14
6688	24
6689	28
6690	18
6691	16
6692	20
6693	22
6694	18
6695	11
6696	12
6697	16
6698	19
6699	12
6700	17
6701	12
6702	14
6703	14
6704	21
6705	19
6706	18
6707	16
6708	16
6709	11
6710	19
6711	14
6712	16
6713	12
6714	11
6715	11
6716	19
6717	10
6718	15
6719	18
6720	20
6721	22
6722	14
6723	21
6724	17
6725	5
6726	19
6727	18
6728	10
6729	14
6730	29
6731	17
6732	15
6733	13
6734	24
6735	25
6736	24
6737	19
6738	22
6739	21
6740	25
6741	14
6742	21
6743	16
6744	14
6745	19
6746	11
6747	23
6748	22
6749	10
6750	19
6751	26
6752	15
6753	14
6754	16
6755	21
6756	18
6757	20
6758	22
6759	16
6760	9
6761	24
6762	21
6763	22
6764	22
6765	17
6766	30
6767	28
6768	23
6769	21
6770	30
6771	20
6772	15
6773	12
6774	22
6775	29
6776	26
6777	18
6778	26
6779	19
6780	25
6781	25
6782	31
6783	33
6784	27
6785	22
6786	20
6787	20
6788	35
6789	21
6790	20
6791	17
6792	17
6793	21
6794	20
6795	21
6796	19
6797	26
6798	19
6799	18
6800	23
6801	23
6802	20
6803	26
6804	26
6805	22
6806	30
6807	29
6808	22
6809	19
6810	26
6811	22
6812	36
6813	29
6814	21
6815	37
6816	37
6817	28
6818	28
6819	29
6820	28
6821	29
6822	41
6823	30
6824	32
6825	34
6826	33
6827	29
6828	26
6829	30
6830	30
6831	31
6832	28
6833	38
6834	24
6835	29
6836	41
6837	45
6838	31
6839	42
6840	40
6841	42
6842	36
6843	33
6844	44
6845	36
6846	32
6847	28
6848	31
6849	38
6850	35
6851	49
6852	40
6853	40
6854	36
6855	42
6856	35
6857	54
6858	43
6859	48
6860	37
6861	51
6862	35
6863	44
6864	49
6865	39
6866	48
6867	42
6868	33
6869	47
6870	35
6871	33
6872	32
6873	54
6874	49
6875	48
6876	52
6877	47
6878	44
6879	45
6880	67
6881	45
6882	54
6883	48
6884	38
6885	59
6886	63
6887	43
6888	43
6889	50
6890	66
6891	59
6892	48
6893	53
6894	54
6895	69
6896	50
6897	51
6898	58
6899	52
6900	57
6901	61
6902	70
6903	56
6904	68
6905	65
6906	54
6907	54
6908	67
6909	58
6910	76
6911	74
6912	64
6913	65
6914	69
6915	56
6916	66
6917	93
6918	58
6919	72
6920	77
6921	77
6922	75
6923	64
6924	65
6925	77
6926	79
6927	76
6928	70
6929	65
6930	83
6931	63
6932	81
6933	82
6934	64
6935	92
6936	75
6937	69
6938	74
6939	87
6940	83
6941	79
6942	76
6943	100
6944	78
6945	84
6946	89
6947	70
6948	83
6949	97
6950	110
6951	104
6952	87
6953	86
6954	84
6955	84
6956	106
6957	105
6958	92
6959	81
6960	97
6961	97
6962	92
6963	92
6964	104
6965	114
6966	118
6967	101
6968	113
6969	106
6970	105
6971	109
6972	97
6973	106
6974	110
6975	118
6976	102
6977	108
6978	135
6979	97
6980	118
6981	88
6982	118
6983	100
6984	108
6985	119
6986	98
6987	101
6988	117
6989	117
6990	122
6991	110
6992	118
6993	109
6994	121
6995	115
6996	115
6997	129
6998	119
6999	118
7000	119
7001	118
7002	137
7003	140
7004	159
7005	129
7006	124
7007	172
7008	129
7009	130
7010	128
7011	125
7012	154
7013	142
7014	147
7015	129
7016	149
7017	133
7018	129
7019	124
7020	128
7021	125
7022	142
7023	142
7024	140
7025	141
7026	139
7027	128
7028	124
7029	161
7030	134
7031	158
7032	158
7033	170
7034	182
7035	148
7036	159
7037	141
7038	169
7039	163
7040	152
7041	118
7042	151
7043	164
7044	172
7045	156
7046	152
7047	126
7048	149
7049	187
7050	160
7051	160
7052	154
7053	162
7054	169
7055	172
7056	145
7057	152
7058	177
7059	153
7060	173
7061	167
7062	160
7063	199
7064	170
7065	182
7066	189
7067	150
7068	163
7069	173
7070	190
7071	178
7072	180
7073	176
7074	182
7075	193
7076	201
7077	193
7078	194
7079	164
7080	168
7081	173
7082	207
7083	176
7084	215
7085	196
7086	181
7087	181
7088	219
7089	161
7090	186
7091	186
7092	177
7093	178
7094	212
7095	175
7096	188
7097	206
7098	204
7099	205
7100	200
7101	193
7102	216
7103	193
7104	190
7105	207
7106	201
7107	219
7108	206
7109	198
7110	193
7111	216
7112	210
7113	218
7114	205
7115	221
7116	223
7117	193
7118	208
7119	211
7120	206
7121	217
7122	179
7123	206
7124	212
7125	202
7126	203
7127	213
7128	214
7129	221
7130	212
7131	210
7132	219
7133	198
7134	206
7135	208
7136	218
7137	210
7138	222
7139	217
7140	200
7141	207
7142	224
7143	221
7144	226
7145	240
7146	248
7147	218
7148	212
7149	235
7150	227
7151	218
7152	230
7153	236
7154	220
7155	200
7156	207
7157	203
7158	223
7159	242
7160	205
7161	215
7162	203
7163	220
7164	228
7165	256
7166	229
7167	227
7168	200
7169	237
7170	255
7171	212
7172	226
7173	249
7174	241
7175	244
7176	191
7177	215
7178	216
7179	197
7180	237
7181	242
7182	214
7183	193
7184	209
7185	200
7186	219
7187	207
7188	200
7189	232
7190	216
7191	210
7192	224
7193	231
7194	221
7195	237
7196	231
7197	210
7198	205
7199	229
7200	232
7201	229
7202	228
7203	203
7204	200
7205	205
7206	218
7207	196
7208	261
7209	207
7210	224
7211	213
7212	219
7213	194
7214	214
7215	211
7216	215
7217	236
7218	209
7219	224
7220	224
7221	229
7222	202
7223	236
7224	220
7225	208
7226	235
7227	231
7228	223
7229	196
7230	219
7231	182
7232	234
7233	221
7234	196
7235	211
7236	198
7237	205
7238	192
7239	218
7240	221
7241	221
7242	216
7243	241
7244	202
7245	208
7246	206
7247	181
7248	194
7249	225
7250	184
7251	211
7252	209
7253	202
7254	224
7255	203
7256	200
7257	197
7258	175
7259	174
7260	176
7261	203
7262	187
7263	197
7264	189
7265	190
7266	196
7267	195
7268	196
7269	202
7270	215
7271	198
7272	218
7273	214
7274	190
7275	202
7276	170
7277	202
7278	179
7279	219
7280	185
7281	175
7282	193
7283	184
7284	195
7285	181
7286	188
7287	172
7288	189
7289	152
7290	176
7291	182
7292	171
7293	172
7294	179
7295	160
7296	196
7297	160
7298	200
7299	183
7300	159
7301	187
7302	159
7303	167
7304	169
7305	176
7306	181
7307	169
7308	168
7309	160
7310	167
7311	165
7312	151
7313	180
7314	180
7315	133
7316	154
7317	167
7318	148
7319	170
7320	153
7321	171
7322	142
7323	152
7324	167
7325	147
7326	156
7327	147
7328	140
7329	170
7330	178
7331	145
7332	155
7333	146
7334	159
7335	134
7336	181
7337	152
7338	160
7339	154
7340	157
7341	150
7342	146
7343	128
7344	146
7345	139
7346	135
7347	134
7348	122
7349	141
7350	130
7351	128
7352	148
7353	134
7354	138
7355	125
7356	139
7357	139
7358	118
7359	138
7360	137
7361	143
7362	133
7363	111
7364	149
7365	129
7366	101
7367	120
7368	129
7369	121
7370	127
7371	118
7372	122
7373	132
7374	123
7375	113
7376	113
7377	125
7378	112
7379	107
7380	114
7381	96
7382	122
7383	106
7384	108
7385	98
7386	88
7387	119
7388	123
7389	114
7390	99
7391	106
7392	119
7393	122
7394	101
7395	109
7396	104
7397	110
7398	103
7399	111
7400	120
7401	108
7402	98
7403	99
7404	92
7405	94
7406	83
7407	103
7408	122
7409	83
7410	79
7411	102
7412	110
7413	104
7414	81
7415	96
7416	92
7417	101
7418	77
7419	78
7420	85
7421	77
7422	89
7423	88
7424	86
7425	82
7426	80
7427	86
7428	89
7429	88
7430	91
7431	89
7432	88
7433	87
7434	62
7435	76
7436	55
7437	67
7438	64
7439	79
7440	66
7441	88
7442	87
7443	75
7444	74
7445	71
7446	65
7447	65
7448	91
7449	73
7450	69
7451	56
7452	75
7453	69
7454	60
7455	60
7456	65
7457	57
7458	64
7459	62
7460	68
7461	64
7462	71
7463	68
7464	59
7465	62
7466	64
7467	54
7468	61
7469	56
7470	64
7471	58
7472	55
7473	63
7474	41
7475	61
7476	50
7477	55
7478	65
7479	49
7480	75
7481	63
7482	44
7483	44
7484	47
7485	42
7486	78
7487	50
7488	46
7489	55
7490	51
7491	50
7492	49
7493	54
7494	49
7495	49
7496	50
7497	42
7498	42
7499	40
7500	54
7501	45
7502	57
7503	38
7504	52
7505	39
7506	45
7507	52
7508	45
7509	42
7510	40
7511	35
7512	45
7513	47
7514	50
7515	40
7516	49
7517	35
7518	42
7519	38
7520	40
7521	39
7522	43
7523	36
7524	46
7525	38
7526	53
7527	43
7528	38
7529	52
7530	48
7531	43
7532	32
7533	44
7534	39
7535	31
7536	31
7537	37
7538	46
7539	29
7540	43
7541	37
7542	35
7543	29
7544	34
7545	40
7546	26
7547	37
7548	40
7549	29
7550	18
7551	40
7552	38
7553	29
7554	31
7555	36
7556	21
7557	31
7558	26
7559	30
7560	33
7561	34
7562	27
7563	36
7564	32
7565	34
7566	21
7567	28
7568	30
7569	34
7570	27
7571	33
7572	30
7573	33
7574	27
7575	30
7576	25
7577	27
7578	35
7579	19
7580	37
7581	21
7582	18
7583	26
7584	31
7585	27
7586	31
7587	38
7588	35
7589	35
7590	24
7591	33
7592	23
7593	21
7594	22
7595	20
7596	33
7597	22
7598	32
7599	27
7600	20
7601	32
7602	25
7603	30
7604	28
7605	22
7606	16
7607	22
7608	25
7609	21
7610	24
7611	25
7612	19
7613	24
7614	30
7615	27
7616	26
7617	21
7618	25
7619	21
7620	32
7621	20
7622	22
7623	19
7624	33
7625	20
7626	24
7627	31
7628	23
7629	18
7630	22
7631	23
7632	12
7633	28
7634	19
7635	15
7636	16
7637	21
7638	14
7639	20
7640	21
7641	14
7642	25
7643	30
7644	18
7645	22
7646	16
7647	17
7648	22
7649	26
7650	19
7651	16
7652	24
7653	19
7654	19
7655	13
7656	15
7657	28
7658	15
7659	12
7660	14
7661	21
7662	13
7663	20
7664	7
7665	23
7666	18
7667	12
7668	24
7669	18
7670	12
7671	23
7672	15
7673	12
7674	17
7675	14
7676	15
7677	19
7678	12
7679	17
7680	14
7681	17
7682	13
7683	21
7684	21
7685	12
7686	13
7687	15
7688	22
7689	13
7690	10
7691	19
7692	19
7693	28
7694	14
7695	14
7696	19
7697	13
7698	27
7699	19
7700	9
7701	10
7702	23
7703	22
7704	15
7705	16
7706	9
7707	14
7708	16
7709	17
7710	17
7711	18
7712	21
7713	18
7714	20
7715	14
7716	13
7717	13
7718	13
7719	19
7720	14
7721	14
7722	13
7723	16
7724	18
7725	12
7726	12
7727	17
7728	18
7729	17
7730	16
7731	17
7732	16
7733	19
7734	14
7735	27
7736	5
7737	12
7738	14
7739	13
7740	19
7741	14
7742	21
7743	12
7744	10
7745	20
7746	11
7747	20
7748	8
7749	18
7750	10
7751	18
7752	20
7753	14
7754	21
7755	17
7756	16
7757	16
7758	20
7759	14
7760	20
7761	27
7762	20
7763	14
7764	21
7765	14
7766	11
7767	16
7768	16
7769	12
7770	17
7771	16
7772	18
7773	17
7774	17
7775	19
7776	19
7777	15
7778	18
7779	12
7780	17
7781	17
7782	17
7783	17
7784	20
7785	12
7786	10
7787	9
7788	25
7789	10
7790	26
7791	15
7792	13
7793	18
7794	11
7795	22
7796	13
7797	11
7798	16
7799	18
7800	20
7801	20
7802	12
7803	18
7804	24
7805	14
7806	11
7807	13
7808	24
7809	12
7810	21
7811	15
7812	11
7813	18
7814	13
7815	19
7816	16
7817	16
7818	21
7819	13
7820	18
7821	14
7822	18
7823	16
7824	19
7825	12
7826	22
7827	16
7828	19
7829	9
7830	21
7831	12
7832	18
7833	13
7834	14
7835	20
7836	13
7837	13
7838	16
7839	15
7840	20
7841	15
7842	13
7843	12
7844	16
7845	19
7846	16
7847	17
7848	7
7849	12
7850	7
7851	18
7852	14
7853	20
7854	18
7855	14
7856	14
7857	21
7858	18
7859	21
7860	17
7861	15
7862	17
7863	11
7864	13
7865	15
7866	17
7867	17
7868	24
7869	11
7870	15
7871	14
7872	10
7873	13
7874	16
7875	15
7876	15
7877	9
7878	19
7879	13
7880	14
7881	12
7882	12
7883	12
7884	12
7885	14
7886	14
7887	12
7888	17
7889	13
7890	11
7891	9
7892	12
7893	11
7894	22
7895	13
7896	21
7897	8
7898	17
7899	17
7900	19
7901	14
7902	12
7903	19
7904	16
7905	18
7906	17
7907	14
7908	17
7909	12
7910	12
7911	18
7912	11
7913	13
7914	15
7915	22
7916	16
7917	15
7918	10
7919	10
7920	16
7921	14
7922	15
7923	12
7924	15
7925	11
7926	13
7927	20
7928	18
7929	20
7930	8
7931	20
7932	16
7933	11
7934	15
7935	20
7936	23
7937	19
7938	16
7939	14
7940	23
7941	16
7942	11
7943	13
7944	20
7945	11
7946	12
7947	11
7948	14
7949	17
7950	12
7951	15
7952	8
7953	13
7954	8
7955	18
7956	15
7957	13
7958	13
7959	13
7960	19
7961	16
7962	15
7963	12
7964	24
7965	16
7966	12
7967	11
7968	10
7969	16
7970	10
7971	15
7972	17
7973	14
7974	18
7975	20
7976	19
7977	15
7978	13
7979	15
7980	17
7981	18
7982	11
7983	17
7984	18
7985	11
7986	16
7987	9
7988	19
7989	15
7990	13
7991	8
7992	13
7993	18
7994	17
7995	12
7996	18
7997	10
7998	17
7999	15
8000	17
8001	13
8002	12
8003	10
8004	11
8005	20
8006	13
8007	17
8008	17
8009	20
8010	10
8011	14
8012	12
8013	16
8014	22
8015	14
8016	12
8017	11
8018	17
8019	24
8020	6
8021	15
8022	17
8023	22
8024	11
8025	19
8026	15
8027	24
8028	13
8029	23
8030	11
8031	15
8032	16
8033	15
8034	20
8035	13
8036	18
8037	15
8038	15
8039	19
8040	17
8041	16
8042	6
8043	20
8044	18
8045	18
8046	18
8047	7
8048	19
8049	11
8050	13
8051	15
8052	16
8053	13
8054	20
8055	8
8056	24
8057	19
8058	18
8059	15
8060	11
8061	17
8062	9
8063	11
8064	16
8065	14
8066	19
8067	19
8068	17
8069	20
8070	12
8071	14
8072	14
8073	17
8074	15
8075	13
8076	15
8077	12
8078	12
8079	14
8080	14
8081	9
8082	10
8083	6
8084	19
8085	17
8086	13
8087	17
8088	15
8089	16
8090	23
8091	15
8092	10
8093	15
8094	20
8095	12
8096	15
8097	22
8098	17
8099	13
8100	21
8101	12
8102	14
8103	14
8104	15
8105	19
8106	11
8107	11
8108	17
8109	15
8110	13
8111	9
8112	18
8113	16
8114	12
8115	15
8116	13
8117	8
8118	6
8119	5
8120	0
8121	1
8122	3
8123	3
8124	5
8125	2
8126	1
8127	2
8128	2
8129	1
8130	3
8131	0
8132	1
8133	0
8134	0
8135	0
8136	1
8137	0
8138	2
8139	1
8140	0
8141	1
8142	2
8143	0
8144	1
8145	1
8146	0
8147	1
8148	0
8149	0
8150	1
8151	0
8152	0
8153	0
8154	0
8155	0
8156	0
8157	0
8158	0
8159	0
8160	0
8161	1
8162	0
8163	0
8164	0
8165	0
8166	0
8167	0
8168	0
8169	0
8170	0
8171	0
8172	0
8173	0
8174	0
8175	0
8176	0
8177	0
8178	0
8179	0
8180	0
8181	0
8182	0
8183	0
8184	0
8185	0
8186	0
8187	0
8188	0
8189	0
8190	0
8191	0
