0	0
1	0
2	0
3	0
4	0
5	0
6	0
7	0
8	0
9	0
10	0
11	0
12	0
13	0
14	0
15	0
16	0
17	0
18	0
19	0
20	0
21	0
22	0
23	0
24	0
25	0
26	0
27	0
28	0
29	0
30	0
31	0
32	0
33	0
34	0
35	0
36	0
37	0
38	0
39	0
40	0
41	0
42	0
43	0
44	0
45	0
46	0
47	1
48	0
49	1
50	0
51	0
52	0
53	0
54	0
55	0
56	0
57	0
58	1
59	0
60	0
61	0
62	0
63	0
64	0
65	0
66	0
67	0
68	0
69	0
70	0
71	1
72	0
73	2
74	1
75	1
76	2
77	0
78	0
79	1
80	0
81	1
82	0
83	0
84	1
85	0
86	2
87	2
88	1
89	0
90	0
91	0
92	0
93	0
94	0
95	0
96	0
97	1
98	1
99	0
100	0
101	0
102	2
103	0
104	2
105	0
106	1
107	0
108	2
109	1
110	0
111	0
112	0
113	0
114	0
115	1
116	0
117	0
118	1
119	1
120	0
121	1
122	1
123	1
124	0
125	0
126	0
127	3
128	1
129	2
130	2
131	0
132	1
133	2
134	2
135	0
136	0
137	0
138	0
139	2
140	0
141	2
142	0
143	1
144	1
145	0
146	1
147	0
148	1
149	1
150	2
151	0
152	0
153	1
154	1
155	4
156	1
157	0
158	1
159	2
160	1
161	3
162	2
163	4
164	1
165	1
166	2
167	4
168	1
169	0
170	0
171	2
172	4
173	1
174	3
175	0
176	0
177	4
178	1
179	2
180	0
181	1
182	3
183	3
184	2
185	2
186	3
187	5
188	3
189	4
190	1
191	6
192	3
193	2
194	6
195	3
196	1
197	2
198	3
199	3
200	3
201	5
202	3
203	8
204	9
205	2
206	3
207	6
208	2
209	5
210	10
211	3
212	2
213	7
214	10
215	13
216	3
217	10
218	4
219	5
220	5
221	6
222	7
223	3
224	6
225	8
226	8
227	9
228	8
229	10
230	10
231	6
232	8
233	11
234	6
235	12
236	19
237	7
238	14
239	10
240	15
241	12
242	15
243	21
244	24
245	14
246	20
247	11
248	8
249	15
250	18
251	16
252	12
253	27
254	28
255	31
256	29
257	38
258	27
259	24
260	29
261	29
262	35
263	24
264	39
265	37
266	42
267	47
268	58
269	46
270	55
271	49
272	65
273	69
274	69
275	74
276	58
277	83
278	76
279	79
280	94
281	86
282	77
283	101
284	95
285	97
286	87
287	97
288	118
289	117
290	101
291	126
292	128
293	106
294	115
295	118
296	123
297	129
298	105
299	142
300	128
301	109
302	129
303	132
304	130
305	121
306	137
307	125
308	135
309	133
310	149
311	133
312	142
313	141
314	129
315	146
316	132
317	157
318	160
319	145
320	144
321	154
322	150
323	157
324	149
325	163
326	147
327	126
328	151
329	159
330	170
331	140
332	132
333	147
334	141
335	156
336	137
337	146
338	128
339	144
340	143
341	153
342	172
343	125
344	140
345	144
346	134
347	145
348	143
349	138
350	155
351	138
352	164
353	164
354	134
355	152
356	170
357	164
358	114
359	159
360	157
361	123
362	153
363	137
364	145
365	132
366	161
367	151
368	146
369	157
370	167
371	139
372	153
373	170
374	151
375	166
376	153
377	152
378	153
379	154
380	160
381	158
382	163
383	150
384	162
385	140
386	144
387	171
388	147
389	153
390	169
391	136
392	167
393	161
394	144
395	185
396	166
397	165
398	185
399	150
400	151
401	164
402	162
403	141
404	169
405	148
406	159
407	134
408	166
409	151
410	145
411	154
412	162
413	147
414	151
415	183
416	140
417	147
418	173
419	152
420	158
421	143
422	160
423	158
424	152
425	189
426	168
427	171
428	158
429	163
430	163
431	168
432	152
433	164
434	175
435	145
436	148
437	177
438	186
439	165
440	159
441	174
442	174
443	155
444	125
445	158
446	148
447	159
448	136
449	148
450	167
451	150
452	155
453	164
454	167
455	138
456	153
457	160
458	163
459	148
460	171
461	172
462	179
463	137
464	176
465	169
466	173
467	185
468	148
469	152
470	165
471	174
472	148
473	139
474	154
475	150
476	167
477	134
478	157
479	182
480	155
481	151
482	156
483	155
484	172
485	122
486	132
487	152
488	193
489	154
490	154
491	155
492	160
493	135
494	163
495	140
496	134
497	153
498	147
499	170
500	149
501	141
502	141
503	172
504	157
505	150
506	163
507	150
508	158
509	136
510	174
511	145
512	130
513	177
514	158
515	169
516	152
517	142
518	148
519	158
520	161
521	137
522	154
523	152
524	163
525	161
526	157
527	144
528	151
529	158
530	163
531	141
532	141
533	168
534	173
535	160
536	157
537	143
538	154
539	134
540	167
541	130
542	145
543	136
544	144
545	148
546	152
547	143
548	161
549	147
550	142
551	155
552	156
553	151
554	168
555	162
556	148
557	168
558	148
559	146
560	156
561	159
562	146
563	151
564	137
565	148
566	158
567	141
568	167
569	137
570	137
571	154
572	140
573	152
574	164
575	154
576	161
577	188
578	148
579	179
580	139
581	148
582	164
583	131
584	156
585	176
586	154
587	159
588	156
589	164
590	145
591	148
592	144
593	142
594	159
595	157
596	148
597	158
598	159
599	166
600	162
601	169
602	164
603	153
604	138
605	171
606	154
607	143
608	147
609	150
610	176
611	154
612	142
613	121
614	137
615	161
616	154
617	162
618	141
619	135
620	152
621	152
622	135
623	133
624	159
625	165
626	162
627	163
628	115
629	160
630	154
631	159
632	150
633	147
634	135
635	152
636	168
637	142
638	139
639	152
640	138
641	170
642	155
643	169
644	162
645	165
646	148
647	152
648	152
649	147
650	160
651	165
652	169
653	150
654	130
655	131
656	161
657	163
658	139
659	153
660	158
661	151
662	140
663	132
664	138
665	140
666	152
667	154
668	156
669	133
670	140
671	137
672	148
673	166
674	144
675	138
676	148
677	173
678	156
679	164
680	140
681	160
682	184
683	125
684	176
685	176
686	147
687	160
688	151
689	134
690	152
691	166
692	153
693	128
694	153
695	154
696	161
697	177
698	167
699	143
700	148
701	161
702	155
703	163
704	160
705	144
706	152
707	164
708	152
709	170
710	142
711	140
712	155
713	139
714	168
715	166
716	140
717	135
718	147
719	181
720	168
721	129
722	156
723	172
724	178
725	141
726	143
727	144
728	141
729	146
730	154
731	149
732	149
733	148
734	172
735	146
736	143
737	138
738	188
739	128
740	144
741	161
742	165
743	169
744	153
745	162
746	162
747	165
748	145
749	171
750	158
751	162
752	134
753	153
754	147
755	165
756	162
757	169
758	149
759	147
760	158
761	161
762	195
763	150
764	155
765	152
766	165
767	139
768	168
769	145
770	159
771	163
772	150
773	162
774	188
775	182
776	145
777	154
778	157
779	179
780	156
781	119
782	152
783	168
784	175
785	139
786	165
787	170
788	181
789	141
790	142
791	154
792	151
793	165
794	161
795	153
796	157
797	152
798	189
799	162
800	137
801	157
802	165
803	161
804	130
805	163
806	149
807	158
808	149
809	161
810	141
811	137
812	154
813	152
814	155
815	162
816	142
817	154
818	164
819	181
820	155
821	151
822	146
823	164
824	128
825	162
826	155
827	164
828	140
829	156
830	136
831	172
832	157
833	147
834	155
835	142
836	139
837	154
838	154
839	149
840	129
841	152
842	154
843	164
844	168
845	166
846	151
847	157
848	155
849	160
850	150
851	143
852	163
853	159
854	135
855	153
856	164
857	169
858	168
859	144
860	183
861	173
862	163
863	146
864	172
865	160
866	173
867	143
868	157
869	146
870	163
871	175
872	156
873	152
874	124
875	150
876	150
877	176
878	172
879	144
880	170
881	153
882	170
883	159
884	165
885	148
886	176
887	168
888	138
889	172
890	139
891	138
892	175
893	168
894	158
895	153
896	162
897	147
898	157
899	155
900	154
901	178
902	178
903	149
904	157
905	176
906	172
907	144
908	151
909	167
910	169
911	151
912	165
913	159
914	176
915	158
916	149
917	138
918	156
919	151
920	156
921	163
922	152
923	152
924	161
925	162
926	152
927	159
928	143
929	173
930	166
931	161
932	158
933	161
934	141
935	139
936	158
937	166
938	149
939	152
940	168
941	145
942	173
943	170
944	158
945	171
946	161
947	154
948	160
949	158
950	161
951	161
952	168
953	183
954	191
955	147
956	166
957	170
958	151
959	159
960	158
961	181
962	158
963	161
964	172
965	156
966	153
967	142
968	172
969	144
970	179
971	143
972	155
973	160
974	177
975	144
976	147
977	150
978	172
979	183
980	166
981	159
982	151
983	207
984	167
985	171
986	151
987	161
988	190
989	175
990	151
991	155
992	178
993	159
994	161
995	163
996	142
997	156
998	145
999	146
1000	162
1001	181
1002	160
1003	172
1004	157
1005	158
1006	136
1007	177
1008	138
1009	188
1010	175
1011	164
1012	166
1013	156
1014	166
1015	171
1016	183
1017	158
1018	179
1019	164
1020	169
1021	154
1022	161
1023	155
1024	159
1025	165
1026	165
1027	163
1028	145
1029	166
1030	156
1031	145
1032	159
1033	181
1034	149
1035	181
1036	152
1037	181
1038	160
1039	165
1040	158
1041	183
1042	136
1043	175
1044	188
1045	154
1046	197
1047	169
1048	162
1049	184
1050	154
1051	159
1052	157
1053	175
1054	164
1055	149
1056	172
1057	164
1058	142
1059	156
1060	194
1061	146
1062	152
1063	177
1064	137
1065	172
1066	166
1067	149
1068	170
1069	179
1070	170
1071	180
1072	175
1073	157
1074	166
1075	168
1076	173
1077	169
1078	172
1079	178
1080	164
1081	145
1082	150
1083	155
1084	144
1085	175
1086	171
1087	162
1088	174
1089	163
1090	193
1091	174
1092	184
1093	162
1094	172
1095	165
1096	160
1097	195
1098	185
1099	167
1100	174
1101	187
1102	184
1103	161
1104	165
1105	180
1106	165
1107	153
1108	161
1109	164
1110	177
1111	160
1112	183
1113	155
1114	156
1115	164
1116	165
1117	164
1118	181
1119	164
1120	187
1121	187
1122	155
1123	165
1124	165
1125	188
1126	176
1127	173
1128	171
1129	172
1130	187
1131	187
1132	196
1133	165
1134	171
1135	194
1136	176
1137	158
1138	169
1139	171
1140	165
1141	179
1142	161
1143	163
1144	169
1145	176
1146	183
1147	167
1148	156
1149	159
1150	189
1151	166
1152	163
1153	179
1154	172
1155	184
1156	163
1157	148
1158	157
1159	166
1160	160
1161	168
1162	174
1163	188
1164	166
1165	167
1166	149
1167	167
1168	174
1169	153
1170	169
1171	160
1172	149
1173	180
1174	171
1175	188
1176	182
1177	164
1178	175
1179	153
1180	171
1181	184
1182	154
1183	165
1184	206
1185	165
1186	164
1187	141
1188	145
1189	160
1190	171
1191	191
1192	166
1193	185
1194	158
1195	152
1196	184
1197	164
1198	169
1199	201
1200	163
1201	161
1202	182
1203	175
1204	170
1205	147
1206	167
1207	151
1208	151
1209	163
1210	194
1211	173
1212	178
1213	179
1214	150
1215	192
1216	157
1217	167
1218	156
1219	165
1220	154
1221	172
1222	185
1223	169
1224	159
1225	184
1226	183
1227	188
1228	187
1229	169
1230	171
1231	164
1232	168
1233	150
1234	178
1235	183
1236	149
1237	135
1238	171
1239	171
1240	171
1241	176
1242	186
1243	165
1244	181
1245	154
1246	183
1247	172
1248	195
1249	188
1250	218
1251	148
1252	166
1253	170
1254	167
1255	188
1256	155
1257	176
1258	183
1259	167
1260	172
1261	173
1262	160
1263	157
1264	164
1265	175
1266	183
1267	211
1268	172
1269	158
1270	201
1271	182
1272	166
1273	163
1274	168
1275	180
1276	159
1277	174
1278	191
1279	174
1280	195
1281	185
1282	155
1283	170
1284	162
1285	168
1286	151
1287	173
1288	165
1289	171
1290	173
1291	183
1292	167
1293	162
1294	181
1295	171
1296	187
1297	189
1298	190
1299	144
1300	172
1301	185
1302	174
1303	188
1304	172
1305	176
1306	170
1307	164
1308	171
1309	190
1310	178
1311	157
1312	158
1313	192
1314	160
1315	159
1316	142
1317	168
1318	175
1319	156
1320	170
1321	164
1322	174
1323	168
1324	170
1325	169
1326	166
1327	153
1328	160
1329	175
1330	150
1331	158
1332	193
1333	168
1334	145
1335	161
1336	176
1337	168
1338	171
1339	192
1340	163
1341	145
1342	157
1343	156
1344	215
1345	158
1346	208
1347	139
1348	192
1349	176
1350	163
1351	155
1352	165
1353	168
1354	174
1355	163
1356	154
1357	172
1358	164
1359	164
1360	173
1361	147
1362	188
1363	189
1364	172
1365	185
1366	162
1367	161
1368	168
1369	167
1370	172
1371	157
1372	154
1373	143
1374	173
1375	152
1376	154
1377	164
1378	171
1379	169
1380	156
1381	164
1382	169
1383	183
1384	168
1385	170
1386	185
1387	152
1388	157
1389	188
1390	168
1391	176
1392	170
1393	190
1394	165
1395	159
1396	177
1397	169
1398	159
1399	176
1400	161
1401	167
1402	173
1403	176
1404	173
1405	171
1406	161
1407	171
1408	176
1409	163
1410	154
1411	182
1412	187
1413	163
1414	163
1415	160
1416	183
1417	175
1418	149
1419	183
1420	161
1421	173
1422	177
1423	166
1424	194
1425	165
1426	172
1427	193
1428	168
1429	188
1430	167
1431	171
1432	190
1433	179
1434	150
1435	161
1436	173
1437	178
1438	179
1439	179
1440	176
1441	180
1442	161
1443	165
1444	181
1445	178
1446	176
1447	178
1448	165
1449	174
1450	140
1451	182
1452	161
1453	193
1454	179
1455	148
1456	169
1457	174
1458	171
1459	167
1460	176
1461	175
1462	170
1463	198
1464	174
1465	164
1466	175
1467	165
1468	174
1469	189
1470	177
1471	182
1472	160
1473	178
1474	166
1475	187
1476	167
1477	202
1478	173
1479	172
1480	183
1481	173
1482	183
1483	165
1484	175
1485	160
1486	173
1487	194
1488	164
1489	156
1490	155
1491	187
1492	185
1493	182
1494	163
1495	164
1496	163
1497	178
1498	158
1499	190
1500	192
1501	159
1502	174
1503	173
1504	174
1505	195
1506	173
1507	165
1508	150
1509	168
1510	155
1511	157
1512	152
1513	188
1514	169
1515	189
1516	173
1517	163
1518	178
1519	176
1520	171
1521	183
1522	195
1523	179
1524	193
1525	181
1526	166
1527	178
1528	190
1529	177
1530	164
1531	168
1532	162
1533	152
1534	199
1535	163
1536	176
1537	180
1538	196
1539	169
1540	162
1541	202
1542	186
1543	185
1544	172
1545	180
1546	184
1547	176
1548	150
1549	172
1550	183
1551	175
1552	188
1553	162
1554	164
1555	182
1556	167
1557	177
1558	185
1559	181
1560	163
1561	150
1562	191
1563	179
1564	165
1565	182
1566	180
1567	195
1568	195
1569	185
1570	174
1571	160
1572	190
1573	186
1574	193
1575	142
1576	187
1577	179
1578	191
1579	172
1580	189
1581	184
1582	173
1583	179
1584	185
1585	182
1586	200
1587	152
1588	172
1589	175
1590	194
1591	152
1592	198
1593	195
1594	190
1595	185
1596	189
1597	156
1598	175
1599	203
1600	189
1601	191
1602	196
1603	180
1604	180
1605	161
1606	165
1607	167
1608	177
1609	186
1610	154
1611	191
1612	181
1613	197
1614	175
1615	172
1616	173
1617	189
1618	176
1619	166
1620	205
1621	159
1622	187
1623	213
1624	163
1625	188
1626	182
1627	184
1628	204
1629	179
1630	148
1631	171
1632	208
1633	175
1634	172
1635	193
1636	189
1637	184
1638	173
1639	196
1640	177
1641	194
1642	160
1643	200
1644	164
1645	178
1646	171
1647	197
1648	189
1649	185
1650	190
1651	157
1652	165
1653	195
1654	189
1655	166
1656	171
1657	175
1658	182
1659	180
1660	179
1661	184
1662	182
1663	178
1664	190
1665	181
1666	176
1667	175
1668	175
1669	198
1670	214
1671	184
1672	182
1673	173
1674	201
1675	175
1676	184
1677	188
1678	186
1679	200
1680	193
1681	172
1682	190
1683	195
1684	198
1685	206
1686	181
1687	191
1688	205
1689	208
1690	203
1691	178
1692	169
1693	186
1694	168
1695	183
1696	190
1697	162
1698	190
1699	184
1700	185
1701	183
1702	179
1703	191
1704	195
1705	176
1706	181
1707	180
1708	162
1709	197
1710	198
1711	190
1712	151
1713	187
1714	185
1715	176
1716	170
1717	221
1718	164
1719	169
1720	197
1721	197
1722	197
1723	198
1724	181
1725	166
1726	175
1727	209
1728	191
1729	183
1730	154
1731	196
1732	197
1733	166
1734	179
1735	181
1736	188
1737	197
1738	205
1739	189
1740	173
1741	170
1742	168
1743	205
1744	197
1745	188
1746	194
1747	191
1748	192
1749	200
1750	183
1751	230
1752	180
1753	180
1754	211
1755	207
1756	198
1757	185
1758	182
1759	194
1760	178
1761	224
1762	184
1763	169
1764	176
1765	181
1766	187
1767	188
1768	188
1769	197
1770	217
1771	197
1772	209
1773	181
1774	211
1775	177
1776	166
1777	176
1778	192
1779	186
1780	184
1781	170
1782	198
1783	190
1784	191
1785	176
1786	197
1787	175
1788	198
1789	200
1790	215
1791	165
1792	200
1793	189
1794	187
1795	191
1796	214
1797	194
1798	190
1799	200
1800	194
1801	179
1802	185
1803	182
1804	196
1805	181
1806	188
1807	208
1808	197
1809	172
1810	202
1811	162
1812	179
1813	164
1814	168
1815	185
1816	187
1817	196
1818	194
1819	190
1820	192
1821	195
1822	178
1823	192
1824	185
1825	189
1826	192
1827	185
1828	183
1829	182
1830	188
1831	181
1832	188
1833	188
1834	183
1835	167
1836	174
1837	197
1838	175
1839	199
1840	178
1841	181
1842	205
1843	195
1844	186
1845	189
1846	180
1847	185
1848	204
1849	198
1850	177
1851	195
1852	194
1853	169
1854	214
1855	184
1856	189
1857	211
1858	193
1859	193
1860	209
1861	198
1862	188
1863	192
1864	207
1865	181
1866	185
1867	194
1868	220
1869	206
1870	195
1871	202
1872	188
1873	189
1874	187
1875	175
1876	194
1877	169
1878	185
1879	189
1880	207
1881	184
1882	196
1883	200
1884	191
1885	191
1886	221
1887	179
1888	206
1889	224
1890	191
1891	178
1892	213
1893	199
1894	181
1895	186
1896	211
1897	196
1898	182
1899	201
1900	169
1901	166
1902	194
1903	161
1904	197
1905	178
1906	198
1907	173
1908	186
1909	167
1910	194
1911	199
1912	203
1913	167
1914	183
1915	168
1916	190
1917	195
1918	178
1919	180
1920	201
1921	202
1922	188
1923	180
1924	198
1925	188
1926	190
1927	187
1928	190
1929	192
1930	188
1931	178
1932	192
1933	225
1934	209
1935	190
1936	205
1937	190
1938	177
1939	193
1940	204
1941	180
1942	199
1943	193
1944	188
1945	182
1946	188
1947	187
1948	186
1949	181
1950	174
1951	216
1952	198
1953	187
1954	177
1955	182
1956	189
1957	199
1958	184
1959	214
1960	188
1961	176
1962	206
1963	166
1964	166
1965	205
1966	205
1967	184
1968	202
1969	199
1970	168
1971	208
1972	191
1973	179
1974	174
1975	198
1976	178
1977	204
1978	183
1979	194
1980	188
1981	187
1982	200
1983	190
1984	208
1985	198
1986	190
1987	218
1988	188
1989	195
1990	200
1991	183
1992	190
1993	187
1994	181
1995	185
1996	191
1997	177
1998	171
1999	172
2000	180
2001	187
2002	200
2003	178
2004	184
2005	207
2006	203
2007	176
2008	186
2009	185
2010	204
2011	227
2012	200
2013	185
2014	191
2015	197
2016	176
2017	199
2018	202
2019	184
2020	181
2021	190
2022	185
2023	212
2024	181
2025	208
2026	182
2027	210
2028	194
2029	181
2030	190
2031	211
2032	184
2033	203
2034	174
2035	198
2036	214
2037	176
2038	193
2039	210
2040	191
2041	197
2042	193
2043	223
2044	198
2045	176
2046	200
2047	171
2048	189
2049	200
2050	201
2051	193
2052	195
2053	186
2054	199
2055	187
2056	193
2057	192
2058	178
2059	184
2060	207
2061	176
2062	192
2063	203
2064	181
2065	201
2066	182
2067	181
2068	200
2069	190
2070	209
2071	197
2072	196
2073	203
2074	198
2075	189
2076	191
2077	180
2078	180
2079	186
2080	195
2081	185
2082	196
2083	203
2084	175
2085	207
2086	224
2087	192
2088	186
2089	193
2090	166
2091	196
2092	205
2093	186
2094	198
2095	189
2096	180
2097	181
2098	190
2099	168
2100	179
2101	188
2102	229
2103	196
2104	190
2105	198
2106	207
2107	202
2108	177
2109	174
2110	188
2111	194
2112	198
2113	172
2114	217
2115	216
2116	185
2117	192
2118	215
2119	179
2120	207
2121	204
2122	224
2123	173
2124	210
2125	184
2126	215
2127	213
2128	206
2129	195
2130	203
2131	190
2132	209
2133	195
2134	214
2135	189
2136	208
2137	178
2138	224
2139	205
2140	224
2141	223
2142	222
2143	191
2144	181
2145	203
2146	203
2147	210
2148	187
2149	205
2150	185
2151	190
2152	172
2153	195
2154	205
2155	199
2156	216
2157	201
2158	173
2159	208
2160	190
2161	229
2162	209
2163	206
2164	187
2165	192
2166	196
2167	227
2168	186
2169	182
2170	225
2171	199
2172	194
2173	211
2174	182
2175	188
2176	194
2177	190
2178	199
2179	190
2180	209
2181	198
2182	207
2183	191
2184	230
2185	214
2186	238
2187	188
2188	215
2189	195
2190	211
2191	188
2192	209
2193	189
2194	192
2195	227
2196	209
2197	208
2198	216
2199	205
2200	189
2201	181
2202	205
2203	216
2204	176
2205	226
2206	215
2207	199
2208	213
2209	185
2210	205
2211	186
2212	223
2213	181
2214	197
2215	189
2216	209
2217	207
2218	209
2219	208
2220	201
2221	192
2222	192
2223	213
2224	187
2225	195
2226	193
2227	214
2228	221
2229	218
2230	196
2231	218
2232	223
2233	207
2234	198
2235	221
2236	187
2237	196
2238	186
2239	199
2240	203
2241	208
2242	206
2243	203
2244	219
2245	186
2246	201
2247	207
2248	198
2249	191
2250	197
2251	208
2252	206
2253	205
2254	212
2255	220
2256	194
2257	214
2258	205
2259	209
2260	197
2261	212
2262	244
2263	207
2264	204
2265	216
2266	205
2267	218
2268	225
2269	200
2270	224
2271	215
2272	211
2273	198
2274	166
2275	189
2276	200
2277	213
2278	239
2279	226
2280	215
2281	224
2282	212
2283	235
2284	228
2285	219
2286	182
2287	204
2288	226
2289	186
2290	215
2291	202
2292	212
2293	205
2294	226
2295	239
2296	202
2297	235
2298	213
2299	239
2300	210
2301	207
2302	214
2303	217
2304	241
2305	211
2306	238
2307	215
2308	195
2309	227
2310	231
2311	226
2312	233
2313	244
2314	233
2315	224
2316	251
2317	214
2318	201
2319	234
2320	236
2321	234
2322	226
2323	210
2324	229
2325	226
2326	209
2327	209
2328	235
2329	214
2330	236
2331	239
2332	206
2333	207
2334	229
2335	205
2336	201
2337	201
2338	228
2339	217
2340	241
2341	242
2342	250
2343	223
2344	224
2345	209
2346	203
2347	228
2348	255
2349	221
2350	241
2351	222
2352	216
2353	220
2354	222
2355	254
2356	242
2357	269
2358	222
2359	216
2360	272
2361	220
2362	232
2363	240
2364	248
2365	243
2366	242
2367	245
2368	271
2369	238
2370	254
2371	226
2372	246
2373	242
2374	237
2375	251
2376	211
2377	228
2378	237
2379	224
2380	257
2381	268
2382	235
2383	275
2384	258
2385	250
2386	254
2387	232
2388	236
2389	270
2390	252
2391	240
2392	239
2393	259
2394	258
2395	246
2396	254
2397	251
2398	240
2399	266
2400	263
2401	261
2402	263
2403	261
2404	257
2405	274
2406	248
2407	259
2408	278
2409	266
2410	271
2411	278
2412	279
2413	274
2414	265
2415	273
2416	252
2417	251
2418	251
2419	232
2420	249
2421	254
2422	276
2423	275
2424	271
2425	278
2426	282
2427	283
2428	258
2429	260
2430	279
2431	259
2432	256
2433	258
2434	277
2435	246
2436	275
2437	265
2438	259
2439	270
2440	282
2441	300
2442	267
2443	269
2444	288
2445	298
2446	252
2447	267
2448	292
2449	275
2450	321
2451	243
2452	278
2453	254
2454	260
2455	259
2456	257
2457	271
2458	267
2459	287
2460	286
2461	259
2462	267
2463	295
2464	286
2465	301
2466	244
2467	286
2468	279
2469	322
2470	293
2471	278
2472	294
2473	258
2474	286
2475	297
2476	276
2477	296
2478	289
2479	280
2480	278
2481	274
2482	296
2483	293
2484	289
2485	282
2486	259
2487	289
2488	267
2489	291
2490	268
2491	306
2492	290
2493	297
2494	303
2495	320
2496	322
2497	294
2498	306
2499	317
2500	260
2501	293
2502	293
2503	300
2504	294
2505	315
2506	310
2507	296
2508	258
2509	321
2510	325
2511	310
2512	301
2513	272
2514	308
2515	296
2516	293
2517	289
2518	295
2519	301
2520	337
2521	321
2522	289
2523	301
2524	298
2525	301
2526	298
2527	320
2528	315
2529	301
2530	304
2531	302
2532	319
2533	300
2534	313
2535	280
2536	318
2537	340
2538	324
2539	300
2540	322
2541	320
2542	294
2543	291
2544	305
2545	305
2546	321
2547	288
2548	303
2549	306
2550	295
2551	332
2552	303
2553	295
2554	310
2555	323
2556	325
2557	308
2558	319
2559	274
2560	328
2561	302
2562	289
2563	295
2564	313
2565	287
2566	305
2567	308
2568	287
2569	288
2570	300
2571	313
2572	288
2573	269
2574	313
2575	317
2576	316
2577	332
2578	296
2579	333
2580	307
2581	314
2582	309
2583	288
2584	330
2585	306
2586	307
2587	340
2588	310
2589	285
2590	304
2591	316
2592	282
2593	305
2594	306
2595	329
2596	314
2597	340
2598	322
2599	288
2600	294
2601	308
2602	268
2603	328
2604	287
2605	314
2606	311
2607	299
2608	320
2609	316
2610	320
2611	317
2612	309
2613	284
2614	334
2615	300
2616	306
2617	263
2618	278
2619	316
2620	310
2621	316
2622	306
2623	269
2624	310
2625	320
2626	285
2627	309
2628	279
2629	285
2630	305
2631	295
2632	320
2633	261
2634	283
2635	329
2636	286
2637	291
2638	296
2639	284
2640	315
2641	286
2642	309
2643	312
2644	286
2645	292
2646	274
2647	306
2648	251
2649	305
2650	314
2651	268
2652	282
2653	282
2654	287
2655	307
2656	279
2657	285
2658	263
2659	286
2660	330
2661	288
2662	287
2663	289
2664	325
2665	266
2666	308
2667	316
2668	294
2669	283
2670	286
2671	287
2672	298
2673	295
2674	323
2675	278
2676	328
2677	285
2678	277
2679	297
2680	266
2681	276
2682	282
2683	305
2684	314
2685	255
2686	266
2687	289
2688	301
2689	281
2690	289
2691	307
2692	303
2693	280
2694	293
2695	275
2696	303
2697	259
2698	319
2699	290
2700	281
2701	292
2702	289
2703	280
2704	246
2705	275
2706	301
2707	260
2708	262
2709	269
2710	295
2711	306
2712	280
2713	304
2714	276
2715	280
2716	298
2717	281
2718	280
2719	311
2720	281
2721	287
2722	251
2723	279
2724	285
2725	292
2726	255
2727	275
2728	299
2729	307
2730	273
2731	264
2732	271
2733	286
2734	291
2735	280
2736	268
2737	288
2738	284
2739	242
2740	267
2741	264
2742	272
2743	281
2744	289
2745	251
2746	293
2747	247
2748	260
2749	275
2750	297
2751	313
2752	264
2753	269
2754	279
2755	275
2756	301
2757	260
2758	249
2759	263
2760	275
2761	261
2762	289
2763	269
2764	251
2765	285
2766	260
2767	242
2768	269
2769	268
2770	276
2771	291
2772	287
2773	269
2774	249
2775	252
2776	303
2777	321
2778	267
2779	251
2780	275
2781	250
2782	263
2783	278
2784	273
2785	268
2786	235
2787	262
2788	258
2789	258
2790	272
2791	279
2792	271
2793	288
2794	277
2795	272
2796	293
2797	268
2798	266
2799	265
2800	262
2801	252
2802	262
2803	279
2804	264
2805	254
2806	240
2807	259
2808	260
2809	281
2810	257
2811	260
2812	262
2813	263
2814	286
2815	277
2816	262
2817	275
2818	265
2819	251
2820	256
2821	250
2822	288
2823	250
2824	278
2825	262
2826	253
2827	264
2828	234
2829	251
2830	264
2831	248
2832	257
2833	257
2834	283
2835	268
2836	260
2837	256
2838	247
2839	258
2840	245
2841	266
2842	262
2843	268
2844	245
2845	255
2846	259
2847	248
2848	274
2849	258
2850	247
2851	280
2852	264
2853	242
2854	261
2855	261
2856	260
2857	261
2858	240
2859	236
2860	240
2861	236
2862	276
2863	293
2864	264
2865	250
2866	254
2867	269
2868	239
2869	247
2870	263
2871	268
2872	285
2873	252
2874	259
2875	287
2876	252
2877	265
2878	255
2879	242
2880	242
2881	270
2882	249
2883	251
2884	240
2885	239
2886	263
2887	245
2888	246
2889	242
2890	241
2891	250
2892	244
2893	255
2894	242
2895	283
2896	245
2897	269
2898	242
2899	238
2900	266
2901	239
2902	231
2903	243
2904	253
2905	286
2906	245
2907	267
2908	234
2909	282
2910	257
2911	247
2912	243
2913	238
2914	249
2915	265
2916	252
2917	239
2918	237
2919	241
2920	242
2921	250
2922	252
2923	256
2924	231
2925	250
2926	223
2927	237
2928	269
2929	244
2930	223
2931	254
2932	258
2933	239
2934	253
2935	255
2936	259
2937	220
2938	224
2939	238
2940	276
2941	247
2942	229
2943	232
2944	220
2945	250
2946	211
2947	227
2948	235
2949	241
2950	245
2951	260
2952	247
2953	248
2954	246
2955	250
2956	265
2957	260
2958	220
2959	248
2960	230
2961	255
2962	221
2963	266
2964	242
2965	225
2966	235
2967	262
2968	259
2969	250
2970	224
2971	264
2972	249
2973	251
2974	253
2975	207
2976	253
2977	225
2978	243
2979	229
2980	254
2981	257
2982	243
2983	248
2984	258
2985	263
2986	243
2987	259
2988	254
2989	238
2990	272
2991	241
2992	261
2993	241
2994	244
2995	227
2996	262
2997	232
2998	262
2999	249
3000	244
3001	228
3002	238
3003	221
3004	221
3005	245
3006	260
3007	243
3008	252
3009	247
3010	263
3011	240
3012	219
3013	234
3014	219
3015	241
3016	258
3017	254
3018	234
3019	229
3020	231
3021	234
3022	247
3023	254
3024	237
3025	275
3026	234
3027	236
3028	237
3029	272
3030	220
3031	270
3032	231
3033	249
3034	194
3035	244
3036	254
3037	241
3038	236
3039	220
3040	221
3041	244
3042	238
3043	245
3044	258
3045	245
3046	229
3047	206
3048	234
3049	242
3050	224
3051	236
3052	265
3053	246
3054	242
3055	241
3056	242
3057	252
3058	228
3059	221
3060	240
3061	251
3062	240
3063	236
3064	233
3065	237
3066	270
3067	229
3068	234
3069	247
3070	227
3071	254
3072	231
3073	225
3074	239
3075	260
3076	234
3077	227
3078	231
3079	235
3080	239
3081	217
3082	252
3083	218
3084	223
3085	232
3086	234
3087	256
3088	255
3089	239
3090	234
3091	230
3092	241
3093	240
3094	231
3095	227
3096	220
3097	256
3098	241
3099	224
3100	247
3101	227
3102	223
3103	231
3104	248
3105	230
3106	252
3107	246
3108	264
3109	245
3110	205
3111	223
3112	232
3113	224
3114	239
3115	194
3116	238
3117	219
3118	255
3119	241
3120	244
3121	207
3122	259
3123	240
3124	254
3125	223
3126	207
3127	251
3128	239
3129	251
3130	227
3131	227
3132	236
3133	269
3134	237
3135	243
3136	226
3137	237
3138	229
3139	225
3140	238
3141	261
3142	257
3143	220
3144	218
3145	235
3146	261
3147	233
3148	226
3149	229
3150	218
3151	220
3152	238
3153	249
3154	219
3155	223
3156	230
3157	217
3158	241
3159	212
3160	218
3161	225
3162	235
3163	224
3164	246
3165	210
3166	250
3167	200
3168	203
3169	214
3170	228
3171	211
3172	210
3173	251
3174	255
3175	248
3176	199
3177	230
3178	211
3179	236
3180	261
3181	240
3182	248
3183	222
3184	241
3185	221
3186	216
3187	242
3188	232
3189	225
3190	234
3191	227
3192	228
3193	218
3194	243
3195	223
3196	211
3197	219
3198	228
3199	228
3200	198
3201	221
3202	220
3203	198
3204	222
3205	233
3206	198
3207	237
3208	223
3209	247
3210	215
3211	226
3212	234
3213	213
3214	227
3215	230
3216	230
3217	267
3218	234
3219	225
3220	212
3221	215
3222	228
3223	221
3224	236
3225	228
3226	226
3227	239
3228	270
3229	217
3230	237
3231	259
3232	228
3233	223
3234	246
3235	224
3236	206
3237	228
3238	181
3239	205
3240	204
3241	186
3242	233
3243	208
3244	202
3245	215
3246	220
3247	208
3248	207
3249	225
3250	220
3251	239
3252	213
3253	199
3254	218
3255	212
3256	216
3257	186
3258	221
3259	219
3260	231
3261	205
3262	202
3263	218
3264	213
3265	219
3266	204
3267	225
3268	210
3269	227
3270	246
3271	219
3272	227
3273	210
3274	211
3275	208
3276	215
3277	198
3278	229
3279	213
3280	236
3281	203
3282	223
3283	223
3284	202
3285	231
3286	238
3287	209
3288	192
3289	223
3290	197
3291	190
3292	218
3293	234
3294	218
3295	228
3296	203
3297	221
3298	243
3299	206
3300	200
3301	218
3302	221
3303	204
3304	206
3305	217
3306	220
3307	212
3308	214
3309	219
3310	219
3311	225
3312	208
3313	204
3314	220
3315	229
3316	205
3317	196
3318	221
3319	208
3320	197
3321	192
3322	213
3323	224
3324	205
3325	235
3326	214
3327	207
3328	197
3329	218
3330	221
3331	194
3332	223
3333	182
3334	196
3335	231
3336	235
3337	223
3338	208
3339	182
3340	214
3341	199
3342	248
3343	203
3344	210
3345	200
3346	215
3347	197
3348	217
3349	240
3350	214
3351	217
3352	208
3353	196
3354	185
3355	220
3356	207
3357	189
3358	193
3359	218
3360	223
3361	219
3362	206
3363	188
3364	215
3365	214
3366	214
3367	207
3368	187
3369	209
3370	197
3371	206
3372	244
3373	206
3374	230
3375	210
3376	221
3377	212
3378	176
3379	193
3380	210
3381	217
3382	194
3383	217
3384	204
3385	201
3386	213
3387	194
3388	191
3389	214
3390	185
3391	191
3392	183
3393	215
3394	205
3395	199
3396	225
3397	213
3398	199
3399	187
3400	193
3401	191
3402	217
3403	209
3404	196
3405	208
3406	211
3407	214
3408	197
3409	174
3410	199
3411	195
3412	199
3413	192
3414	208
3415	196
3416	214
3417	173
3418	227
3419	197
3420	209
3421	231
3422	212
3423	169
3424	182
3425	195
3426	210
3427	190
3428	190
3429	200
3430	197
3431	188
3432	177
3433	171
3434	182
3435	219
3436	215
3437	192
3438	187
3439	180
3440	208
3441	211
3442	202
3443	206
3444	200
3445	189
3446	195
3447	193
3448	199
3449	180
3450	177
3451	179
3452	206
3453	170
3454	217
3455	185
3456	225
3457	184
3458	196
3459	190
3460	199
3461	199
3462	195
3463	192
3464	194
3465	191
3466	193
3467	215
3468	199
3469	201
3470	181
3471	181
3472	172
3473	207
3474	208
3475	198
3476	188
3477	194
3478	182
3479	185
3480	212
3481	194
3482	205
3483	200
3484	198
3485	180
3486	188
3487	214
3488	211
3489	203
3490	170
3491	189
3492	173
3493	183
3494	182
3495	183
3496	193
3497	219
3498	204
3499	188
3500	209
3501	219
3502	174
3503	196
3504	201
3505	189
3506	200
3507	194
3508	198
3509	176
3510	169
3511	196
3512	180
3513	215
3514	194
3515	179
3516	194
3517	192
3518	203
3519	190
3520	187
3521	182
3522	172
3523	177
3524	179
3525	193
3526	191
3527	183
3528	186
3529	197
3530	209
3531	190
3532	184
3533	192
3534	199
3535	206
3536	182
3537	187
3538	185
3539	173
3540	206
3541	195
3542	205
3543	216
3544	178
3545	184
3546	203
3547	217
3548	189
3549	159
3550	186
3551	192
3552	176
3553	182
3554	172
3555	167
3556	168
3557	194
3558	203
3559	191
3560	200
3561	172
3562	180
3563	198
3564	177
3565	181
3566	189
3567	195
3568	182
3569	212
3570	190
3571	196
3572	224
3573	187
3574	192
3575	180
3576	167
3577	205
3578	172
3579	188
3580	190
3581	173
3582	197
3583	193
3584	199
3585	185
3586	186
3587	172
3588	171
3589	170
3590	202
3591	169
3592	177
3593	179
3594	224
3595	177
3596	188
3597	175
3598	175
3599	175
3600	198
3601	191
3602	183
3603	175
3604	189
3605	196
3606	201
3607	178
3608	180
3609	206
3610	184
3611	181
3612	185
3613	187
3614	208
3615	178
3616	172
3617	172
3618	177
3619	184
3620	185
3621	195
3622	204
3623	193
3624	187
3625	184
3626	201
3627	213
3628	203
3629	179
3630	182
3631	180
3632	180
3633	164
3634	195
3635	166
3636	172
3637	186
3638	183
3639	200
3640	182
3641	193
3642	210
3643	203
3644	200
3645	176
3646	173
3647	160
3648	190
3649	185
3650	186
3651	179
3652	173
3653	184
3654	160
3655	187
3656	178
3657	215
3658	186
3659	185
3660	183
3661	160
3662	192
3663	179
3664	176
3665	161
3666	166
3667	170
3668	190
3669	162
3670	195
3671	188
3672	187
3673	185
3674	181
3675	191
3676	181
3677	174
3678	185
3679	184
3680	180
3681	181
3682	176
3683	178
3684	190
3685	188
3686	187
3687	185
3688	193
3689	214
3690	198
3691	182
3692	167
3693	178
3694	181
3695	168
3696	169
3697	178
3698	178
3699	182
3700	168
3701	168
3702	155
3703	184
3704	174
3705	195
3706	188
3707	190
3708	187
3709	190
3710	160
3711	192
3712	165
3713	176
3714	186
3715	151
3716	177
3717	192
3718	167
3719	161
3720	178
3721	167
3722	183
3723	159
3724	178
3725	192
3726	160
3727	189
3728	186
3729	178
3730	202
3731	178
3732	190
3733	156
3734	170
3735	184
3736	195
3737	172
3738	183
3739	169
3740	169
3741	176
3742	174
3743	204
3744	167
3745	157
3746	161
3747	177
3748	162
3749	169
3750	160
3751	180
3752	158
3753	173
3754	177
3755	159
3756	175
3757	157
3758	199
3759	169
3760	189
3761	203
3762	172
3763	196
3764	174
3765	195
3766	197
3767	171
3768	172
3769	168
3770	164
3771	156
3772	169
3773	171
3774	184
3775	160
3776	175
3777	169
3778	158
3779	187
3780	195
3781	180
3782	164
3783	157
3784	165
3785	167
3786	153
3787	160
3788	183
3789	165
3790	168
3791	180
3792	167
3793	156
3794	203
3795	171
3796	210
3797	164
3798	169
3799	139
3800	177
3801	166
3802	161
3803	168
3804	168
3805	158
3806	173
3807	168
3808	180
3809	158
3810	186
3811	157
3812	181
3813	167
3814	173
3815	200
3816	177
3817	191
3818	179
3819	166
3820	164
3821	166
3822	171
3823	180
3824	189
3825	175
3826	187
3827	182
3828	157
3829	176
3830	170
3831	165
3832	132
3833	159
3834	180
3835	169
3836	173
3837	146
3838	181
3839	159
3840	175
3841	154
3842	167
3843	174
3844	159
3845	166
3846	170
3847	159
3848	166
3849	145
3850	157
3851	143
3852	170
3853	165
3854	160
3855	150
3856	165
3857	179
3858	162
3859	178
3860	149
3861	155
3862	169
3863	172
3864	153
3865	165
3866	170
3867	144
3868	167
3869	166
3870	143
3871	177
3872	164
3873	181
3874	170
3875	176
3876	163
3877	157
3878	168
3879	167
3880	151
3881	157
3882	156
3883	175
3884	162
3885	142
3886	184
3887	184
3888	183
3889	155
3890	162
3891	157
3892	143
3893	159
3894	159
3895	175
3896	177
3897	172
3898	181
3899	182
3900	169
3901	175
3902	175
3903	183
3904	161
3905	171
3906	163
3907	153
3908	169
3909	186
3910	189
3911	165
3912	178
3913	213
3914	184
3915	168
3916	173
3917	186
3918	180
3919	189
3920	172
3921	185
3922	163
3923	159
3924	154
3925	185
3926	163
3927	156
3928	169
3929	179
3930	170
3931	142
3932	128
3933	177
3934	158
3935	170
3936	162
3937	172
3938	167
3939	147
3940	173
3941	166
3942	173
3943	167
3944	181
3945	171
3946	165
3947	169
3948	193
3949	183
3950	153
3951	161
3952	150
3953	166
3954	151
3955	164
3956	169
3957	177
3958	179
3959	171
3960	157
3961	187
3962	157
3963	169
3964	164
3965	179
3966	175
3967	181
3968	172
3969	199
3970	173
3971	166
3972	177
3973	152
3974	167
3975	165
3976	184
3977	164
3978	138
3979	166
3980	182
3981	161
3982	178
3983	158
3984	160
3985	177
3986	154
3987	172
3988	170
3989	189
3990	179
3991	174
3992	176
3993	152
3994	174
3995	165
3996	177
3997	161
3998	164
3999	154
4000	154
4001	159
4002	158
4003	176
4004	184
4005	163
4006	155
4007	176
4008	152
4009	157
4010	164
4011	182
4012	176
4013	184
4014	155
4015	150
4016	175
4017	140
4018	162
4019	155
4020	166
4021	177
4022	164
4023	176
4024	189
4025	150
4026	154
4027	173
4028	184
4029	148
4030	179
4031	146
4032	178
4033	160
4034	184
4035	173
4036	181
4037	165
4038	161
4039	146
4040	155
4041	170
4042	175
4043	194
4044	162
4045	165
4046	177
4047	156
4048	190
4049	185
4050	188
4051	153
4052	179
4053	146
4054	155
4055	160
4056	164
4057	176
4058	181
4059	186
4060	140
4061	162
4062	158
4063	182
4064	175
4065	166
4066	171
4067	189
4068	170
4069	161
4070	171
4071	183
4072	155
4073	157
4074	180
4075	172
4076	170
4077	171
4078	157
4079	166
4080	158
4081	167
4082	161
4083	157
4084	175
4085	154
4086	161
4087	186
4088	171
4089	174
4090	174
4091	161
4092	166
4093	151
4094	157
4095	164
4096	151
4097	161
4098	168
4099	168
4100	167
4101	161
4102	169
4103	152
4104	179
4105	179
4106	163
4107	188
4108	156
4109	159
4110	163
4111	155
4112	155
4113	186
4114	151
4115	147
4116	157
4117	179
4118	175
4119	157
4120	167
4121	196
4122	171
4123	180
4124	176
4125	154
4126	173
4127	164
4128	167
4129	151
4130	170
4131	160
4132	175
4133	182
4134	166
4135	156
4136	155
4137	162
4138	159
4139	169
4140	168
4141	142
4142	155
4143	155
4144	163
4145	149
4146	172
4147	168
4148	173
4149	158
4150	155
4151	157
4152	172
4153	170
4154	162
4155	137
4156	151
4157	162
4158	182
4159	203
4160	161
4161	180
4162	158
4163	164
4164	195
4165	159
4166	162
4167	149
4168	183
4169	168
4170	166
4171	173
4172	158
4173	158
4174	173
4175	171
4176	168
4177	180
4178	151
4179	173
4180	171
4181	177
4182	136
4183	165
4184	165
4185	164
4186	169
4187	163
4188	163
4189	171
4190	184
4191	155
4192	183
4193	168
4194	183
4195	178
4196	152
4197	145
4198	169
4199	185
4200	168
4201	200
4202	177
4203	174
4204	151
4205	149
4206	190
4207	154
4208	178
4209	165
4210	158
4211	178
4212	163
4213	180
4214	149
4215	166
4216	162
4217	169
4218	187
4219	168
4220	171
4221	174
4222	172
4223	164
4224	158
4225	164
4226	144
4227	184
4228	164
4229	181
4230	180
4231	179
4232	171
4233	160
4234	167
4235	143
4236	194
4237	167
4238	170
4239	168
4240	152
4241	157
4242	176
4243	146
4244	177
4245	159
4246	154
4247	205
4248	182
4249	177
4250	155
4251	143
4252	175
4253	163
4254	182
4255	163
4256	164
4257	162
4258	169
4259	167
4260	155
4261	164
4262	176
4263	180
4264	170
4265	150
4266	172
4267	173
4268	174
4269	180
4270	161
4271	161
4272	160
4273	177
4274	159
4275	169
4276	168
4277	153
4278	152
4279	173
4280	192
4281	165
4282	163
4283	172
4284	172
4285	171
4286	163
4287	188
4288	154
4289	166
4290	176
4291	164
4292	140
4293	167
4294	158
4295	168
4296	171
4297	177
4298	155
4299	157
4300	176
4301	157
4302	157
4303	163
4304	186
4305	190
4306	175
4307	186
4308	150
4309	181
4310	156
4311	163
4312	157
4313	189
4314	181
4315	168
4316	156
4317	187
4318	143
4319	176
4320	137
4321	173
4322	157
4323	149
4324	161
4325	177
4326	156
4327	147
4328	149
4329	167
4330	145
4331	161
4332	173
4333	173
4334	147
4335	175
4336	160
4337	185
4338	168
4339	148
4340	165
4341	173
4342	153
4343	152
4344	185
4345	150
4346	171
4347	169
4348	153
4349	160
4350	152
4351	183
4352	182
4353	185
4354	162
4355	164
4356	166
4357	170
4358	160
4359	148
4360	165
4361	166
4362	169
4363	175
4364	182
4365	145
4366	150
4367	176
4368	164
4369	157
4370	171
4371	170
4372	171
4373	163
4374	155
4375	142
4376	196
4377	153
4378	156
4379	162
4380	142
4381	188
4382	153
4383	156
4384	164
4385	151
4386	172
4387	157
4388	179
4389	179
4390	171
4391	174
4392	163
4393	149
4394	186
4395	164
4396	153
4397	170
4398	164
4399	136
4400	165
4401	138
4402	171
4403	172
4404	154
4405	154
4406	187
4407	175
4408	144
4409	163
4410	148
4411	161
4412	147
4413	150
4414	166
4415	163
4416	153
4417	170
4418	145
4419	146
4420	133
4421	163
4422	164
4423	156
4424	162
4425	177
4426	156
4427	148
4428	169
4429	184
4430	171
4431	157
4432	162
4433	169
4434	154
4435	155
4436	170
4437	161
4438	152
4439	175
4440	151
4441	166
4442	196
4443	151
4444	164
4445	151
4446	146
4447	154
4448	144
4449	170
4450	157
4451	163
4452	153
4453	143
4454	157
4455	149
4456	171
4457	149
4458	173
4459	154
4460	139
4461	163
4462	165
4463	175
4464	132
4465	148
4466	173
4467	136
4468	178
4469	139
4470	135
4471	145
4472	167
4473	162
4474	158
4475	179
4476	160
4477	148
4478	161
4479	165
4480	162
4481	167
4482	151
4483	162
4484	161
4485	150
4486	146
4487	161
4488	171
4489	142
4490	160
4491	162
4492	143
4493	161
4494	164
4495	141
4496	130
4497	144
4498	153
4499	142
4500	146
4501	140
4502	151
4503	152
4504	150
4505	154
4506	146
4507	163
4508	153
4509	118
4510	168
4511	162
4512	145
4513	164
4514	161
4515	145
4516	162
4517	150
4518	166
4519	143
4520	138
4521	143
4522	133
4523	143
4524	166
4525	138
4526	133
4527	142
4528	118
4529	173
4530	149
4531	144
4532	160
4533	170
4534	152
4535	138
4536	122
4537	138
4538	140
4539	156
4540	154
4541	136
4542	141
4543	144
4544	132
4545	136
4546	130
4547	160
4548	153
4549	140
4550	135
4551	142
4552	125
4553	155
4554	149
4555	134
4556	136
4557	142
4558	161
4559	161
4560	165
4561	134
4562	155
4563	133
4564	139
4565	146
4566	150
4567	149
4568	140
4569	155
4570	135
4571	147
4572	110
4573	120
4574	144
4575	119
4576	139
4577	124
4578	125
4579	134
4580	148
4581	133
4582	164
4583	142
4584	122
4585	141
4586	146
4587	135
4588	145
4589	131
4590	130
4591	139
4592	146
4593	137
4594	144
4595	140
4596	122
4597	129
4598	133
4599	149
4600	145
4601	144
4602	139
4603	129
4604	129
4605	125
4606	136
4607	116
4608	139
4609	141
4610	143
4611	125
4612	125
4613	137
4614	125
4615	120
4616	143
4617	148
4618	122
4619	122
4620	130
4621	111
4622	124
4623	122
4624	143
4625	133
4626	114
4627	127
4628	123
4629	140
4630	140
4631	111
4632	118
4633	121
4634	114
4635	133
4636	116
4637	143
4638	120
4639	120
4640	106
4641	130
4642	113
4643	123
4644	123
4645	138
4646	124
4647	131
4648	127
4649	126
4650	123
4651	110
4652	118
4653	111
4654	118
4655	126
4656	106
4657	118
4658	120
4659	134
4660	122
4661	122
4662	99
4663	132
4664	116
4665	109
4666	97
4667	125
4668	131
4669	119
4670	118
4671	126
4672	119
4673	103
4674	97
4675	109
4676	117
4677	114
4678	121
4679	123
4680	103
4681	122
4682	111
4683	119
4684	122
4685	99
4686	92
4687	119
4688	115
4689	117
4690	117
4691	126
4692	118
4693	113
4694	121
4695	117
4696	105
4697	103
4698	121
4699	116
4700	120
4701	104
4702	102
4703	117
4704	149
4705	115
4706	106
4707	121
4708	100
4709	108
4710	130
4711	97
4712	97
4713	102
4714	109
4715	135
4716	91
4717	118
4718	122
4719	97
4720	111
4721	109
4722	99
4723	100
4724	124
4725	93
4726	102
4727	99
4728	96
4729	91
4730	121
4731	105
4732	112
4733	107
4734	112
4735	90
4736	123
4737	116
4738	89
4739	97
4740	115
4741	91
4742	117
4743	95
4744	109
4745	108
4746	106
4747	114
4748	91
4749	105
4750	111
4751	90
4752	112
4753	97
4754	103
4755	110
4756	94
4757	105
4758	98
4759	95
4760	94
4761	78
4762	101
4763	107
4764	99
4765	120
4766	103
4767	117
4768	108
4769	96
4770	82
4771	109
4772	89
4773	110
4774	93
4775	100
4776	116
4777	104
4778	85
4779	104
4780	100
4781	107
4782	106
4783	94
4784	110
4785	97
4786	97
4787	99
4788	94
4789	70
4790	126
4791	83
4792	97
4793	94
4794	113
4795	100
4796	105
4797	80
4798	107
4799	69
4800	89
4801	88
4802	84
4803	107
4804	98
4805	81
4806	98
4807	92
4808	95
4809	100
4810	108
4811	75
4812	95
4813	91
4814	90
4815	95
4816	88
4817	84
4818	102
4819	89
4820	108
4821	82
4822	98
4823	90
4824	90
4825	88
4826	89
4827	91
4828	101
4829	85
4830	94
4831	103
4832	97
4833	92
4834	104
4835	107
4836	91
4837	92
4838	86
4839	74
4840	85
4841	101
4842	84
4843	92
4844	71
4845	118
4846	104
4847	107
4848	87
4849	89
4850	75
4851	79
4852	102
4853	86
4854	85
4855	82
4856	105
4857	84
4858	82
4859	90
4860	70
4861	79
4862	89
4863	88
4864	79
4865	83
4866	91
4867	79
4868	95
4869	84
4870	86
4871	77
4872	74
4873	80
4874	93
4875	97
4876	82
4877	88
4878	79
4879	78
4880	87
4881	76
4882	64
4883	71
4884	81
4885	79
4886	85
4887	77
4888	94
4889	75
4890	89
4891	89
4892	83
4893	97
4894	105
4895	86
4896	74
4897	107
4898	84
4899	77
4900	94
4901	73
4902	94
4903	85
4904	83
4905	83
4906	81
4907	67
4908	88
4909	87
4910	72
4911	79
4912	91
4913	87
4914	80
4915	79
4916	81
4917	81
4918	64
4919	76
4920	64
4921	89
4922	76
4923	90
4924	100
4925	90
4926	73
4927	80
4928	66
4929	69
4930	90
4931	93
4932	89
4933	77
4934	104
4935	86
4936	72
4937	73
4938	96
4939	77
4940	77
4941	68
4942	86
4943	79
4944	84
4945	83
4946	74
4947	93
4948	83
4949	78
4950	73
4951	91
4952	83
4953	77
4954	80
4955	87
4956	72
4957	87
4958	87
4959	82
4960	68
4961	92
4962	66
4963	79
4964	82
4965	80
4966	76
4967	78
4968	97
4969	70
4970	68
4971	70
4972	67
4973	79
4974	82
4975	82
4976	75
4977	79
4978	60
4979	84
4980	80
4981	72
4982	87
4983	83
4984	90
4985	84
4986	79
4987	89
4988	66
4989	76
4990	75
4991	75
4992	74
4993	81
4994	68
4995	76
4996	75
4997	79
4998	81
4999	82
5000	96
5001	72
5002	58
5003	76
5004	79
5005	89
5006	95
5007	82
5008	70
5009	73
5010	64
5011	83
5012	83
5013	86
5014	82
5015	81
5016	68
5017	75
5018	80
5019	76
5020	81
5021	63
5022	75
5023	62
5024	62
5025	69
5026	82
5027	64
5028	62
5029	69
5030	84
5031	69
5032	64
5033	67
5034	85
5035	75
5036	79
5037	71
5038	69
5039	66
5040	78
5041	74
5042	59
5043	77
5044	74
5045	73
5046	75
5047	55
5048	71
5049	77
5050	86
5051	75
5052	55
5053	74
5054	94
5055	82
5056	73
5057	75
5058	58
5059	69
5060	66
5061	78
5062	69
5063	65
5064	65
5065	74
5066	66
5067	69
5068	74
5069	73
5070	80
5071	83
5072	81
5073	77
5074	81
5075	69
5076	76
5077	73
5078	58
5079	72
5080	74
5081	74
5082	68
5083	74
5084	75
5085	70
5086	69
5087	78
5088	85
5089	81
5090	68
5091	70
5092	65
5093	68
5094	70
5095	67
5096	71
5097	66
5098	71
5099	70
5100	56
5101	51
5102	66
5103	74
5104	71
5105	49
5106	61
5107	70
5108	65
5109	73
5110	64
5111	71
5112	70
5113	73
5114	78
5115	75
5116	60
5117	57
5118	66
5119	77
5120	75
5121	69
5122	87
5123	82
5124	75
5125	72
5126	62
5127	62
5128	86
5129	59
5130	71
5131	63
5132	65
5133	67
5134	71
5135	67
5136	59
5137	62
5138	57
5139	61
5140	68
5141	65
5142	65
5143	88
5144	67
5145	64
5146	56
5147	66
5148	65
5149	75
5150	67
5151	76
5152	77
5153	93
5154	71
5155	69
5156	75
5157	56
5158	75
5159	70
5160	91
5161	59
5162	89
5163	55
5164	72
5165	69
5166	77
5167	67
5168	73
5169	68
5170	63
5171	67
5172	65
5173	72
5174	80
5175	72
5176	60
5177	65
5178	78
5179	79
5180	59
5181	71
5182	65
5183	75
5184	77
5185	72
5186	56
5187	70
5188	59
5189	75
5190	73
5191	78
5192	75
5193	69
5194	55
5195	66
5196	72
5197	59
5198	73
5199	60
5200	62
5201	68
5202	73
5203	69
5204	65
5205	78
5206	65
5207	72
5208	70
5209	71
5210	52
5211	73
5212	65
5213	66
5214	54
5215	69
5216	66
5217	65
5218	65
5219	59
5220	67
5221	67
5222	69
5223	69
5224	56
5225	61
5226	69
5227	64
5228	65
5229	50
5230	69
5231	65
5232	67
5233	75
5234	52
5235	56
5236	77
5237	65
5238	63
5239	65
5240	55
5241	62
5242	48
5243	50
5244	56
5245	69
5246	73
5247	59
5248	55
5249	60
5250	55
5251	86
5252	85
5253	62
5254	56
5255	64
5256	60
5257	78
5258	71
5259	64
5260	56
5261	58
5262	68
5263	81
5264	55
5265	57
5266	64
5267	55
5268	61
5269	59
5270	65
5271	65
5272	72
5273	69
5274	62
5275	64
5276	52
5277	60
5278	66
5279	69
5280	79
5281	67
5282	51
5283	62
5284	66
5285	76
5286	72
5287	75
5288	61
5289	68
5290	62
5291	73
5292	58
5293	61
5294	87
5295	65
5296	62
5297	59
5298	63
5299	67
5300	62
5301	67
5302	63
5303	60
5304	49
5305	67
5306	66
5307	61
5308	61
5309	64
5310	61
5311	42
5312	52
5313	58
5314	68
5315	67
5316	61
5317	61
5318	56
5319	49
5320	64
5321	65
5322	64
5323	50
5324	72
5325	62
5326	71
5327	70
5328	59
5329	53
5330	73
5331	66
5332	70
5333	61
5334	58
5335	66
5336	54
5337	61
5338	53
5339	54
5340	51
5341	61
5342	57
5343	57
5344	59
5345	63
5346	64
5347	60
5348	55
5349	64
5350	60
5351	62
5352	56
5353	74
5354	60
5355	64
5356	54
5357	67
5358	54
5359	62
5360	49
5361	54
5362	59
5363	81
5364	60
5365	63
5366	73
5367	64
5368	64
5369	54
5370	66
5371	52
5372	70
5373	71
5374	53
5375	61
5376	58
5377	49
5378	58
5379	56
5380	62
5381	53
5382	51
5383	58
5384	50
5385	62
5386	50
5387	62
5388	64
5389	63
5390	70
5391	64
5392	53
5393	60
5394	41
5395	64
5396	56
5397	50
5398	52
5399	73
5400	54
5401	62
5402	68
5403	48
5404	47
5405	65
5406	41
5407	64
5408	66
5409	42
5410	53
5411	65
5412	65
5413	55
5414	59
5415	73
5416	57
5417	66
5418	47
5419	55
5420	66
5421	55
5422	63
5423	51
5424	74
5425	57
5426	45
5427	73
5428	76
5429	56
5430	68
5431	58
5432	39
5433	47
5434	53
5435	51
5436	65
5437	72
5438	62
5439	54
5440	52
5441	68
5442	56
5443	70
5444	72
5445	71
5446	62
5447	69
5448	75
5449	64
5450	63
5451	58
5452	58
5453	77
5454	54
5455	73
5456	70
5457	56
5458	63
5459	50
5460	64
5461	60
5462	70
5463	54
5464	63
5465	52
5466	60
5467	71
5468	63
5469	56
5470	60
5471	55
5472	55
5473	52
5474	57
5475	55
5476	63
5477	59
5478	58
5479	55
5480	60
5481	71
5482	52
5483	51
5484	59
5485	72
5486	64
5487	43
5488	60
5489	73
5490	49
5491	59
5492	51
5493	58
5494	62
5495	42
5496	65
5497	66
5498	49
5499	67
5500	45
5501	54
5502	54
5503	68
5504	45
5505	61
5506	39
5507	78
5508	60
5509	64
5510	47
5511	57
5512	47
5513	69
5514	56
5515	59
5516	67
5517	57
5518	52
5519	63
5520	64
5521	63
5522	70
5523	60
5524	45
5525	55
5526	47
5527	66
5528	57
5529	57
5530	51
5531	59
5532	69
5533	67
5534	53
5535	58
5536	64
5537	49
5538	60
5539	63
5540	55
5541	50
5542	62
5543	41
5544	51
5545	56
5546	58
5547	62
5548	49
5549	54
5550	62
5551	62
5552	61
5553	56
5554	57
5555	66
5556	52
5557	41
5558	68
5559	72
5560	51
5561	53
5562	49
5563	50
5564	40
5565	54
5566	53
5567	60
5568	59
5569	54
5570	54
5571	48
5572	84
5573	58
5574	54
5575	67
5576	59
5577	65
5578	49
5579	53
5580	53
5581	57
5582	65
5583	40
5584	61
5585	66
5586	47
5587	55
5588	58
5589	55
5590	58
5591	48
5592	50
5593	57
5594	61
5595	54
5596	73
5597	70
5598	56
5599	45
5600	49
5601	56
5602	58
5603	52
5604	51
5605	59
5606	57
5607	51
5608	41
5609	54
5610	50
5611	52
5612	60
5613	68
5614	53
5615	45
5616	53
5617	69
5618	63
5619	46
5620	59
5621	48
5622	55
5623	54
5624	54
5625	54
5626	53
5627	54
5628	54
5629	57
5630	58
5631	66
5632	46
5633	63
5634	60
5635	61
5636	47
5637	56
5638	70
5639	51
5640	40
5641	48
5642	52
5643	40
5644	48
5645	54
5646	56
5647	46
5648	56
5649	47
5650	58
5651	54
5652	54
5653	52
5654	59
5655	55
5656	56
5657	39
5658	54
5659	52
5660	70
5661	55
5662	59
5663	60
5664	45
5665	60
5666	47
5667	37
5668	75
5669	48
5670	48
5671	61
5672	47
5673	60
5674	56
5675	66
5676	49
5677	34
5678	51
5679	69
5680	50
5681	58
5682	61
5683	56
5684	69
5685	57
5686	53
5687	58
5688	53
5689	54
5690	70
5691	59
5692	55
5693	48
5694	50
5695	54
5696	47
5697	53
5698	59
5699	44
5700	49
5701	56
5702	67
5703	56
5704	68
5705	51
5706	62
5707	49
5708	52
5709	54
5710	44
5711	54
5712	54
5713	39
5714	56
5715	45
5716	61
5717	53
5718	50
5719	42
5720	49
5721	63
5722	56
5723	45
5724	56
5725	64
5726	57
5727	59
5728	59
5729	60
5730	45
5731	57
5732	61
5733	47
5734	47
5735	56
5736	60
5737	68
5738	60
5739	49
5740	53
5741	62
5742	57
5743	57
5744	50
5745	52
5746	59
5747	44
5748	61
5749	49
5750	50
5751	62
5752	53
5753	44
5754	47
5755	49
5756	49
5757	59
5758	51
5759	55
5760	41
5761	66
5762	65
5763	64
5764	59
5765	52
5766	48
5767	50
5768	51
5769	53
5770	49
5771	50
5772	47
5773	56
5774	47
5775	62
5776	57
5777	54
5778	49
5779	55
5780	60
5781	54
5782	65
5783	52
5784	72
5785	62
5786	52
5787	51
5788	57
5789	54
5790	44
5791	60
5792	58
5793	52
5794	61
5795	52
5796	71
5797	54
5798	54
5799	53
5800	52
5801	50
5802	48
5803	64
5804	53
5805	46
5806	49
5807	59
5808	55
5809	54
5810	60
5811	57
5812	43
5813	57
5814	58
5815	41
5816	63
5817	61
5818	58
5819	73
5820	52
5821	42
5822	57
5823	52
5824	65
5825	49
5826	71
5827	49
5828	62
5829	51
5830	41
5831	59
5832	43
5833	49
5834	50
5835	63
5836	56
5837	52
5838	51
5839	53
5840	59
5841	38
5842	48
5843	57
5844	53
5845	53
5846	55
5847	48
5848	58
5849	43
5850	52
5851	75
5852	56
5853	47
5854	57
5855	47
5856	41
5857	50
5858	50
5859	56
5860	58
5861	63
5862	54
5863	50
5864	59
5865	48
5866	65
5867	57
5868	56
5869	60
5870	45
5871	48
5872	54
5873	52
5874	47
5875	55
5876	59
5877	50
5878	55
5879	52
5880	46
5881	60
5882	42
5883	54
5884	48
5885	57
5886	63
5887	69
5888	53
5889	58
5890	66
5891	63
5892	55
5893	48
5894	59
5895	58
5896	56
5897	67
5898	64
5899	41
5900	55
5901	47
5902	52
5903	51
5904	57
5905	59
5906	52
5907	55
5908	49
5909	41
5910	44
5911	72
5912	50
5913	56
5914	48
5915	58
5916	56
5917	47
5918	47
5919	68
5920	41
5921	44
5922	48
5923	44
5924	48
5925	59
5926	53
5927	56
5928	60
5929	51
5930	55
5931	61
5932	47
5933	48
5934	56
5935	58
5936	62
5937	56
5938	66
5939	51
5940	38
5941	47
5942	42
5943	63
5944	64
5945	57
5946	55
5947	37
5948	43
5949	47
5950	63
5951	57
5952	55
5953	45
5954	47
5955	49
5956	42
5957	61
5958	48
5959	63
5960	55
5961	55
5962	51
5963	44
5964	50
5965	50
5966	56
5967	53
5968	46
5969	46
5970	50
5971	55
5972	58
5973	58
5974	45
5975	40
5976	58
5977	64
5978	54
5979	51
5980	55
5981	55
5982	41
5983	48
5984	59
5985	64
5986	54
5987	40
5988	50
5989	54
5990	63
5991	44
5992	41
5993	59
5994	61
5995	47
5996	53
5997	49
5998	41
5999	46
6000	42
6001	53
6002	51
6003	47
6004	51
6005	49
6006	51
6007	55
6008	51
6009	60
6010	52
6011	37
6012	56
6013	57
6014	59
6015	46
6016	65
6017	62
6018	42
6019	47
6020	59
6021	57
6022	56
6023	53
6024	49
6025	52
6026	58
6027	45
6028	35
6029	44
6030	53
6031	47
6032	39
6033	53
6034	46
6035	53
6036	53
6037	55
6038	48
6039	35
6040	55
6041	51
6042	57
6043	61
6044	53
6045	54
6046	53
6047	63
6048	53
6049	53
6050	53
6051	58
6052	54
6053	63
6054	72
6055	52
6056	57
6057	51
6058	59
6059	49
6060	46
6061	63
6062	45
6063	53
6064	55
6065	48
6066	53
6067	60
6068	44
6069	39
6070	58
6071	53
6072	54
6073	57
6074	51
6075	61
6076	57
6077	54
6078	54
6079	53
6080	67
6081	52
6082	52
6083	46
6084	41
6085	51
6086	55
6087	45
6088	66
6089	42
6090	46
6091	70
6092	52
6093	48
6094	49
6095	51
6096	54
6097	53
6098	64
6099	40
6100	41
6101	44
6102	40
6103	51
6104	38
6105	58
6106	61
6107	41
6108	52
6109	47
6110	42
6111	46
6112	45
6113	51
6114	49
6115	55
6116	54
6117	63
6118	53
6119	61
6120	55
6121	42
6122	49
6123	60
6124	48
6125	65
6126	55
6127	45
6128	55
6129	59
6130	57
6131	53
6132	50
6133	59
6134	56
6135	47
6136	46
6137	40
6138	40
6139	52
6140	52
6141	42
6142	44
6143	62
6144	46
6145	67
6146	62
6147	47
6148	46
6149	59
6150	65
6151	52
6152	66
6153	47
6154	55
6155	46
6156	47
6157	53
6158	59
6159	46
6160	39
6161	36
6162	46
6163	51
6164	45
6165	46
6166	44
6167	68
6168	53
6169	48
6170	49
6171	55
6172	55
6173	46
6174	35
6175	63
6176	43
6177	40
6178	51
6179	49
6180	56
6181	49
6182	37
6183	55
6184	49
6185	41
6186	48
6187	55
6188	50
6189	47
6190	52
6191	47
6192	49
6193	49
6194	49
6195	52
6196	44
6197	49
6198	60
6199	58
6200	45
6201	44
6202	47
6203	41
6204	43
6205	48
6206	42
6207	35
6208	56
6209	52
6210	48
6211	50
6212	54
6213	43
6214	49
6215	43
6216	52
6217	60
6218	52
6219	42
6220	50
6221	40
6222	57
6223	51
6224	46
6225	50
6226	51
6227	46
6228	61
6229	38
6230	51
6231	39
6232	53
6233	41
6234	34
6235	52
6236	48
6237	61
6238	52
6239	53
6240	41
6241	48
6242	54
6243	53
6244	41
6245	42
6246	51
6247	54
6248	54
6249	48
6250	52
6251	54
6252	60
6253	60
6254	68
6255	56
6256	50
6257	52
6258	51
6259	50
6260	62
6261	58
6262	65
6263	59
6264	51
6265	63
6266	39
6267	33
6268	63
6269	63
6270	54
6271	58
6272	43
6273	57
6274	55
6275	50
6276	43
6277	61
6278	59
6279	43
6280	52
6281	58
6282	46
6283	56
6284	45
6285	58
6286	44
6287	40
6288	54
6289	50
6290	54
6291	66
6292	54
6293	54
6294	53
6295	53
6296	43
6297	38
6298	69
6299	52
6300	45
6301	53
6302	52
6303	51
6304	62
6305	55
6306	57
6307	53
6308	50
6309	51
6310	52
6311	57
6312	45
6313	49
6314	53
6315	53
6316	62
6317	52
6318	48
6319	39
6320	34
6321	50
6322	60
6323	65
6324	42
6325	45
6326	45
6327	46
6328	50
6329	44
6330	57
6331	60
6332	48
6333	48
6334	52
6335	49
6336	55
6337	47
6338	42
6339	65
6340	61
6341	64
6342	45
6343	53
6344	53
6345	49
6346	41
6347	56
6348	52
6349	49
6350	41
6351	56
6352	43
6353	42
6354	59
6355	52
6356	49
6357	42
6358	52
6359	43
6360	55
6361	43
6362	69
6363	54
6364	47
6365	48
6366	48
6367	49
6368	69
6369	51
6370	50
6371	44
6372	62
6373	57
6374	46
6375	42
6376	67
6377	56
6378	54
6379	42
6380	56
6381	59
6382	53
6383	56
6384	58
6385	59
6386	64
6387	58
6388	51
6389	57
6390	40
6391	37
6392	49
6393	54
6394	62
6395	50
6396	56
6397	53
6398	69
6399	45
6400	43
6401	49
6402	56
6403	42
6404	57
6405	50
6406	66
6407	55
6408	61
6409	52
6410	68
6411	55
6412	53
6413	56
6414	48
6415	62
6416	43
6417	46
6418	56
6419	55
6420	47
6421	48
6422	60
6423	47
6424	65
6425	49
6426	56
6427	51
6428	51
6429	69
6430	58
6431	51
6432	47
6433	48
6434	61
6435	44
6436	50
6437	44
6438	61
6439	62
6440	58
6441	50
6442	62
6443	50
6444	48
6445	56
6446	57
6447	63
6448	61
6449	54
6450	46
6451	56
6452	58
6453	51
6454	69
6455	46
6456	61
6457	56
6458	58
6459	49
6460	68
6461	56
6462	47
6463	53
6464	62
6465	58
6466	57
6467	59
6468	68
6469	60
6470	63
6471	59
6472	60
6473	65
6474	52
6475	63
6476	59
6477	61
6478	63
6479	73
6480	70
6481	69
6482	66
6483	67
6484	67
6485	67
6486	63
6487	57
6488	59
6489	52
6490	58
6491	69
6492	54
6493	59
6494	53
6495	63
6496	65
6497	51
6498	69
6499	67
6500	62
6501	61
6502	76
6503	62
6504	63
6505	67
6506	61
6507	70
6508	84
6509	71
6510	70
6511	68
6512	62
6513	65
6514	77
6515	67
6516	74
6517	78
6518	66
6519	62
6520	74
6521	66
6522	66
6523	77
6524	60
6525	87
6526	74
6527	66
6528	75
6529	74
6530	56
6531	65
6532	58
6533	65
6534	65
6535	59
6536	83
6537	76
6538	81
6539	83
6540	76
6541	73
6542	77
6543	65
6544	85
6545	69
6546	82
6547	88
6548	77
6549	94
6550	97
6551	67
6552	81
6553	68
6554	87
6555	76
6556	83
6557	89
6558	88
6559	99
6560	79
6561	70
6562	84
6563	77
6564	71
6565	88
6566	97
6567	84
6568	92
6569	73
6570	82
6571	89
6572	80
6573	82
6574	91
6575	101
6576	96
6577	91
6578	98
6579	77
6580	77
6581	83
6582	73
6583	81
6584	75
6585	96
6586	97
6587	103
6588	68
6589	88
6590	105
6591	91
6592	88
6593	110
6594	90
6595	94
6596	92
6597	102
6598	85
6599	99
6600	114
6601	95
6602	99
6603	96
6604	117
6605	105
6606	113
6607	102
6608	72
6609	109
6610	110
6611	135
6612	119
6613	111
6614	95
6615	120
6616	115
6617	110
6618	122
6619	111
6620	108
6621	118
6622	84
6623	114
6624	123
6625	121
6626	120
6627	109
6628	110
6629	115
6630	112
6631	121
6632	130
6633	129
6634	139
6635	125
6636	128
6637	147
6638	126
6639	138
6640	141
6641	128
6642	126
6643	117
6644	149
6645	148
6646	148
6647	140
6648	132
6649	133
6650	131
6651	123
6652	136
6653	144
6654	125
6655	142
6656	125
6657	160
6658	160
6659	160
6660	144
6661	149
6662	142
6663	145
6664	147
6665	162
6666	155
6667	155
6668	156
6669	159
6670	148
6671	177
6672	181
6673	135
6674	158
6675	170
6676	146
6677	171
6678	157
6679	170
6680	179
6681	165
6682	174
6683	152
6684	166
6685	183
6686	190
6687	185
6688	167
6689	192
6690	178
6691	192
6692	169
6693	183
6694	197
6695	172
6696	218
6697	180
6698	197
6699	193
6700	181
6701	201
6702	175
6703	181
6704	182
6705	190
6706	205
6707	197
6708	224
6709	182
6710	207
6711	200
6712	191
6713	217
6714	197
6715	186
6716	209
6717	218
6718	222
6719	224
6720	204
6721	252
6722	241
6723	236
6724	227
6725	226
6726	214
6727	222
6728	208
6729	216
6730	197
6731	233
6732	224
6733	227
6734	229
6735	224
6736	244
6737	213
6738	243
6739	279
6740	259
6741	270
6742	244
6743	273
6744	231
6745	254
6746	233
6747	217
6748	262
6749	267
6750	269
6751	253
6752	279
6753	253
6754	281
6755	261
6756	282
6757	284
6758	286
6759	275
6760	259
6761	274
6762	272
6763	265
6764	308
6765	285
6766	302
6767	281
6768	267
6769	304
6770	280
6771	288
6772	319
6773	281
6774	301
6775	316
6776	318
6777	306
6778	292
6779	292
6780	329
6781	318
6782	270
6783	285
6784	294
6785	330
6786	335
6787	315
6788	348
6789	359
6790	319
6791	334
6792	334
6793	340
6794	355
6795	309
6796	357
6797	316
6798	401
6799	366
6800	331
6801	386
6802	397
6803	368
6804	356
6805	342
6806	387
6807	380
6808	370
6809	365
6810	344
6811	395
6812	370
6813	379
6814	364
6815	412
6816	387
6817	385
6818	379
6819	436
6820	370
6821	400
6822	402
6823	410
6824	423
6825	422
6826	396
6827	432
6828	410
6829	414
6830	438
6831	416
6832	438
6833	464
6834	447
6835	415
6836	425
6837	389
6838	411
6839	433
6840	430
6841	420
6842	453
6843	456
6844	471
6845	466
6846	458
6847	431
6848	474
6849	456
6850	459
6851	476
6852	498
6853	433
6854	515
6855	462
6856	435
6857	468
6858	496
6859	470
6860	499
6861	532
6862	476
6863	501
6864	480
6865	469
6866	518
6867	525
6868	499
6869	507
6870	480
6871	514
6872	511
6873	579
6874	545
6875	549
6876	528
6877	544
6878	564
6879	542
6880	560
6881	528
6882	488
6883	523
6884	573
6885	541
6886	551
6887	578
6888	551
6889	541
6890	595
6891	577
6892	527
6893	583
6894	534
6895	628
6896	583
6897	558
6898	540
6899	580
6900	590
6901	596
6902	599
6903	594
6904	608
6905	583
6906	586
6907	631
6908	611
6909	639
6910	671
6911	588
6912	590
6913	617
6914	592
6915	587
6916	635
6917	631
6918	610
6919	677
6920	618
6921	663
6922	608
6923	635
6924	622
6925	650
6926	631
6927	647
6928	712
6929	681
6930	677
6931	700
6932	707
6933	666
6934	665
6935	662
6936	705
6937	651
6938	664
6939	674
6940	703
6941	672
6942	708
6943	662
6944	691
6945	667
6946	758
6947	711
6948	716
6949	711
6950	728
6951	768
6952	713
6953	717
6954	696
6955	767
6956	718
6957	740
6958	719
6959	728
6960	715
6961	749
6962	718
6963	758
6964	753
6965	805
6966	733
6967	775
6968	758
6969	738
6970	797
6971	738
6972	800
6973	759
6974	781
6975	788
6976	736
6977	800
6978	820
6979	793
6980	826
6981	784
6982	766
6983	831
6984	705
6985	840
6986	755
6987	814
6988	822
6989	796
6990	780
6991	799
6992	780
6993	769
6994	792
6995	821
6996	804
6997	842
6998	885
6999	837
7000	836
7001	832
7002	889
7003	867
7004	883
7005	836
7006	892
7007	836
7008	890
7009	852
7010	872
7011	912
7012	857
7013	861
7014	902
7015	890
7016	912
7017	884
7018	887
7019	854
7020	841
7021	888
7022	866
7023	926
7024	923
7025	963
7026	910
7027	852
7028	883
7029	921
7030	876
7031	931
7032	880
7033	916
7034	932
7035	959
7036	849
7037	906
7038	923
7039	875
7040	918
7041	901
7042	920
7043	964
7044	907
7045	950
7046	935
7047	959
7048	931
7049	947
7050	997
7051	934
7052	918
7053	904
7054	956
7055	911
7056	940
7057	961
7058	925
7059	957
7060	959
7061	950
7062	980
7063	906
7064	944
7065	957
7066	969
7067	977
7068	951
7069	943
7070	976
7071	948
7072	1016
7073	1018
7074	1049
7075	964
7076	969
7077	995
7078	960
7079	950
7080	994
7081	955
7082	945
7083	1007
7084	1021
7085	969
7086	973
7087	973
7088	980
7089	989
7090	1031
7091	951
7092	1019
7093	978
7094	1026
7095	1035
7096	1064
7097	1006
7098	1037
7099	1011
7100	1001
7101	981
7102	1019
7103	1040
7104	962
7105	969
7106	978
7107	1034
7108	1039
7109	1061
7110	968
7111	1018
7112	968
7113	1053
7114	983
7115	1068
7116	1002
7117	1018
7118	1030
7119	1020
7120	989
7121	1020
7122	1060
7123	1023
7124	1016
7125	995
7126	1008
7127	1040
7128	1049
7129	1031
7130	978
7131	969
7132	1029
7133	1073
7134	987
7135	1064
7136	1059
7137	1028
7138	1049
7139	1019
7140	1007
7141	990
7142	1042
7143	1033
7144	1007
7145	950
7146	1013
7147	1028
7148	1033
7149	1020
7150	1085
7151	1026
7152	1024
7153	1026
7154	1014
7155	1017
7156	979
7157	992
7158	1030
7159	1028
7160	1058
7161	1008
7162	1006
7163	1025
7164	1010
7165	1071
7166	1021
7167	992
7168	1068
7169	1020
7170	1003
7171	1002
7172	994
7173	958
7174	1020
7175	954
7176	999
7177	1015
7178	991
7179	1062
7180	1028
7181	1022
7182	1039
7183	1035
7184	1075
7185	1007
7186	1007
7187	1074
7188	1007
7189	984
7190	979
7191	1007
7192	1087
7193	979
7194	966
7195	1035
7196	982
7197	984
7198	1016
7199	1029
7200	1002
7201	960
7202	1014
7203	1003
7204	1042
7205	1077
7206	957
7207	1011
7208	1038
7209	1015
7210	956
7211	1034
7212	997
7213	1029
7214	1009
7215	1020
7216	1010
7217	986
7218	1011
7219	960
7220	958
7221	992
7222	986
7223	902
7224	970
7225	997
7226	940
7227	1007
7228	973
7229	965
7230	973
7231	987
7232	941
7233	937
7234	957
7235	981
7236	971
7237	968
7238	948
7239	961
7240	912
7241	953
7242	930
7243	948
7244	916
7245	938
7246	912
7247	952
7248	997
7249	883
7250	915
7251	963
7252	924
7253	917
7254	936
7255	905
7256	956
7257	968
7258	923
7259	936
7260	938
7261	862
7262	934
7263	901
7264	877
7265	915
7266	850
7267	975
7268	931
7269	937
7270	917
7271	931
7272	905
7273	879
7274	854
7275	858
7276	837
7277	912
7278	878
7279	908
7280	918
7281	858
7282	903
7283	949
7284	860
7285	853
7286	841
7287	864
7288	911
7289	837
7290	803
7291	831
7292	833
7293	823
7294	844
7295	799
7296	879
7297	873
7298	816
7299	811
7300	849
7301	836
7302	846
7303	823
7304	870
7305	786
7306	813
7307	840
7308	839
7309	751
7310	826
7311	788
7312	773
7313	789
7314	847
7315	833
7316	846
7317	765
7318	776
7319	755
7320	805
7321	777
7322	772
7323	772
7324	765
7325	790
7326	790
7327	759
7328	758
7329	793
7330	738
7331	794
7332	775
7333	775
7334	696
7335	690
7336	777
7337	769
7338	759
7339	750
7340	721
7341	732
7342	744
7343	695
7344	724
7345	718
7346	718
7347	699
7348	739
7349	730
7350	736
7351	727
7352	734
7353	708
7354	722
7355	720
7356	686
7357	702
7358	663
7359	731
7360	709
7361	698
7362	716
7363	697
7364	685
7365	661
7366	624
7367	663
7368	701
7369	659
7370	686
7371	642
7372	637
7373	683
7374	674
7375	672
7376	663
7377	657
7378	612
7379	663
7380	673
7381	616
7382	662
7383	677
7384	667
7385	613
7386	618
7387	681
7388	642
7389	636
7390	611
7391	609
7392	679
7393	611
7394	606
7395	628
7396	581
7397	606
7398	584
7399	565
7400	562
7401	589
7402	565
7403	564
7404	569
7405	600
7406	584
7407	543
7408	574
7409	559
7410	588
7411	597
7412	568
7413	590
7414	541
7415	513
7416	552
7417	560
7418	542
7419	563
7420	509
7421	536
7422	511
7423	521
7424	503
7425	564
7426	532
7427	495
7428	491
7429	545
7430	534
7431	498
7432	502
7433	550
7434	503
7435	517
7436	518
7437	492
7438	471
7439	492
7440	456
7441	482
7442	493
7443	510
7444	493
7445	459
7446	444
7447	454
7448	448
7449	499
7450	479
7451	469
7452	472
7453	469
7454	454
7455	425
7456	446
7457	428
7458	458
7459	425
7460	470
7461	429
7462	408
7463	451
7464	407
7465	461
7466	450
7467	441
7468	409
7469	436
7470	392
7471	402
7472	418
7473	395
7474	397
7475	403
7476	397
7477	419
7478	389
7479	387
7480	398
7481	423
7482	367
7483	399
7484	355
7485	404
7486	380
7487	393
7488	351
7489	410
7490	378
7491	371
7492	338
7493	371
7494	366
7495	370
7496	368
7497	334
7498	367
7499	328
7500	339
7501	346
7502	324
7503	341
7504	336
7505	368
7506	353
7507	355
7508	336
7509	337
7510	347
7511	336
7512	330
7513	310
7514	337
7515	313
7516	318
7517	345
7518	266
7519	323
7520	297
7521	292
7522	347
7523	294
7524	291
7525	306
7526	348
7527	289
7528	295
7529	296
7530	306
7531	319
7532	272
7533	278
7534	310
7535	272
7536	262
7537	271
7538	285
7539	302
7540	290
7541	275
7542	247
7543	266
7544	245
7545	287
7546	281
7547	275
7548	280
7549	268
7550	243
7551	252
7552	248
7553	270
7554	272
7555	241
7556	252
7557	283
7558	241
7559	252
7560	236
7561	256
7562	271
7563	221
7564	232
7565	232
7566	229
7567	220
7568	239
7569	226
7570	263
7571	221
7572	221
7573	216
7574	215
7575	219
7576	217
7577	233
7578	216
7579	221
7580	224
7581	204
7582	235
7583	213
7584	242
7585	206
7586	219
7587	187
7588	187
7589	185
7590	212
7591	207
7592	187
7593	189
7594	188
7595	207
7596	211
7597	212
7598	187
7599	179
7600	179
7601	186
7602	185
7603	159
7604	169
7605	175
7606	186
7607	205
7608	159
7609	193
7610	183
7611	176
7612	178
7613	170
7614	161
7615	166
7616	150
7617	176
7618	178
7619	175
7620	157
7621	158
7622	147
7623	170
7624	146
7625	133
7626	160
7627	165
7628	162
7629	157
7630	155
7631	151
7632	131
7633	142
7634	139
7635	125
7636	152
7637	163
7638	151
7639	144
7640	164
7641	154
7642	156
7643	147
7644	139
7645	135
7646	124
7647	147
7648	135
7649	132
7650	131
7651	135
7652	141
7653	135
7654	124
7655	155
7656	121
7657	144
7658	130
7659	131
7660	130
7661	137
7662	123
7663	132
7664	113
7665	121
7666	119
7667	116
7668	134
7669	111
7670	113
7671	113
7672	108
7673	99
7674	118
7675	123
7676	100
7677	114
7678	113
7679	112
7680	112
7681	104
7682	112
7683	117
7684	107
7685	121
7686	109
7687	97
7688	97
7689	121
7690	98
7691	112
7692	119
7693	97
7694	80
7695	100
7696	109
7697	94
7698	112
7699	94
7700	83
7701	103
7702	94
7703	98
7704	96
7705	91
7706	104
7707	86
7708	93
7709	92
7710	85
7711	79
7712	88
7713	87
7714	91
7715	95
7716	85
7717	98
7718	90
7719	77
7720	90
7721	110
7722	94
7723	81
7724	78
7725	83
7726	102
7727	77
7728	85
7729	77
7730	88
7731	72
7732	105
7733	70
7734	73
7735	76
7736	73
7737	62
7738	77
7739	68
7740	52
7741	80
7742	75
7743	65
7744	84
7745	63
7746	69
7747	81
7748	75
7749	77
7750	66
7751	84
7752	68
7753	62
7754	74
7755	81
7756	64
7757	81
7758	75
7759	67
7760	65
7761	90
7762	64
7763	87
7764	90
7765	58
7766	76
7767	79
7768	60
7769	59
7770	67
7771	85
7772	63
7773	66
7774	86
7775	67
7776	75
7777	68
7778	53
7779	64
7780	70
7781	57
7782	59
7783	71
7784	54
7785	64
7786	72
7787	49
7788	61
7789	62
7790	80
7791	49
7792	66
7793	45
7794	50
7795	63
7796	59
7797	57
7798	57
7799	51
7800	59
7801	60
7802	48
7803	70
7804	63
7805	50
7806	43
7807	67
7808	64
7809	50
7810	61
7811	61
7812	62
7813	61
7814	48
7815	48
7816	47
7817	52
7818	59
7819	53
7820	56
7821	53
7822	50
7823	72
7824	59
7825	56
7826	50
7827	60
7828	53
7829	57
7830	58
7831	65
7832	53
7833	54
7834	44
7835	55
7836	55
7837	43
7838	56
7839	63
7840	57
7841	66
7842	53
7843	65
7844	47
7845	38
7846	44
7847	56
7848	40
7849	50
7850	58
7851	55
7852	30
7853	58
7854	48
7855	44
7856	38
7857	46
7858	51
7859	48
7860	59
7861	53
7862	38
7863	55
7864	51
7865	54
7866	41
7867	35
7868	47
7869	58
7870	62
7871	42
7872	54
7873	46
7874	57
7875	57
7876	55
7877	44
7878	46
7879	35
7880	40
7881	52
7882	50
7883	38
7884	57
7885	36
7886	42
7887	41
7888	35
7889	52
7890	49
7891	42
7892	46
7893	42
7894	55
7895	48
7896	45
7897	54
7898	44
7899	56
7900	35
7901	62
7902	45
7903	52
7904	29
7905	38
7906	37
7907	50
7908	46
7909	59
7910	54
7911	45
7912	44
7913	45
7914	43
7915	43
7916	37
7917	50
7918	55
7919	58
7920	39
7921	35
7922	51
7923	49
7924	36
7925	47
7926	45
7927	44
7928	61
7929	39
7930	52
7931	47
7932	33
7933	48
7934	39
7935	39
7936	42
7937	45
7938	42
7939	43
7940	42
7941	50
7942	57
7943	53
7944	50
7945	45
7946	27
7947	45
7948	37
7949	32
7950	47
7951	40
7952	38
7953	38
7954	51
7955	45
7956	46
7957	46
7958	43
7959	51
7960	44
7961	56
7962	40
7963	38
7964	37
7965	40
7966	35
7967	31
7968	43
7969	31
7970	44
7971	50
7972	43
7973	49
7974	45
7975	46
7976	42
7977	45
7978	43
7979	43
7980	35
7981	44
7982	38
7983	47
7984	44
7985	44
7986	40
7987	46
7988	42
7989	45
7990	42
7991	43
7992	38
7993	38
7994	44
7995	43
7996	41
7997	38
7998	45
7999	51
8000	45
8001	39
8002	35
8003	34
8004	39
8005	37
8006	43
8007	33
8008	44
8009	38
8010	52
8011	37
8012	40
8013	39
8014	52
8015	39
8016	52
8017	40
8018	28
8019	44
8020	32
8021	37
8022	37
8023	45
8024	44
8025	43
8026	42
8027	50
8028	50
8029	38
8030	35
8031	44
8032	39
8033	41
8034	45
8035	48
8036	44
8037	37
8038	49
8039	37
8040	41
8041	42
8042	28
8043	44
8044	34
8045	33
8046	45
8047	44
8048	30
8049	40
8050	34
8051	40
8052	38
8053	42
8054	26
8055	43
8056	29
8057	36
8058	47
8059	35
8060	39
8061	32
8062	43
8063	35
8064	40
8065	43
8066	35
8067	42
8068	32
8069	37
8070	37
8071	34
8072	46
8073	45
8074	40
8075	45
8076	37
8077	51
8078	31
8079	38
8080	54
8081	38
8082	39
8083	36
8084	46
8085	44
8086	38
8087	29
8088	40
8089	49
8090	43
8091	38
8092	42
8093	37
8094	43
8095	40
8096	34
8097	40
8098	41
8099	30
8100	33
8101	34
8102	34
8103	41
8104	35
8105	48
8106	39
8107	23
8108	41
8109	35
8110	44
8111	44
8112	40
8113	42
8114	38
8115	38
8116	31
8117	32
8118	17
8119	17
8120	8
8121	23
8122	15
8123	17
8124	12
8125	8
8126	9
8127	8
8128	7
8129	4
8130	5
8131	6
8132	5
8133	10
8134	4
8135	4
8136	2
8137	6
8138	0
8139	1
8140	3
8141	3
8142	3
8143	1
8144	1
8145	0
8146	1
8147	1
8148	5
8149	1
8150	1
8151	1
8152	0
8153	4
8154	2
8155	1
8156	1
8157	2
8158	1
8159	1
8160	1
8161	0
8162	2
8163	2
8164	0
8165	0
8166	0
8167	0
8168	1
8169	1
8170	0
8171	0
8172	0
8173	0
8174	1
8175	0
8176	1
8177	0
8178	0
8179	0
8180	1
8181	0
8182	0
8183	0
8184	0
8185	0
8186	0
8187	0
8188	0
8189	0
8190	0
8191	0
